freq, avg, max, min
122, 0.000000, 0, 0
123, 0.000000, 0, 0
124, 0.000000, 0, 0
125, 0.000000, 0, 0
126, 0.000000, 0, 0
127, 0.000000, 0, 0
128, 0.000000, 0, 0
129, 0.000000, 0, 0
130, 0.000000, 0, 0
131, 0.000000, 0, 0
132, -319911995015521245356621824.000000, 0, -319911995015521245356621824
133, -319911995015521245356621824.000000, 0, -319911995015521245356621824
134, -2380072707366301187702784.000000, 75557863725914323419136, -4835703278458516698824704
135, -2820826912434134919938048.000000, 1208925819614629174706176, -4835703278458516698824704
136, 795958805993081137952456704.000000, 5091995552216818083862413312, -319911995015521245356621824
137, 952732715552468052217954304.000000, 5091995552216818083862413312, -319911995015521245356621824
138, -5365371901554675544125553072144384.000000, 19287000644964651175929446400, -80480601307289828242222693102911488
139, -20769275234830524562321758394253312.000000, 16464530742525018037551104, -332306998946228968225951765070086144
140, -9230788736077046559586252977340416.000000, 19287000644964651175929446400, -332306998946228968225951765070086144
141, -6858158298148665060158002186682368.000000, 1298074214633706907132624082305024, -332306998946228968225951765070086144
142, -9182721812113206220326670285406208.000000, 1298074214633706907132624082305024, -332306998946228968225951765070086144
143, -5909183784860135911151321669959680.000000, 1298074214633706907132624082305024, -332306998946228968225951765070086144
144, -4693050861814737143476638835539968.000000, 1298074292004954462552496684400640, -332306998946228968225951765070086144
145, -2986550886245070215870339199533056.000000, 1348319687054772671563479130308608, -332306998946228968225951627631132672
146, 1245489214732051630901112443240448.000000, 1394509784214048629020182754143240192, -332306998946228968225951765070086144
147, -231371669945988070145199713223180288.000000, 1394509784214048633631868772570628096, -74353691014218731640554455634618089472
148, -28903606925239447573240730294943744.000000, 1329227996945487020917092502820880384, -11465261403079637394187332876742164480
149, -366488464974586220661300544787185664.000000, 1394509784214048633631869322326441984, -85070591730234615865844214807895474176
150, -23627749762326691524808946973933568.000000, 1329227996922459581354999395347595264, -11465261403079637394187332876742164480
151, -503214624913230987649441023104385024.000000, 1394509784214048628443722551595630592, -85070591730234615865843581489197875200
152, -104900812260731562633718333293199360.000000, 87209818035950964848793712748109234176, -85070591730234615875066742419820118016
153, -164303313976051666259259464328675328.000000, 5005374171627573817762497396872314880, -74353691014222496473443132414659395584
154, -305858663435416861277521898838687744.000000, 5005374112206451927452558183282769920, -74353691014223661717363773300361134080
155, -441659292847249797800685589938307072.000000, 85070591726674461557085396977877778432, -85070591730215273052166902884654383104
156, 111031153833839545656902915943563264.000000, 87209818035950964844170767728457547776, -85071098795424521697014848705036288000
157, -475024234429678552537888976411820032.000000, 120974738139916794840328756862232035328, -85070856593711437191203677706594418688
158, -844014954280483508686632387122036736.000000, 120980516823576354993978737546361307136, -112652072619862478898379158432696827904
159, -759852865302171691925486994546753536.000000, 87957508783850850232563595641926451136, -85070596945606488099051472127665897984
160, -568547130265237291291844442522124288.000000, 120974738145889518887403710547163611136, -85070596945606487896110268419557294592
161, -638687467547252029080806918778257408.000000, 116972064581130703519140477974366650368, -90387422583739790365678191355086503936
162, -749313371544062093664837210644414464.000000, 116972063309029074472472804369501257216, -110936170730056522569833463493787844608
163, -371403784062714067345002319166046208.000000, 340282366922790394291463149869630210176, -131640373353573460021899271691632197632
164, -228727679506042252624800031031951360.000000, 121956668613542557477307251527924580480, -85070591115865563181070550396124663680
165, -449783175419052632180207433264660480.000000, 340282366922790430589044300929669447680, -171376868994308428611576554361129730048
166, -737567350726310499259215825990582272.000000, 340282448048719708973547796736883474432, -172777692883146878001375188283700609024
167, -834687629534866726728575568545054720.000000, 121957966687120980868156682138102136960, -85075621280814505583458929722603601920
168, -1058547195081461913158571046012452864.000000, 121956663542304256351895192806038913152, -90741174442758010819162990854177619968
169, -2228257985937431296452762221496238080.000000, 123851877274711352957821139937975042560, -103142406220467571095504989541083250688
170, -2536604377803118261281135025994072064.000000, 340281721375402542225586299188040941824, -232620022967794561049486039685116477440
171, -1658816757881005526008948579903733760.000000, 340282366710455262799213730564387766400, -232620031138672015765347756797272817664
172, 871810439318601038641743126356557824.000000, 401675846410941283170697220191789076480, -170530554048002981664846312086506246336
173, 255070057606080239479276409368608768.000000, 340282363862599024234950020000710772608, -298608954776686706209458214725132845056
174, 1580953211390210612778343441497063424.000000, 393700478744543452521078128668696659456, -170244977700436148865916370962802923712
175, 340115110405835311151758702408630272.000000, 340282442994897281221038557640201455488, -179435190037534287885827661947759394816
176, 137179783406527382330266128379543552.000000, 390160045640742860136237049414755385344, -175615381422362572419659821717542663680
177, 1821163238922535761579100339838124032.000000, 354389323629610792371964132690656887808, -245907153581199003358176534521362953216
178, 1012867763129415211997434088337178624.000000, 340284378819262443205003269220645885504, -276093105919053241187649490201925730496
179, -165980069362062134263879952848912384.000000, 339768174653449105118404770397714967616, -276434953910549403750020096835361193168
180, 116579198313240901998384282538606592.000000, 342365103168134624691257015673587828736, -276442946125240957300873966864322645904
181, -160929302094243480515292613056659456.000000, 341679042220825281824107576112048329760, -276453085542805018208272359061537568928
182, 1576736986503075776709666515024084992.000000, 417865663093308235406350242076636084160, -279101887105060754536092248883346818832
183, 1711821556076044463315779915903664128.000000, 341149249652464046454171507592390567872, -278875252893621003560243571260309187392
184, 1941400207997017285844781520866246656.000000, 416021618265506650311921612792999559552, -280632351722465871443487620851553908352
185, 2810209708982895346752737132157075456.000000, 339950044664491342670170052169995949824, -276568689921847749966740757172643086752
186, 923115803725374850281130956460916736.000000, 342770010988107409829498843381592361024, -278759597644631678516813084825183095616
187, -1439924139980050921172031315891978240.000000, 416032770609103129356795008642967112512, -352795391206551626646469174007159817072
188, 2534815671846345269936444038323372032.000000, 380402647593165638608497694398810767296, -278026462031024286393898375092521562944
189, 1011628708242208406661609238407675904.000000, 435581252886358804810321126971955397648, -344255143448203797710882496833389324448
190, 13034997049612411803155019736285184.000000, 337920025695412285512093623594462266368, -392845696341202294103636175352974916416
191, 2503432215075824363266068096051314688.000000, 342699399721488950003274193975529166400, -342258830815881462246863969860597468240
192, 3971543270371408232506493590711566336.000000, 436370279063560854081270450268880560336, -279903335445272692046567721757667354944
193, 6126891827827520540058198376152301568.000000, 345742340128485808458691311980580219072, -340603424887903572678948665643164667264
194, 5432974593910802998102151806186422272.000000, 346433062019534059156093308037030196416, -354812708742900631762731869458952214912
195, 8516478566718989282497484475135426560.000000, 341050432139433783396443160311611920896, -192662179836085492095414692405502684608
196, 5938165173372090310163310999156817920.000000, 377517297806468492751063353234079152960, -279790912151746663952708076122622553424
197, 5963982993104809065538908913307484160.000000, 459178267287409405856477468041445664192, -405839211602373374148423063829295680304
198, 2976975388604016898152543012033396736.000000, 414234704896601119244826879947192393280, -405841182424076829632340090099595625488
199, 2706272343405424258497912835737124864.000000, 342240514631237684972569637272232142656, -397774499842950558524378988096691023072
200, 1473063563827576457010539146233511936.000000, 357570567992573632638295989553370418496, -506488139652660358239124693405698198848
201, 6662129082305580393737339104386875392.000000, 424328414273666624377320768159290912592, -406819862893994672978482025029621854464
202, 5508073815684908607289367749902467072.000000, 423649425288237654456527075616725779072, -418254997158060803722295924360727760768
203, 5852254454503935261806939520551092224.000000, 380677836321176897438397987338013572256, -524058995097868184650463568263439455104
204, -2497621285389837156194002134909321216.000000, 383559334590919805318915221298579101120, -501196418570689885280462793189652688080
205, 6114855371811929301015103399763378176.000000, 441411996740343406806214558171218323008, -522288544416156133831007069202766530432
206, 4654352121562374335060336231478984704.000000, 368366733440601812215104710751358894400, -497349697965802125085730449904341963984
207, 4086937053371241557592921375992971264.000000, 409367431160831527482190945374619873856, -330868706126286805795937777787922992000
208, 4353346073753183200986885601720532992.000000, 391801051364367017621190933564518080144, -324256805228580466515499761451726928704
209, 5168583104259994698982919824081944576.000000, 419188048157220896291796743625747323520, -476719944042462932120168828806250180672
210, 3708890110318199331364301541249908736.000000, 424111580482816773039639599277807393712, -524058872706148062713297551051518463872
211, 6008378420260984642049395627997003776.000000, 411204287552627473150019103389311600832, -498574759381552720073245647683447770032
212, 10745112841095835391609557956234838016.000000, 401067260439855785721738451582959788416, -524424804297278681623868129767754338176
213, 11906421790314004045031185007777939456.000000, 393878464257350854691117810600527407408, -524040042565650524064786705963446806400
214, 13094191991774249764414530066894028800.000000, 422156517567350862445086516537660707200, -484753336971400756202793740836621644944
215, 13207564836308007017653848651876794368.000000, 455429722635379613516501226155136431056, -442346314611761870137781981997113651968
216, 14599877911875213157032038093687881728.000000, 424262210128824943874368738051239781952, -511770089446059952194317865675880830408
217, 19026867733633946925949696749116325888.000000, 455581655474583399209616965284168403088, -560167207509808424044779643957816526800
218, 12569229520080395020591787023582363648.000000, 447687212776152264829201641230783808048, -391159062528298116276178929013773152796
219, 18465094112775006739133171109625593856.000000, 431611936961709975024485874859337509632, -558276435077887246459249590930563102608
220, 17097906671106287600143537059007561728.000000, 415036838188263697074981958459371222268, -483711367934112162285591907153189066480
221, 20398508681167917221395732333233963008.000000, 408888580532703630296809844200508691952, -476174224301284784798579274161845911280
222, 19809299971863654437575214301498572800.000000, 404911316406950509918914532763981525656, -531233613932964436135936249122285208920
223, 13433845076136527948005741792231161856.000000, 529699100598867757569232936283470060752, -522536438248081476487570532922883414072
228, 6311414050978987794716170032450109440.000000, 526265929579107534863665571850731324480, -539039225619474106369426876560801540968
233, 1755722132888443613630427546112753664.000000, 440634311180649155432020735766175107172, -510988192671213913565126999683722583336
238, 24691794234520245118583623448606539776.000000, 485769270449072512849358951532774309224, -500705353339565149973849558648671998360
243, 19551821256652184540148842811487158272.000000, 553013316025534497943337645976136494240, -552271495244980716848704804837796824040
248, -19615861493232930608959671116517867520.000000, 557320158928569889489718034007051188688, -583354225374722615164902925514979054976
253, -45367172556561421023797950661649235968.000000, 432760643520717572656663888872640630648, -515396674627760822050715676387827883720
258, -45769753189510632158248280045540868096.000000, 519899158486491008458312252281717363016, -595285617673039793011237134577564517804
263, -49597388647328221637736441170205081600.000000, 593698728388996849309722191070216763060, -617865404061229523550291618217977745566
268, -70578608383022848292141983014676594688.000000, 573165977175210644330715953364651870168, -648798443647909657004739285150171352482
273, -47486300056528839833339580944564092928.000000, 436590994861652564603529165395447955602, -497471850020028951442108579377657618732
278, -21666927533017750467485432643980361728.000000, 610596969276445013756747522892765281684, -535287953444360543744371870425770470342
283, -4998334840262855507725777117565157376.000000, 486664348771852472843391668819533335059, -480361706921030189326629818403002426772
288, -27846255209820030599541394579363201024.000000, 497682835446805696111583492958307310651, -586857542959924367203983181938024919124
293, -547206499185293735353118516737736704.000000, 580988992021639746237977949743630455084, -568768639330991851772119737693447743552
298, -12446232365970107759232973276159410176.000000, 544125010284469465967024470590576684752, -575257813852537444521582109077406586500
303, 33030779800865358188893260894389141504.000000, 550091232246211997759719868808504723876, -524651070354028493506464840189010241038
308, 63336574873146519452132533077058519040.000000, 596497944173805980780374683704092537595, -512367775939039291380140712487067521196
313, 40986867394526798405898918528580321280.000000, 553472064007636778576886946267163481063, -446867705017830576843556614593468288198
318, 40592025630528657722550814653506650112.000000, 594883995347337659171449496659926204879, -489527699909828698582927293912342804792
323, 40287027229380983353311845528293605376.000000, 596578397703603645935192523421422076285, -453543599019012593836968625294353154041
334, 19750713556198126075746971914902437888.000000, 472593022250063670532402321042334579644, -531842349405617669783039257668362248814
345, -8372054961811765964887120418141372416.000000, 467512150778699268364827829339036121868, -543332747260809154650535472106337153338
355, -30179672749237688137882838697936683008.000000, 541153288417998982668542291347470330709, -608121163867625039753938372121876847494
365, -25995968862696600990429596965484363776.000000, 683410656838856566225944318396491035959, -719452480224716662346188731258627813647
375, 11945350902094781462269619388119252992.000000, 619705303849249290596099294521673605204, -659843665631914797821451437658478008760
385, -44976887019205408052183396152781045760.000000, 868024747243061080841771081139577434505, -1171032994803927319815230304391708729063
395, -98827827604149336508487788020616921088.000000, 689441077544353761627259668443866709096, -1368885278572727831174706342864986724371
405, -55546622398311308060617100394904944640.000000, 661398556148204390058004151405724317641, -1406772125091143246996991600238097854887
415, -78635808932170001086908542187741380608.000000, 639661358552843302302452760121755913815, -1387125463870171436592221426401964593657
425, 16149004973125665865885281647081816064.000000, 740909557023799391887487627478012053081, -1453168729363330637308033840174272909784
450, 152707483426657616408315141217557938176.000000, 1259098377327158945923609603870217905837, -1718855451000439228299498566975803702493
475, 174445437636895966055043486275348725760.000000, 1344355231822805791927263355191620143841, -1450558923739574984682068361803494180121
500, -220166284921442149160066098289004511232.000000, 1150613758009556849274489396558002237470, -1314391361786355374439869262085037873585
525, 388895924056774696687298513489958535168.000000, 1333499898055789665942917946913690408242, -817459047631134813454089049131663002085
550, 109077423944223872210586762256595288064.000000, 1392935328228654545003506171491085673501, -979040432693111371158569720718709977027
575, 59028924473063063143943635691525636096.000000, 1464628944625093070791577674309841219059, -1406353062746645767506782129892941308551
600, 0.000000, 0, 0
122, 0.000000, 0, 0
123, 0.000000, 0, 0
124, 0.000000, 0, 0
125, 0.000000, 0, 0
126, 0.000000, 0, 0
127, 0.000000, 0, 0
128, 0.000000, 0, 0
129, 0.000000, 0, 0
130, 0.000000, 0, 0
131, 0.000000, 0, 0
132, 0.000000, 0, 0
133, 8270044303125466180485120.000000, 16464530742525018037551104, 0
134, -2380072707366301187702784.000000, 75557863725914323419136, -4835703278458516698824704
135, -2380072707366301187702784.000000, 75557863725914323419136, -4835703278458516698824704
136, 795958805993081137952456704.000000, 5091995552216818083862413312, -319911995015521245356621824
137, -211067744074019760827793408.000000, 528905046081400263933952, -1237940039285380274899124224
138, -27692249915357700351896479099518976.000000, 5006889063462541337821184, -332306998946228968225951765070086144
139, -4471143249016103015628521825370112.000000, 19287000644964651175929446400, -80480601307289828242222693102911488
140, -12859046976767129807658628797169664.000000, 1298074214633706907132624082305024, -332306998946228968225951765070086144
141, -6367936825670288535132846910603264.000000, 19807040628566084398385987584, -332306998946228968225951765070086144
142, -9182704364771888055877882970374144.000000, 1298074214633706907132624082305024, -332306998946228968225952039947993088
143, -6602295660680902908310403739025408.000000, 1298074214633706907132624082305024, -332306998946228968225951765070086144
144, -5359618737594789506018719752519680.000000, 1298074292004959074238515111788544, -332306998946228968225951765070086144
145, -3190961154304332283554682726514688.000000, 5275951894629576485987079547781120, -319929658485600536349737954972794880
146, -1474745434988868007710147676733440.000000, 1329227995789522541407846399186305024, -332306998946228968225951765070086144
147, -232800626979979545144745278086053888.000000, 1394509784214048629020182754143240192, -74353691014218731640554455634618089472
148, -188912281895391784458924178265866240.000000, 1394509784214048624408496735715852288, -74353691014218769419774548967931510784
149, -29220941866175285764044647458406400.000000, 1329227996945487020917092502820880384, -11465261403079637394187332876742164480
150, -25224078232051118944436417164476416.000000, 1329227996945487020917092502820880384, -11465261403079637394187332876742164480
151, -25912696407111980953731332264951808.000000, 1329227996922459581354999395347595264, -11465261403079637394475563252893876224
152, -310604730101577869106128113299881984.000000, 87209818035950964848793712748100845568, -85070591730234615865843933332918763520
153, -161709978222869736650507383769923584.000000, 5005374171627573831597555452158672896, -74353691014222496473443132414659395584
154, -615214234228083248497463761171382272.000000, 87209818035951569311703520062688198656, -85070591730234615872796928207625388032
155, 114299808814758633424164128236240896.000000, 85070591726674568986311196243879002112, -74353691014223963948818676957654810624
156, -743625438206441955467727407341895680.000000, 120974738139994168477037269948193308672, -85070591730234766967772074428325691392
157, -491824615533522255666966325090058240.000000, 120974738138678854801043658062329544704, -85136793515254830509083279929880084480
158, -557388350156914502597693844916011008.000000, 120980516823576336694880638836168720384, -112652072643871745675917812543013519360
159, -593127490918830564035424719648849920.000000, 87957508783541346333286452193786593216, -85070774276875199438185521381346902016
160, -523611575885831612417945701722357760.000000, 120980516823438216887853080019369984000, -112652072620230242789759544720888266752
161, -725335160900684861606427668672151552.000000, 116972064581130703425150633645573144576, -85070419330915936573684146165635284992
162, -126577320637820627411134739665387520.000000, 120980516782900497412913370702020214784, -131640282043250276063753809697905688576
163, -183711437372239798997465118816600064.000000, 121956668613525042528634267225667928128, -83741323169692348836908532821577959424
164, -469470911875937867653257232291725312.000000, 121956668613274124008248752644248043648, -90553657293058168683179248387594518528
165, 195713072892889201219270823576076288.000000, 402033993441147035896636493800608284672, -171375130312386761450696073504455065600
166, -822217683628497350841893999398092800.000000, 402033993444865539848608899290477019136, -172777692895504312005289306263725867008
167, -134528859441025563855277639528873984.000000, 340282448050594752796941123958921674752, -172373830575733442687862963094460235776
168, -767182985830484297059887313512824832.000000, 340282448050595929392013691005934166016, -170119236891549327585389690470017335296
169, -1981565684739713760490284849689526272.000000, 121956662225021512904794551706762952832, -172170083385503119040872157872977345024
170, -1779386423946519082753967950701527040.000000, 340281721375509672938954510252664144128, -142769979082248466142748403516992950272
171, -1103725142212521807722696803755229184.000000, 340739635396427377706562185116588507136, -170359330913853950773917752714209726656
172, -2381841849862365873204787940434116608.000000, 340282363857989888266154944938352705664, -172697664420709619570609077059997121280
173, 770572297372169341957841341045014528.000000, 401675854161905048076241061997959407104, -170530554047495088273068007903503112320
174, 483574119818923643197295967508365312.000000, 404062290073958348465748329729747764224, -245943348553687189420621687990746701312
175, 275848100654479452582867619310206976.000000, 340282445014672762077333684749055674240, -298577796949299621412457428280537022464
176, 659751983319028553609465191603372032.000000, 340282443471766765595812303270846075840, -180764060182827202386965611493366640640
177, 2521557128241282764775496071128285184.000000, 394315237022286108029478156384795574272, -245865655681118944981597663029600405504
178, 974046676005926484962715888525508608.000000, 424055296196110522341858208311476568064, -245864886140887817322667035602201032192
179, 1076853203099845584076082123663998976.000000, 340896359375433211647006232165865969664, -245885470164111384282195403855386264576
180, 3500408010236911783455432973253345280.000000, 341908437110855777419721311255262464000, -276441121207073092809592683027893783312
181, -466251844339908389529422370109915136.000000, 341498838438961154536396720004689827840, -276453365429413131538863837256991195296
182, 2890586785701374022573561256836333568.000000, 422651754022821173170307648481881978112, -277877718109240700407193705318188788544
183, 508048970483679765342927169012105216.000000, 341064065198159443339478131742620780544, -278493685636579876544782474775845997376
184, -1245278524994410428593896138060333056.000000, 416012178737357279900729976559885127168, -320403233329844936322572334278249703872
185, -738107382218049857549541112694177792.000000, 416011598173224289676914121859143726464, -338355391760597569512388175098544319744
186, 843517848258623433661607323977646080.000000, 339903364856105760052695199047756789504, -278032923954942308095067927245450349376
187, -1083661687975883676355250536511963136.000000, 416043031085801055167422001860844871808, -338416116223753885131414011870289135616
188, 505276443858115685556260851188498432.000000, 416134331537479242374406320457391852352, -352804820114101626220132033346453537712
189, 2459432857072053645312103317183135744.000000, 448822640388943911137852563372995037904, -338889546868739627833046033092760430816
190, -494076859891569276234731708984852480.000000, 342641684196968883974529612715586148352, -364094766787718095910649326678619613408
191, 5045136302044986011322245928699559936.000000, 436190905968257160908289276329254888144, -362555191368574803103513045537628786752
192, 5569571360715699662748513193387098112.000000, 352838277289136013104100663998909614592, -342707224060606860376710011932261382464
193, 2224750679332585215133600648764850176.000000, 334873328594378229832209829064129572992, -362554882728351757531214838777684687424
194, 4329547821024723989987718657206124544.000000, 424769849198878228688259163519133013584, -300699602279877420447946187693486920832
195, 7144742860210321273479978329500024832.000000, 378858945421941412395051798519373288832, -290659433986561246562528559959983647408
196, 4118238989564868636201075726467727360.000000, 371966547058383584490393539571721978768, -350823434523753727093682986388667500912
197, 6441237006479352739076953499188068352.000000, 424936655750281138286616038163130631248, -329561855066280863029048665952520982048
198, 4761533560862107056843408906079174656.000000, 423692459329406387969217690282032873024, -358875486811732400242836909852038201072
199, 1504054126083408743438027889624219648.000000, 339061410189410264160782589714532813104, -398152522798591772586805260915584707264
200, 8182606206546053594315237933413564416.000000, 392581078722836508903349392797407770160, -339799991121603797919254785861784578752
201, 1238178141647895962837859494843645952.000000, 373021758961768205130971634655353579840, -511265022850802776976712889970080200896
202, 529105384438379330048002263565205504.000000, 373105484867313487385768368723602860224, -510375061264322141167591476499192518976
203, 6710855675562093721327209612853641216.000000, 445313828606089550910828820908335727232, -431410285968571137210504991029733359488
204, -159181891527175824408754970481917952.000000, 383450906912718738568826004043189409344, -501163896083218818321412801378894671184
205, 3109068421342080152008650087431405568.000000, 361261146961328361294496243760663492720, -507889381604015076179606330293813774208
206, 9319684346571737439933454608706306048.000000, 343993032822528427344664946092757094640, -423580864144884063860619790120136082304
207, 6524390746756599564580539142842089472.000000, 342148708848808272221881498352326645776, -545201939010267030120754095164627764096
208, 3096921933368603904230704221119315968.000000, 394088794782219062067087881533871436224, -524425380319427680903710646309147940048
209, 2657070650679493914188578081292156928.000000, 423173231885768932010529227367198286384, -524061306615708115962171810871144911744
210, 7418312154664378956860329026631237632.000000, 492290563141657673192185883229886975920, -524291838475148928650589049719619669888
211, 7113869489326653756216212112749363200.000000, 416339333071330552810188460999546337952, -503947963670867369290049608009202609536
212, 10191549986430307512960313713399693312.000000, 467121733669452639212743726046174309648, -524059330758011607883190849526269989760
213, 15519984652963047776719286733845299200.000000, 377929675450103436902970156666339027248, -532026812902554507353189466635852918144
214, 9637087745851103615452267139498508288.000000, 422052184534170651544754230200477713280, -446080908054699309627541266945167254400
215, 14275955081347384451019729468202680320.000000, 393454563450895749679271712003618153248, -532059517780387226575993976254468978128
216, 19065853672367113892784646550619947008.000000, 356286672199933263622888606662872824192, -476769779893137847098307055929017736960
217, 19721926261862833376335982572431474688.000000, 419116084080241650793392572126975718192, -478373395293225090921600110773520061452
218, 20923334498641993134365541474966175744.000000, 517708370066298297669301127174641322624, -552802050461165595808798609307745426320
219, 21008700781168431064540322055252344832.000000, 429330792100176939244117413822794492672, -552834656437870557805745073646853749712
220, 24281255647793559151556211189791850496.000000, 474585123652490605696361963347095401008, -476721887324187733647147243673384141552
221, 18464886235473184220142464216372084736.000000, 450701922865528420658535421050806675532, -525352012262518474951319853232176837248
222, 17290145284338421598200455871892291584.000000, 441827774397002186808315425218729693232, -475028449843067935988804532461077523184
223, 25984398191042926137242071242217881600.000000, 467839828394942097650014190025850442800, -618396321316854584672543382128566570920
228, 997534012291789002207506659819913216.000000, 436075430025940359242637027903715979968, -466988143171915480613469783350826984900
233, -1064372009734225795150509680271294464.000000, 377954851676527193642139591157793240280, -513106046075269240781062098977135812920
238, 9443123888292946641829892951493312512.000000, 536525542087066385010408521393830683304, -512814413887120182553852438828899364400
243, 22095525792508376063289371352859934720.000000, 552553303279336660566983253897130551200, -538363864276361831958185980847189680872
248, -13790320744890886468331586462630805504.000000, 356016340300185206845249914315112446160, -541641337538331119066020032477553736384
253, -53713664308090085371674024128897089536.000000, 449812233596475003363899658364915902412, -554350443455444742772741630394252581340
258, -54877766082196768997682534737030152192.000000, 533852836054586288648887875767623090504, -606272060201480371931809199168098796972
263, -36804031008417558562191748570195951616.000000, 494080405182381902898938264508372014940, -611760329521786561208306445361995523914
268, -55753740813455168712358221693264592896.000000, 564611026368620146318345079806820841880, -627418070455360899213407624022905102976
273, -65009001775449328308134932992084672512.000000, 558595728281332292903064459223081619498, -648839852444680455165173409616854609818
278, -30566673151729249858004238621086842880.000000, 610976801056379066781857147476745084308, -501395538111381512807590568223397681776
283, -17416160578272396834732542945155612672.000000, 582218181075783107749403977600087873480, -518480970113273704358194957265164494874
288, -21491491937883495709066093300555972608.000000, 560714979145914129035464132072399091855, -609795099639299157412111041970633011563
293, -15608189053151397936757140072813297664.000000, 536264958412871788557750347184204376987, -551859695455095636999117033969115189448
298, -20649769555066616081067076212020477952.000000, 587143948437151248120935167758119860252, -541280460438539066140084735729676298960
303, 43491299903880933320910097814193700864.000000, 544614021425224637793740984947955753140, -491914452007992477845912032573379360280
308, 64359249728585999113252601201973788672.000000, 528595813968050622613798061612459766059, -550289634103327029926957744071062919326
313, 54145287067115337533477210185420242944.000000, 522201573218585898348747347022651839958, -430047524238863085894458641584054296114
318, 41975982738035918875528006499880140800.000000, 594999278158449034550884993261527502845, -490918383076758857274316042928412827993
323, 29504542624776725251117657924818698240.000000, 586970022538983823885167049956977775458, -500889874161780563461406740574304836204
334, 20324411579581207534715126992496230400.000000, 553838464396369976021023977783409347373, -449479701032147138463685576498838314653
345, -13361608054841319579928717181539319808.000000, 483055823099049459911366081949726643425, -497377138415806213880543704193851041111
355, -40830045938870566121638750041132761088.000000, 478920584920301895618118584567301421644, -627565615547482063810056893940660968598
365, -38629194564997518005855007745089994752.000000, 493533585305814427088117788890477608841, -621802125763615822872909731733093378024
375, -30759220433706477552438310139229896704.000000, 473574862910902673540957489944995006072, -643126654289574816855013385234533689834
385, -60365641332038382848389834958459371520.000000, 511832881820967375500548236195449251677, -1290429254780881010466384646895470188204
395, -105744661830508343427917011112637235200.000000, 792833489442889460845494532935438732151, -1480743171617706298980762630970418527455
405, -31996501675672484526007862743244210176.000000, 830019063561088718345457995230524258052, -1310700036148297670735562792129115252233
415, -43414599657146555583359324897532706816.000000, 767905857177849861493996680885592646095, -1449275164881280431332092293790956925425
425, 26504422700852225905638986821251629056.000000, 545418027964056344893276590004057540762, -1331591705881482207133013385876361723466
450, 154074862007949986329721030222278557696.000000, 802804386326617185796538637024576908663, -1672824841566356995362301888795567057918
475, 120685324616258452375778610033343856640.000000, 1273990070156704832546228201274323492072, -1580913006884511364253209007602913719754
500, -240457329993624443337217424824379375616.000000, 898935759943217925172365454252581011171, -1250504513318331206562517862389114151471
525, 449029738624980085002416483208240562176.000000, 1414470161928915962380577140540103369820, -887274139210395713788684556515861140075
550, -21694750729823242086241082787428827136.000000, 1425468559386768311040841060887652325234, -1388653130863674131842711509998974157937
575, 86001288603199104541908460299188436992.000000, 1384742514624141386381780880576295636354, -1173363268723693570093040901211434969398
600, 41017727923089667284330674256871424.000000, 380367601903388017989636332102162006772, -368091836728584535114534506410534667865
123, 0.000000, 0, 0
124, 0.000000, 0, 0
125, 0.000000, 0, 0
126, 0.000000, 0, 0
127, 0.000000, 0, 0
128, 0.000000, 0, 0
129, 0.000000, 0, 0
130, 0.000000, 0, 0
131, 0.000000, 0, 0
132, 0.000000, 0, 0
133, -157538145868531364328898560.000000, 4835703278458516698824704, -319911995015521245356621824
134, -80120850339987118106869760.000000, 4835703278458516698824704, -319911995015521245356621824
135, -80120850339987118106869760.000000, 4835703278458516698824704, -319911995015521245356621824
136, 795958805993081137952456704.000000, 5091995552216818083862413312, -319911995015521245356621824
137, -158333864620894899547406336.000000, 528905046081400263933952, -1237940039285380274899124224
138, -6190815118279868710643710438670336.000000, 5091995552216818083862413312, -80480601307289828242222693102911488
139, -22153893583820644139537674761404416.000000, 16464530742525018037551104, -332306998946228968225951765070086144
140, -9248336518995591085049578088562688.000000, 17864959056995140537743966602264576, -332306998946228968225951765070086144
141, -7031263595053189579781153017036800.000000, 19807040628566084398385987584, -332306998946228968225951765070086144
142, -82210974941193753626306922151936.000000, 19807040628566084398385987584, -5192296858534827628530496329220096
143, -6149382815037997476811751139835904.000000, 1298074214633706907132624082305024, -332306998946228968225951765070086144
144, -2609697582073684618559035359100928.000000, 1298074214633706907132624082305024, -319929658485600536349737954972794880
145, -3166677121145133706312185670533120.000000, 17864959056995140520292518046203904, -319929658485435253522837517390315520
146, -292931562820387697387834661811519488.000000, 17864959056995140520292518046203904, -74353691014218731640554455634618089472
147, 152549337248008562360815456354304.000000, 1329227995789522541407846399186305024, -332306998946229189586880649584705536
148, -31669473008484943739534598456999936.000000, 1329227996945487020917092502820880384, -11465261403079637394187332876742164480
149, -26670696351483940453947138044329984.000000, 1329227996945487020917092502820880384, -11465261403079637394187332876742164480
150, -349447630918907719856025564174352384.000000, 1394509784214048631326026313112748032, -85070591730234615865844214807895474176
151, -322573476583214211477940347152105472.000000, 5071427067049487954910739622097059840, -85070591730234615865844214807895474176
152, -25829871355615138840550814177558528.000000, 1329227996916241405288680789475590144, -11465261403079599615471642701694238720
153, 59023498524247329912050364748660736.000000, 21610643841822590808312158312049147904, -11465261403079675173334242716110815232
154, 16004631768736096768880189173137408.000000, 85070591726752286152687862365363896320, -71967526291121339537735820728181194752
155, -8386336785091738458312324967038976.000000, 87209818035950964844182026727525974016, -74353691014223680606829704778941988864
156, -446328592802281795438226907437465600.000000, 120974738139372785328124964829026844672, -85070591730234766981396307726051573760
157, -228508112107394983493159452799926272.000000, 87957508783541294405694847826443108288, -77592136616006624308779151915271323648
158, -393977092726341867708410790573768704.000000, 87957508783473583916030164612362796992, -85070774277334694216045626333753245696
159, -578726555510454162069151653742772224.000000, 120972791034567411196544371081947381760, -85136793515257852820101635407324643328
160, -467148372226727723198620997857050624.000000, 120980516815220241383732676491192041472, -85136694126873679700537452360700526592
161, -445470768534025374241754420692910080.000000, 120974738140691137864310562790763003904, -85070419410144084070289643086695825408
162, 558725911932672214165081065334505472.000000, 340282366941668979978184701304866078848, -85074386564546372559150049138352062464
163, -139978395714534067743357998693613568.000000, 121956448676146129604390508292889378880, -83741323169635560378803286148902815744
164, -77405678693593762489625423667789824.000000, 340282366922790662632788720334304886784, -131718257727174509468687276968253620288
165, -747622061176382530192049040797990912.000000, 121956668613029508324383563193724174464, -90512118873880718917747114784113819648
166, -1443958241216041127215163840839811072.000000, 121957946577277233314358679990782394496, -114313891828922747486246285880770430976
167, -990404830658453231039017441449476096.000000, 121956663839331479178354748697054281856, -85106938893421668522553018964526497280
168, -871395577164947261802695057968463872.000000, 121957966687119956721176386089477947520, -85147951158346511819078879775098600960
169, -1784851448224505630156936216389353472.000000, 125666442989630366777058908259524263936, -117490644698634374400772697018756366336
170, -1128313494392774187803291818592829440.000000, 340365802515439860409081545648014950400, -170364482702464461852216240678416476608
171, -4132201440954671946741424810895605760.000000, 133641806182946247169740322377183248384, -232622067499917930209692871342680473600
172, -158045645616980629215512543816056832.000000, 340738748446457249775670436139068489728, -170359351316960782376840141430438006976
173, 1093650617404616761822047179768856576.000000, 393700478794294440550987295556652434944, -168858839789343905999236694004454856896
174, -345453018843083140042282623945408512.000000, 340282363892957647160154269445276682112, -172698130688393678762174286821893094144
175, 1465996346979595271741143688830517248.000000, 393700476496750666791835281407442845184, -170192528186350343613927052906109262016
176, 3138023623656054819907565199745351680.000000, 372425504583641823059952800735508072064, -245937416050662990957948534155264656512
177, 1286778210527081321143974280600485888.000000, 341896977569760173968608989579680796672, -245937416045093547064730920193269831296
178, 595060499934269425886393278476058624.000000, 340284523455768174750095649863074733696, -276454003673692612538467036118722093248
179, 587885011192514840654195836944646144.000000, 342384347719940845333361091773332264960, -276441119941182107990625242107895494848
180, -151701580051445119443172305999495168.000000, 422651403554597118861254077774456262400, -276452044551847652092414255086731870368
181, -679210911248509185759689006372618240.000000, 344157375530746568970169593442164250624, -276452044010585646023979342342079202400
182, 1610076301813498761722850092267864064.000000, 417865682287104035964285491697463459264, -279101526322409774438433066328262922128
183, 1284946952079359528622221737452371968.000000, 339996377115280341939461703628751263744, -277878821855514855399061779102627793728
184, 2691962522139229157824928631398334464.000000, 341838892606963795751636530899518130176, -276427435931968763844561931424520729920
185, 3300866192167087696663996496747692032.000000, 421983691045841454294794502520088078336, -276428841909883395166741943253459271296
186, -3493330208828223943238619740371943424.000000, 460654130301460556224058480407155103488, -338309169620033558800441838700916653824
187, 54894297553627263104200361914662912.000000, 339976440815901760061810266659877787648, -278019971214760472795023375163520480064
188, 345470720523643106450096417532805120.000000, 383029840638601863215619132877245073856, -352796688495930935481545176950571957104
189, -144987743351859294860311094655713280.000000, 348039254924563088918489955156476600576, -276579241962839361149833611446210075392
190, 7367254268450900950793109643460608.000000, 512553476172386060160536726734258146048, -382566417976069462602165811344825264544
191, 3133588016818400695365924688549117952.000000, 425596306150036448905228004992090071760, -364320452160579314466847712306172397776
192, 4313925677438307765744908495933669376.000000, 436171372671770104241490034869159628752, -280046627978522807821291595064474956288
193, 7130116873491439125182411000044847104.000000, 387198360974137547579312334338595368448, -329518164624272343961232218466839079056
194, 7355276786084599161828500925184999424.000000, 384545248870658663855957247205797220736, -263613785790846238616568607640291673056
195, 6848893612838625546418407775032836096.000000, 399213587023056542635972689145558793648, -287634947734514138490909587314495377648
196, 4079353467630355386875008379529461760.000000, 345942245059733197220529396846065201600, -355395168642115344047636685790452141376
197, 4503605433702232495543744966063816704.000000, 424815992576402957471137050959970866048, -357672541171094233165240164257967794928
198, 1299773202991669736982850581093679104.000000, 293717552639556982666925255805346391488, -397287623529388146263139137222233682624
199, 3176459915069887672929908677301764096.000000, 345008172716457311458527366664793988608, -405841644425348133147842133559471907456
200, 1837842294248068760681409931821187072.000000, 291618239404874681891960488759692038464, -305898654710195615326352871961137072608
201, 6882290099446959640100137900546457600.000000, 423824836268943472451110208610559352016, -352549024542900764502719173801101565248
202, -1483411317449589713533046725386698752.000000, 450731737323284696747746651968782803776, -410489310524820316506695460950276901312
203, 3046405652054463130278798856774746112.000000, 405377109955778295330809097773549154944, -501165350580884218018033249789754600656
204, 5356614808713203499374428557410304000.000000, 366923352958044157641700958239064363424, -429209070580612502951443246047469375872
205, 1136668108612002626825587818493902848.000000, 445461777102869966948510334971509432448, -431874585887808832198640130368704545936
206, 3044737755336545552865953996307693568.000000, 509654000747661394982169436404032138048, -498678918165925588544526495408207670480
207, 668607781718280156114544146748801024.000000, 393380644112520589817664999110557789808, -510989502796870895097859137592436626304
208, 2754517086140254200790899884208160768.000000, 361170881082383405161273226774744246640, -507686753376182603167095016156182496128
209, 5825764213449295951870151871076237312.000000, 416810229574418081788605958825548738880, -445576714282079502260434231637369929024
210, 9335751936578967709351948139993497600.000000, 372695714436414928253973392326752838080, -508788853182191040075321291332272971552
211, 10690778496879981934562327515470233600.000000, 430098327748892816100722863350752947888, -524050966556112092090668023163474759552
212, 14313445429423122515282476945782079488.000000, 398858949084562461556255997382532513224, -500667608459843438657223117087679239040
213, 8741354106697013388725570025629417472.000000, 513670662935952777752908292776461711872, -511646393131470796500681158587470244784
214, 12145642767244458704729717401767116800.000000, 511972361968541390797086084325466617408, -511653420922359479676263471589550727024
215, 14316240933240544982594557400953389056.000000, 380572287832901078078578866468720147720, -532152886800329657840446539586754573456
216, 19970178067358384521276461607540490240.000000, 361689282900209888317267929999417498496, -553434323598324566694893914897202877376
217, 19274379999922782969017074700060196864.000000, 371775476938662578358909570543531822032, -509070282734649965719024058937810081984
218, 18908027596158960474513369224531935232.000000, 567125640737554038275107424223284136576, -510914987454299633375175272412453398976
219, 18802155286178342169622352723533889536.000000, 409546724981784824929724145223701561856, -553427625807923747489300122588703251856
220, 22362797728441098000336835273046360064.000000, 431478391062200431460167112732205695248, -553337252424812695378465338328153707920
221, 17423889037813712233079341469407379456.000000, 477033469121514025628226984201383272560, -494210781356054376217434704284361765280
222, 21901744713952057042067044762015236096.000000, 478624463814916788462943722154191049776, -504066153765372621653623961959699804608
223, 11593318893083157808455074978526658560.000000, 583713892583266377315503639228101078324, -507267312473619717324741136784991932520
224, 16512656745220971659289522625186889728.000000, 393538754479349009849144604051722972240, -518904029191227168678253562726630850728
229, 8802895045376246510016763642175815680.000000, 463105675244987019097544320024982318680, -466789396476363068776354423026831025860
234, 20794147307670691219314161789037445120.000000, 576980452686696031275023488056243282028, -432976766892435256290310476987613114904
239, 12755778833896239360167007685282103296.000000, 539915994466476099702763038072357199512, -534722514039539166239431649881764468844
244, 9428701898600438868420749019974729728.000000, 595213848319523145505082629835813485008, -516107212571217020870732873539189090600
249, -42834658122864498109634787938117091328.000000, 482154704859829915439503766244196439076, -635526481486771419061693444113667451864
254, -34059632043532313770537937076555350016.000000, 487146305837873846229692085720054388844, -520571553715356630801761956243862742040
259, -61590843101824311582182440922838466560.000000, 551660547607568696044302793003861210804, -535964734447060057245239924872421702056
264, -60413954094987701805637740807124418560.000000, 439915377574430796169489415985804012232, -612741920196856233309985614803093719198
269, -52394644831456351902680261019809349632.000000, 412613149067181926353929910168892534452, -598242961427823565292931367339768779880
274, -56549339646160493157170726022911361024.000000, 397301022634688193063730235509802804200, -582535503888786671619505730468573962844
279, -11983986566284829712537198276449927168.000000, 570596769690626113546048122205490886840, -505863014250874216506178653667490218800
284, -8209290611545260958985629116147957760.000000, 568176588628731913574597498322829742036, -650543828483014925584377463212150552602
289, -19294159350994712529173672628406190080.000000, 482394143431645013214449252391397419496, -608797930353151987250455685171904135531
294, -5476698029628050388092841254671351808.000000, 481744013991163578767806912383586960019, -540234826443403702206080615298780877128
299, -6116071536494044941209882120748531712.000000, 539866773338081482690929272700386804627, -557795040082388579962863225974017843788
304, 43210088487661035275426635927896719360.000000, 579565946018474409709240047782228635828, -523183774932523665235576599312747770920
309, 64365256743835667334228214311701970944.000000, 596299977693049031299000269241340136018, -505636524415188557928045388646837706463
314, 43238330842917454786912538610223808512.000000, 577081958698936204036957579899017597839, -553269414049275282850976341201760986594
319, 41528316976995978542276406858796236800.000000, 522742914234204234234900195875032809366, -467431039709550653382267704311702916408
325, 25991998319296807724221326223426453504.000000, 470965683008027155360254534151710618948, -441513473128285851746586804209395571840
335, 12691954650993125570607438721573715968.000000, 573936638673978918572959595943550128239, -523802082255883683334716511989392911532
345, -14299246650004095683048305117993369600.000000, 448626387211878130487609019862998106047, -601785331322352457473871953323562553120
355, -45847064689225615097877190749626302464.000000, 452789636658623171418280076058442667358, -587756793548595944921842033467176229998
365, -26712164899456331784009473727274156032.000000, 704994089322875139949888573249370837255, -618365095712847649715613550043619751951
375, -21579290409278668982006711302993477632.000000, 557594203984628215345311268917115854693, -614879328898676086517274045042726541106
385, -48380318323612085712732105292250087424.000000, 637015677263682039380993879207541739027, -1445056331202996690390599594247609027151
395, -114657927439820035920258774114783723520.000000, 646342849663467477579998400880675514767, -1339821665349458988791460910654808076411
405, -56947984429275500484608292335405498368.000000, 708430084353297642133380868770182455905, -1367823603954637504817026958992367955207
415, -37077234672927052802066372229347672064.000000, 810764924070089171634055146564080465601, -1333441134292908675667972731842920509769
425, 10363122182749525934462076101985304576.000000, 769374437738407177784882647753944377367, -1451919847891242242335890725230818648024
450, 177412669738315992483501264058328285184.000000, 1031824366486287994080951258087058543943, -1337102641595302630940028755180901541877
475, 157593341400880520704050225700954701824.000000, 1192524732971386505835461983757186541861, -1650389723884982411503599975210220854556
500, -192756409574063299910485367815539785728.000000, 1022911051854947292260919497105182481660, -1154341851132659223171578202294597954007
525, -270441452745330368912713344761435521024.000000, 1318116524205937540420539667124448517118, -1160019274018139307427071403000632425022
550, 125594482293966419428468716675356688384.000000, 1435320626491383036165470639591136611184, -949140638164407206667111881705348086847
575, 82545013998593430099193371078613270528.000000, 1304052722406953512561811729895997505055, -1261334692239582838215820366891781337519
600, 41017727923089667284330674256871424.000000, 380367601903388017989636332102162006772, -368091836728584535114534506410534667865
122, 0.000000, 0, 0
123, 0.000000, 0, 0
124, 0.000000, 0, 0
125, 0.000000, 0, 0
126, 0.000000, 0, 0
127, 0.000000, 0, 0
128, 0.000000, 0, 0
129, 0.000000, 0, 0
130, 0.000000, 0, 0
131, 0.000000, 0, 0
132, 75557863725914323419136.000000, 75557863725914323419136, 0
133, -571406344427227070857216.000000, 0, -571406344427227070857216
134, -2380072707366301187702784.000000, 75557863725914323419136, -4835703278458516698824704
135, -2380072707366301187702784.000000, 75557863725914323419136, -4835703278458516698824704
136, -3198616231063706537033728.000000, 75557863725914323419136, -4835703278458516698824704
137, 680539390566615448612241408.000000, 5091995552216818083862413312, -319911995015521245356621824
138, -116804515158451437248184320.000000, 3943176013196153753436160, -1237940039285380274899124224
139, -22153893585925007198292294563266560.000000, 16464530742525018037551104, -332306998946228968225951765070086144
140, -2199513768446288159399560093892608.000000, 1298074214633706907132624082305024, -80480601307289828242222693102911488
141, -7763976281956761371975276570869760.000000, 1298074214633706907132624082305024, -332306998946228968225951765070086144
142, -4395692534756755019526133273067520.000000, 333312879697510068256039399063552, -332306998946228968225951765070086144
143, -6412060494314261712147175387955200.000000, 1298074214633706907132624082305024, -332306998946228968225951765070086144
144, -4895866538197981572938743068753920.000000, 1298074214633706907132624082305024, -332306998946228968225951765070086144
145, -2614519546303698783284120220860416.000000, 293364772507217761011973042600935424, -332306998946228968225951765070086144
146, 1297908084013357330995457044774912.000000, 1394509784214048629020182754143240192, -332306998946228968225951765070086144
147, 989896169114022567359467246059520.000000, 1329227996945487020917092502820880384, -332306998946228963614265334325837824
148, -32776957305901285258365956773642240.000000, 1329227996945487020917092502820880384, -11465261403079637394187332876742164480
149, -28449915566774546957090308078174208.000000, 1329227996945487020917092502820880384, -11465261403079637394187332876742164480
150, -331430325010149442536849360260431872.000000, 5071427067049487954910739622097059840, -85070591730234615865843088907988631552
151, -331399824359454461454624158642077696.000000, 1394509784214048628443722551595630592, -85070591730234615865847592507616002048
152, -273985375627559253109135527144062976.000000, 87209818035950964848793712748100845568, -85070591730234615875030995097777864704
153, -121495037679459731332026653965549568.000000, 21610643841822590808312158312049147904, -74447420017031543929904604643697098752
154, -560310609293006281458388336235249664.000000, 87209818035951569311703520062688198656, -85070591730234615868114029020090204160
155, -465519086932763033773965420699582464.000000, 87209818035951569330150264136935669760, -85070591730234615872797772632555520000
156, -378055488929411500776734499186671616.000000, 85070592677333699319109290835555909632, -78938549660579761437735063964440592384
157, -424196486341355314118380225384415232.000000, 87729819515502845193110729177467715584, -85071098795424125275902680405628944384
158, -702124453710290578995993174167519232.000000, 120980516823576336644120602620429074432, -85136793515257852821110019510853697536
159, -810949045896395789975586303836684288.000000, 87957508783473549678865001033114582976, -85070596945606488117534244953834127872
160, -785976868494516118086710299354726400.000000, 120974738145889360678916707811224715264, -85136694126848869567740665952843333632
161, -850034810208878580426700937158983680.000000, 116972064576679554263295252076030852608, -85082456939524224119633647227658831872
162, -730441496615768276297093299421839360.000000, 116972389095018137229887825386248601088, -90387463148579497934586335795108382720
163, -735896440981877220342807804524888064.000000, 340282366913196359222196631537912365184, -170152866132189406302061672083226624000
164, -299200381539780099338995913321349120.000000, 121956668613525269202642027935242125376, -85070591116484464816344567735064334208
165, 226266346684153115142602893658423296.000000, 402033993444787073469563580164027105280, -170035517723277202306542949483872976896
166, -882455008020072496953245801352527872.000000, 402033993444787661393774083085619609600, -172777692894363248682919665620637253632
167, -1066034005911488252697620774190579712.000000, 121956668612912123262164662492894134400, -85096187702830165229332228884814364928
168, -1065545480586717570732321314348990464.000000, 340282447838222873648072595741319806976, -172373830626358202887083516113839915008
169, -247091756732898941747818860159959040.000000, 340282723408549408512626801409604255744, -170545514503400133233050797509759148480
170, -1352509796085241652663004764286484480.000000, 400886169767833082259676603497386328320, -232619998813032964893004168520716632064
171, -891069020316876435504391745087471616.000000, 340365630710059216377692270127426240512, -170359270196270299986464864665701913024
172, 1195667591234818668908260523753078784.000000, 340365658602240616425159740709267709952, -170193054754175720546024900666152655040
173, -345562499195455766356746778670268416.000000, 340282363893245370399204203269864277888, -298572717689129622807329546186536550400
174, 465825930048945599682483726321713152.000000, 340282366104394504722606948224833537920, -297728279829781841253566515111400603648
175, 1852777397815635475531696943602335744.000000, 393693268319525821683719574294728703488, -170151851011020480729306973960528195840
176, -63665841114024028946814677223997440.000000, 341561120623500245553615080370544721920, -245906426461180274037364078996389120512
177, 2990193684444926594060453507084845056.000000, 393830178987409381825061749339934114368, -340401266673702879449639482499029532160
178, 367442814911620601435419741758947328.000000, 401252914372023731292209046556805741696, -276099355602782714421392488728874525056
179, 1175848413793932946836427687889731584.000000, 341119807026885623173120108199892477120, -276441485014805384225803479533368521408
180, -768641366870188568689727930592395264.000000, 345593873357015484680638707702676592128, -276452031380535895161059831631626193056
181, 1903671631545425775065218950876889088.000000, 345758269821746125731683644665016895488, -276441120790684757687297474906076105616
182, 647418536661262609785972985006391296.000000, 414774027979608128107556917310305564416, -277878458164672096000919867491939445568
183, 1025228317003799311909750552251072512.000000, 417864222953550592955861929967254887360, -352235541514904314041858237842434779840
184, 3456779803143694862646268811863392256.000000, 341123639214276913946532638695147743168, -276401562672212704589074993799069169280
185, 2296535851295556988921921116561211392.000000, 425660092425353740581521476539262765056, -279197209039525112096891429061226498880
186, -1664584168046913860669351607140352000.000000, 416043010196800596339155641780799968384, -382686541629817948081714399607228629184
187, 2598360575300758666568439340722028544.000000, 339977083199593921979556769311959549696, -277993604542869124914978459879230850880
188, -1495558697421854437202952957259153408.000000, 339829597635289590635005819810879361024, -361658350593158493842584399208497097248
189, 395293800634824615584827096564760576.000000, 339827568758482138140279057327610100736, -361658103442570929489041391866659920032
190, 2683726534081644680601053167884435456.000000, 342958574333881859754189648524238611968, -344241869552053514992131025875638954208
191, 2290511914764602472346720869912936448.000000, 512758940863725550294438339049241947584, -344344804089492658281951752736582553664
192, 5661742612980214964178437230013972480.000000, 435862455187823973499682873702185535696, -362549374337228947167669519089969077824
193, 5781454154957179308028058755137536000.000000, 352845660091604185169458141224071344640, -275089555869764518654894992708707363264
194, 6408345886948708582030934288747200512.000000, 384041559521144352310129135216837272064, -274465334289279164969555790777901188544
195, 5197676107229024001075061625104367616.000000, 359642623219125744045557074284503289392, -346599419923708336505275863931387103552
196, 6573682993321265915138879339355963392.000000, 423747044323845995788455828880862867408, -338661290908223163685373324084212668704
197, 5225960663690261308413840078495809536.000000, 374101662196004908338323324635327749120, -384896755079311827821325410053645320496
198, 8839982438358345780577359712038682624.000000, 423837861032270304335572076772101435328, -359500273918187852342762536006922014256
199, 5637978728062294721805867173248237568.000000, 427504730211767598346438476808735539328, -351783185434754953251588468824092528576
200, 5720888367329955995697497072772055040.000000, 424827651030038282188016249997398151056, -350505360819264620884290245558007145024
201, 1101093633808199010441330164836073472.000000, 344234001746996568671234894718196829968, -340104198450358047755989615116738210112
202, 1479647229275439220776558391600349184.000000, 402786067768356102535374914144916155840, -507479221888494934334057091140270755136
203, 1642812076650215982545853747046645760.000000, 472564549936377421550916012763737920672, -501196694812024247723422626920267302080
204, 5691237398861933997180268360056700928.000000, 389956814795629158541497589681409256016, -426890029007961789292633219153668574080
205, 5137003156513383954005278499287334912.000000, 420370012041044999912423629615765147856, -512095702456863180718514310382571129216
206, 1189382144217745484513743325636853760.000000, 409403775708103641391056146809966452864, -523928782709726386168570503742894664912
207, 1206836338440841941576236096821395456.000000, 336610636352372700125218553393494445424, -505722616083833128829577129884099924864
208, 10002392829001775667753678211091791872.000000, 419312251801654098348389054492380944448, -332381339667556350113333419084168009568
209, 5237450552527467445299612416273809408.000000, 375145105330133162524898599916599359120, -458778447707840953317539924947954366528
210, 11073133424846826431077039143269695488.000000, 424332396056047060951841164043296194736, -495231472589732831694085624084690196352
211, 9384144305484523167254340572450652160.000000, 467679972851350925090726258992044108064, -524414912135666079121566418911091086720
212, 16155615998227411777163319363722280960.000000, 393505865894785420195570159195850728752, -523929100451771353668531622645852988288
213, 10384491621570413670794897255955431424.000000, 391528228914731179252426808251079608624, -529915808400552794461379477842446903168
214, 11983096260217278842092548112435380224.000000, 505397052223951811392038682270616410688, -503732816978114857220744354608741847216
215, 9231941371691615177419949800704442368.000000, 502880347394479476230701741718160635456, -511772188645940427461691623759133467504
216, 17693274697133166232422910376391213056.000000, 393387832791333027364455003249551434272, -554014643351648534945951073418047503552
217, 19001173117684253707638836065179009024.000000, 370031078666747535991022640692450184144, -481713766320713618983002939166678696704
218, 11014369961430038664345360988299591680.000000, 447208795668648019717634846305857852208, -474821718316253159269750091866192954140
219, 10875976797645451461594153738815143936.000000, 531771694875554036322055173775626656240, -476459512291260942524704447298639949852
220, 16588669523286630449731327980665307136.000000, 410614556531773306869522512558972930096, -474737721028571386159618499492567897840
221, 22675989901901759293946951429940838400.000000, 478624452552262686327901449556145984560, -522841471134220795026253086402418478720
222, 18854867850381527972086739190132244480.000000, 390822897659089767938245224591501009488, -556116525824324409030317191519844239816
223, 13982538032107178278862663550146445312.000000, 393692523028606179064997109307998542752, -504065036700583556131360807061114851228
228, 3779569119243359599144674849017823232.000000, 526277348107224326791376513644322816216, -530534790128322375923781926421263346440
233, 23352643414603246668662070149784797184.000000, 605529536452533116155586169038658175092, -476346930040657157809897773054865468656
238, 25243338135281576659829241811117801472.000000, 575355336621938217307463781047245962600, -471485920906646513806949299329251581368
243, 14892438848186758609463923351939448832.000000, 450197202237374101813937605966223249160, -531035710337439329466496758693052177128
248, -19263112776891720941906997582690779136.000000, 561816386352642320939784115277842594256, -572305152399660415637535103255618622248
253, -42587214988568137466359471484295970816.000000, 482147838885768552992754648472762242052, -530503374131442697413953886499329131208
258, -44963279559040263356499976636164210688.000000, 540740087906836684566961067130953332404, -573879299485051822235534209431232182696
263, -51519429228415682487740878008583454720.000000, 468685188141970595630807271020021212988, -543124521362309694560426905085986010184
268, -68941746467436538212212615800139284480.000000, 558587191282944226681734822969537169848, -657782816483835319887105190239898911138
273, -49571324277795172267473700386246754304.000000, 460435515461299300030817321744078782726, -582681406860916387362327109907266021544
278, -30140737555507469793692840323849388032.000000, 610798848501334115880523787091442613652, -553043449076748346737640136990254703947
283, -9938268730220959034492790751560204288.000000, 465083348122692556027874585106204791259, -485524254103181009390870968890040110552
288, -11144659637807688813909214445394984960.000000, 436223379382126029804886290221700900618, -499518803155593482150151751329361551848
293, -1741262347830449143721222298908229632.000000, 552329919324867022596848640770974581395, -568991353461206700152179515406018819834
298, -3537579825890562732496369613078003712.000000, 528421284813773490307234269714487142780, -579219156769413135835521605623300863620
303, 29676087313023549878605805466117210112.000000, 587191193209664855991011790992447578140, -492225592601131588912587892856414048734
308, 65688009322901179848040905591285088256.000000, 602935083097842108662157722357432388178, -505551289877999375451132483428733005535
313, 48883109053170722523341113891678584832.000000, 531791762102949486302481902074953545819, -488056711543189580198856543419873554006
318, 45387367597405451373264232355544956928.000000, 549772427969637354260535282120639990781, -490746020013077852590771385819023152323
323, 30026290506752503150469406010227294208.000000, 572254849894866299453571798921410038827, -531308707631303504086860755929079405817
334, 21070287802749279205421177570005614592.000000, 574230982136573318571033773813903858477, -535648945403847875491905520562905989114
345, -10268833268393420850029205209309249536.000000, 457563605983318530404321706404834083579, -488943735320056113657819800010753233782
355, -49843928092205065295594891218390089728.000000, 396960585467561170030675104625014653723, -600815377267739261769759779246162057438
365, -34414772165672398300830725129369550848.000000, 483381506417097617698727760768755959308, -611659855070555597216455582731686128630
375, -28998937766929465487779490107695824896.000000, 466174387826540359015347912437202484572, -626261400998582798865936171821273190586
385, -57375610174185324668903083084856950784.000000, 440695348774569363527917723222528986180, -1241959481475190879602048024567394192929
395, -112664073605535327401253876751384182784.000000, 798022248118709550841021408630623845519, -1361156883547268887255623903971975093548
405, -13490711399417193528429920854703341568.000000, 718950509364795863038443680899662020914, -1309808778916520433930828179868251059359
415, -31993517547628311605274304150992060416.000000, 668071518969650404450502035302581381513, -1352482498874252990617909476486332836065
425, -5758923863172283083489826419832258560.000000, 545231187045965731747021067662058484114, -1517746127693658880931248744557078583287
450, 113590239488914949589460269675378114560.000000, 729868941151493229723837458912125439455, -1502260623716961098183239286147346593080
475, 132888725062896558329682444910141112320.000000, 1280386526199028347232822398362730264256, -1667569166930818428494917668931927557216
500, -256486432268937776404563859128610455552.000000, 1138244188544467138955195032043989462499, -1402520550816804418770929042255184019668
525, 85778671994182373436117359236262920192.000000, 1203145403018428350608469337590057538994, -985352627923653039344613875329744127766
550, 9268997473076956709894196653287538688.000000, 1300761705138811353680655388405728765587, -1139499274943814491258309891818964241425
575, 118479998007823986489862224732189884416.000000, 1505734716816836295826801264613810300783, -1016285274784593340201112334301228263797
600, 41017727923089667284330674256871424.000000, 380367601903388017989636332102162006772, -368091836728584535114534506410534667865
123, 0.000000, 0, 0
124, 0.000000, 0, 0
125, 0.000000, 0, 0
126, 0.000000, 0, 0
127, 0.000000, 0, 0
128, 0.000000, 0, 0
129, 0.000000, 0, 0
130, 0.000000, 0, 0
131, 0.000000, 0, 0
132, 0.000000, 0, 0
133, 0.000000, 0, 0
134, -74795791834741234422775808.000000, 16464530742525018037551104, -319911995015521245356621824
135, -4835703278458516698824704.000000, 0, -4835703278458516698824704
136, 795958805993081137952456704.000000, 5091995552216818083862413312, -319911995015521245356621824
137, -11497228072890966124919803422441472.000000, 5091995552216818083862413312, -80480601307289828242222693102911488
138, -174817284829351396165812224.000000, 16464530742525018037551104, -1237940039285380274899124224
139, -4024028940315044150181553428758528.000000, 19287000644964651175929446400, -80480601307289828242222693102911488
140, -10719624753019234083874456337383424.000000, 19287000644964651175929446400, -332306998946228968225951765070086144
141, -6887768429286773174961618689196032.000000, 19807040628566084398385987584, -332306998946228968225951765070086144
142, -9535868773987259110670710693953536.000000, 1298074214633706907132624082305024, -332306998946228968225951765070086144
143, -6582292341874832899787317747646464.000000, 1298074214633706907132624082305024, -332306998946228968225951765070086144
144, -2545558603944314119820093908058112.000000, 14994811169132497080333920777535488, -319929658485600536349737954972794880
145, -2963155193318890773252820552384512.000000, 17864959056995140520292518046203904, -319929658485435253522837517390315520
146, 84808026510961451098722396356476928.000000, 21267647932558653966463164764299198464, -332306998946228968225951765070086144
147, -239304398720379664894978884527718400.000000, 1394509784214048629020182754143240192, -74353691014218731640554455634618089472
148, -197623410533445230842368379985068032.000000, 1394509784214048624408496735715852288, -74353691014218769419774548967931510784
149, -27710525256867625163838223711993856.000000, 1329227996945487020917092502820880384, -11465261403079637394187332876742164480
150, -346262266226233804683518395484733440.000000, 1394509784214048629020183303899054080, -85070591730234615865843651857942052864
151, -24152034358185601595345767235584000.000000, 1329227996922459581354999395347595264, -11464591132824728939175601319874396160
152, -25687326489451949826543957154201600.000000, 1329227996916241405288680789475590144, -11465261403079599615470516801787396096
153, -405653278433307413306832431293136896.000000, 87209818035950964848793712748100845568, -85070591730234615868186086614128132096
154, 30982559289057949874927543317954560.000000, 87209818035950964848793712745953361920, -74353691014222496473443132414659395584
155, 202096971463010188707896167090880512.000000, 87209818035950964848793712745953361920, -74353691014223671162096739039651561472
156, -319148705033171256733710625722597376.000000, 87209818035953987181792906277217632256, -85070591730234766967556183121188618240
157, -999160879295196470806735085061013504.000000, 87209818036569935011387410455583522816, -85071098795423431973479008421003132928
158, -998165399910497017958963622770114560.000000, 87957508783473583916025098062784102336, -85070595533186416711332881006808531456
159, -429446248465770332548275165185703936.000000, 120972791034509382759438906096539402240, -85136793515257852821254275436955828224
160, -819445049714187618264893420491243520.000000, 120974738145889361748827864086378708992, -85136793515102316957643936492673826816
161, -1028894936473689840767268919370055680.000000, 116972064581130703404913708717836337152, -114022838978843793806073516265360064512
162, -461351788075905368368770665112666112.000000, 121956668613226895920948835458754281536, -85070419321636216463574927495268859904
163, -70513343143638877756347368809168896.000000, 340282366945563415164875963922213011584, -131640373353553361925578647703933779968
164, -195728128673565732045962527119507456.000000, 121956668613439652398459626927319154816, -85070591115865456198042975495863271296
165, -717045086926056214277848065026031616.000000, 402033993444807438080149393373042425856, -172777676474178177841775290205119512576
166, -949406093728224787047605675132715008.000000, 340282448048700403885248352041041051648, -172777692873943930343071623698492489728
167, -485884312419194131540458474016079872.000000, 340282448050518213360602513880481185792, -171044602579933852360444278314679861248
168, -1232287614878472775282388110032240640.000000, 121957973956226349390064457705911550080, -121502330999135392899659569497372428288
169, -1198006390394045461748463844670308352.000000, 340282711115384849034356710567312162816, -170359330970431856691772937690419241408
170, -2368171024223627756439744348357132288.000000, 125666438206491079161821741232984670208, -232619998812963451763181759361821163520
171, -1344985674208014233249023357444161536.000000, 340365792939843335027090523114063200256, -170359270196270273876438907292000524416
172, 446924328471096271573858718746411008.000000, 340739374666573686904498826422156460032, -170545908873660608309065317821468315776
173, -1034775997891538760742467227892056064.000000, 340282363892986907035035943129170020224, -297728271746867372353735159964707766272
174, 1196187249493013436305828373933850624.000000, 393700478435825286204228393292330649088, -170525686241518377026899069220996126912
175, 329391755586016112627276693706375168.000000, 340282363857797030396355380707341485952, -298608954575027009675458631268801216512
176, 2026311213690168147970100329202057216.000000, 393700453685110766193487693651004524032, -245937415957780622957679152206170951168
177, -104434659713417996772908201246982144.000000, 402705933919984684956118870475867242496, -245864886845591113695729425053338956800
178, 555690187486663354554497403447148544.000000, 340932783850322011781872427686678241216, -276434628429374281850828980972592971472
179, 797485723875308843230111506542624768.000000, 423681362209626808035020470440171624448, -276453329288096747851750767102896456928
180, -285402415126230001667788226049343488.000000, 341313502844046463404284799721334688736, -276453492892185981197607387059246153856
181, 1157046451950376518177184592148037632.000000, 342344143714692365627723074063446837248, -279101360206764178383247411291090700432
182, 837847441499957659308185406819794944.000000, 340271910912553393780107055143980696128, -279101938329625542800777647767704636816
183, 802450908802107477887681896388755456.000000, 422624776001008839072565225964818828032, -277879751408570876948554579647337261888
184, 1224503824411374268847336684060147712.000000, 341289539178992126786313113193245804544, -276408057472952207773661008212032744960
185, 2539734225078480005594303334287671296.000000, 378276489458774513387488930668899682304, -276428362735230975003605067895000528576
186, -1205224358703032140647555453635526656.000000, 416136137141751550498389233249863743744, -312934521931759818559055630263295774400
187, -1100186670916962314510025237540634624.000000, 345409744904483700032923862471668429056, -280190396346706942458924933008895450688
188, -490080422104136443335032975034155008.000000, 418560774579316136046947715414796683072, -350803178241093230001548748378302675952
189, 3047945652023310124238476559073148928.000000, 348048903527711674945118492080191127296, -350898890836691320194745678659918668944
190, -727774234688244234676258202460356608.000000, 343113966613270001639379948342542151808, -361132637722017482256753707770575408192
191, 3234153638823695760028193027071672320.000000, 342616444179923324159881745734536521728, -340474000823878967092761737232969535296
192, 5492131918194290724555765614353842176.000000, 343032867093003643545897370074668171392, -342202689212443367587350547821889210832
193, 6949707011332701029624289129777856512.000000, 352876836502305988377853615349472822656, -275090334371335956956465655826087864768
194, 4458514449030947510322068936191901696.000000, 435731695567485212140897983659546686272, -355276731741915489641233586954594195776
195, 6350812025665429456446044512251281408.000000, 345973520319013819525368569657589296832, -354907069766664414524361160459018227008
196, 5992515094017037544726612463182675968.000000, 407354321134048219921571608956592529968, -280100554879612088251276883277094330336
197, 5556722394312596450888427933850927104.000000, 427146003578184247455325375556690751616, -361001857893987760537386387884358192672
198, 5509190560965958473341834384304504832.000000, 420413854188402581490980752430706640848, -405841158150517345482791209615674904192
199, 7789382838705806921798687559465828352.000000, 437627734135714878204450004523107475584, -348364633854107970535594333608243997216
200, 7308927539367658444238774581241839616.000000, 447332046129081351694254922677237874816, -372701950862397705033551552106914564640
201, 8578444097580109545971094687672434688.000000, 423504531963091641306357255550360656336, -346898336734673071124455008462191922592
202, 6893008630995458276945845255103578112.000000, 424296854660619345014361526310714331728, -430086090034731257339070226174857444992
203, 1060680150741557639815612119851728896.000000, 313780435365916152261966655880015767104, -501164093301126743188000819474226126016
204, 1812548605812934836127402075229257728.000000, 472208993801274364061765558459963137952, -501195043820321696586185309759152724176
205, 4053306863519508043716073195948736512.000000, 445313820735106656528791056488662335872, -476894614550895775176461125149819208576
206, 1587723067160309332896039472434511872.000000, 426067656619130037224264400977172248896, -511649772161408915446493972240080426320
207, 6827193738583321384537752866561982464.000000, 538321155694538966116507332374466590656, -505319853209703623954898870258010489728
208, 4824781136687160081637307009973878784.000000, 391395539471925628683087464033991990320, -524059208841512309414376610134561851264
209, 6205949616154995808410813437354967040.000000, 417192229171524031094036026508889298560, -421258451032595241107188911191955917392
210, 9178732439542465906473104359362134016.000000, 368312898977523552122932611037090965184, -426181309519923952729357147517222981824
211, 10166796954027964259756120539031142400.000000, 393886198453349856355110651567163052336, -524059572114908118516944728799157849984
212, 9050286346423832924929907897025953792.000000, 512169750069317221084415187988163164704, -498122508437141273868481596970922723248
213, 12600749327068224624338743575980277760.000000, 391364385720196703617495742430327880176, -530071432309940552422094666657110078352
214, 12027244697804740286319193856980025344.000000, 393505589905103220089354476840161010992, -525343448859279055070144232940569616256
215, 14901139631015315322000558824609546240.000000, 380287450348840595086896170077828778368, -437835094187463455535125022720434182096
216, 18364908655519950514914865382084837376.000000, 434295892439852667752682401529204967808, -453917951259257313126045872260491356416
217, 19598539772911360779103952245635416064.000000, 397561704417326010941725057527383387152, -553431501551969580631285614607579335040
218, 20109527712131327855303809915550695424.000000, 599849860973843476055880568024336566912, -552848342554235118620996767149683669760
219, 16416038543018548996715392349826449408.000000, 432271074632847119078919831318517466880, -553349673524324134754176620074064873872
220, 19209625118384671073508328818757074944.000000, 400155561682697240821087209495527450944, -554004644770661194708444322743050184000
221, 21898394732761523613327377512225832960.000000, 410285079615540600870136548080873650924, -514195804886220128959911575235677074048
222, 14368129139845000489644438181583519744.000000, 393424635749741742456086634415253477100, -491463962882819819198913404705577726480
223, 8327468240881510837810591894916300800.000000, 420652886195734455107007441899627287168, -484752481124027088275479592660572145392
224, 14700649202252627279848527785757769728.000000, 405407236670631582331893484140087703408, -584218374169638955933064104475168059304
229, 9340615331070999478137033319361019904.000000, 526308120681616776566731473594045690104, -537681824080283134416738334652601789864
234, 19659378518433910902983754663900217344.000000, 542914908438343662796552885536366264240, -474459506965326671590109125351438289136
239, 5578958522993790884918873510585040896.000000, 539932901341557159867417512701384457368, -553768961882698948134999722630127622252
244, 21451052523435712436245887058918244352.000000, 521761820664862068808254302988609865896, -530879168349107766153269547402348147944
249, -27297000080454626783239355892911570944.000000, 537368011717677390826387569506928049608, -608721735732079896215820659141261852888
254, -27741865690525686421158131429091049472.000000, 544962050795029211496799379542834368884, -612816283220466337532640610551321727768
259, -55126724962120160776233282991976087552.000000, 550828025869899972839167120094001804980, -575455229262767466594681380726832029564
264, -45533060468966064060225390943561318400.000000, 594103241134862661528415661821444144836, -505056352914933886502536597412368830393
269, -48653023367549559628798157204385431552.000000, 439546420179300558924346957231366202118, -595069185074691231731261015819998390942
274, -39983693561463017294079413696791052288.000000, 484558185483090982216350793763552154916, -582543413158997132124061482180973388380
279, -18827899574548519603509574594388295680.000000, 549811242399639471119322694443757197496, -496113749326927976638647630524793439024
284, -22318628726029781162019691779592290304.000000, 559375798248127881573592173533062322132, -645944758064481813403766906645563783194
289, -22908951577276695762577880823646650368.000000, 429083070916405342077322040790212983472, -608795511678735374164454824492678140267
294, -2143229418079472335190270541916274688.000000, 595158406501913637996952300765583184172, -568127395981511976821524176571069215040
299, -3447702765544124126868628217052266496.000000, 587224514764796940445838584837291769884, -527099539981214241148716171198503621504
304, 51429424512298721608563047470785888256.000000, 594339201593646806470756314825491189526, -530710660676241353903796352186993882451
309, 67166839158647341291446246321833377792.000000, 521632459899970787472980728653219592187, -523170202460349059616272042651129566158
314, 66857155660531644758303818085933514752.000000, 578718371260835451454444042105298795213, -429478214817770662189582969098154761778
319, 48716044460448348269079208512091848704.000000, 549764984339258947626874183359755013117, -484908054594807922113677569485912023397
325, 28273801626786404873525809769013575680.000000, 572547167567491833748969419864682581163, -441481069581302373568370044250211136640
335, 26916660343847569542029506151547142144.000000, 488819723986473690817048499281317228690, -535772911908831853447374617446080730234
345, -23830080207667013598663426455308861440.000000, 569767420736383133330892971714297204837, -622368885941547010580817192573574246384
355, -34109834136964631687940295154471010304.000000, 472491964571242601945195041356568525388, -606631523887139057544147760893573912150
365, -44638461669834753265946696218314801152.000000, 531811991958015127486417599372907425659, -593961294573770157911184966476668128942
375, -48128312013495033430124877767772209152.000000, 459437482279515095579078862279828186342, -626240692503986311648234696021735164952
385, -45969217009110721790940967376185720832.000000, 495450786529097723941524169644389765708, -1293427424001163701832954519763253638361
395, -69476821481481896523996535058862178304.000000, 683109717708582336750146493396292393029, -1324160391466177963758479105374705836012
405, -7872031894844222181105388622702444544.000000, 691770667132796854279605922693415478099, -1563485642616437188245149002632875866379
415, -14405702065993852161338098970383089664.000000, 780902304645100012995423560628115908333, -1346723095191295673413214006030214487205
425, 2665040617692213886563279540970323968.000000, 676322484195012235486021630447647898285, -1362887135050109620958948773635936144189
450, 153453223953930067276814387612395503616.000000, 895300005053032101349359642814894707239, -1578414258197665693450627413983728705837
475, 66067109583363764516808784515495362560.000000, 1135065654993456550179786756115749401163, -1512380683122888443178793946272871970720
500, -213565429931434408247598140943073542144.000000, 1074305221917260626183646786826616604429, -1157125403466746137586982825639004495334
525, 63588153648964276907093905182814109696.000000, 1134694412018636455337801643915133923281, -852365469164504529166175147479701805497
550, 33776693947515304002147512438356967424.000000, 1302533894641560475059193555012095539745, -1064115244761555809138374258582027624404
575, 114641821531637042582588685203504365568.000000, 1432490093787720829993978457745426069143, -1429348743719335731904503905754230033373
600, 41017727923089667284330674256871424.000000, 380367601903388017989636332102162006772, -368091836728584535114534506410534667865
122, 0.000000, 0, 0
123, 0.000000, 0, 0
124, 0.000000, 0, 0
125, 0.000000, 0, 0
126, 0.000000, 0, 0
127, 0.000000, 0, 0
128, 0.000000, 0, 0
129, 0.000000, 0, 0
130, 0.000000, 0, 0
131, 0.000000, 0, 0
132, 0.000000, 0, 0
133, -571406344427227070857216.000000, 0, -571406344427227070857216
134, -80120850339987118106869760.000000, 4835703278458516698824704, -319911995015521245356621824
135, -63248543251666304487129088.000000, 4835703278458516698824704, -319911995015521245356621824
136, -3204912719707532372738048.000000, 56668397794435742564352, -4835703278458516698824704
137, -8048059652053505666442757511577600.000000, 5091995552216818083862413312, -80480601307289828242222693102911488
138, -128607275966202920245919744.000000, 2873560004826179112534016, -1237940039285380274899124224
139, -3832408502367250311294191264595968.000000, 19287000644964651175929446400, -80480601307289828242222693102911488
140, -11458909207894123985096180045447168.000000, 19287000644964651175929446400, -332306998946228968225951765070086144
141, -6515907341771500199492518152241152.000000, 19749012189224582198000091136, -332306998946228968225951765070086144
142, -9535868857494212239572027805007872.000000, 1298074214633706907132624082305024, -332306998946228968225951765070086144
143, -6095290449141264458173984941277184.000000, 12364183633890906854652182205038592, -332306998946228968225951765070086144
144, -2984982355555159048273848386453504.000000, 1298074214633706907132624082305024, -319929658485600536349737954972794880
145, -6132922696477189023225256089747456.000000, 1348319687054772671563479130308608, -332306998946228968225951765070086144
146, 947633100823838084174023437058048.000000, 1394509784214048629020182754143240192, -332306998946228968225951765070086144
147, -668170715593236037075150980513792.000000, 1329227996945487020917092502820880384, -332306998946228968225951765070086144
148, -190614762158214277940877381559386112.000000, 1394509784214048633631868772570628096, -74353691014218769419774548967931510784
149, -171868344329278429782204555271864320.000000, 1394509784214048629020183303899054080, -74353691014218750530852427144355643392
150, -349177660069213417679862190181449728.000000, 1394509784214048629020183303899054080, -85070591730234615865843651857942052864
151, -23680307642345131403205552633806848.000000, 1329227996922459581354999395347595264, -11464591132824766718107464277036105728
152, -16158760349278932916914744331337728.000000, 5005374171472831319769353890151006208, -11465261403079599615470516801787396096
153, -217710043717802521103094120775155712.000000, 87209818035951569311703520062688198656, -85070591730234615875048728021310636032
154, -153549249143409111988349532909862912.000000, 87209818035950964848793712745953361920, -74353691014222496473443132414659395584
155, -436217536041114564434051908755259392.000000, 87209818035951569330150264136934621184, -85070591730234766967771792953348980736
156, -353572907454109901641225344047382528.000000, 120974738139916794840311023938719186944, -85070856593711418301806426122331488256
157, -538391173238907824436673041192189952.000000, 87209818035950964991744720318133960704, -85071098795424125128040391817967173632
158, -818789220612882633917965449985785856.000000, 87957508783473583916025661012736475072, -85070774276874093187231653594711457792
159, -506178291797696523092650713707184128.000000, 87957508783851155987346617377782235072, -85070596945606488099087292519449887232
160, -483080690705352859853123679976161280.000000, 120980516813534696610463525971877691392, -112652072620230235706209820433331879936
161, -477277005467262592419750953105752064.000000, 120980516813457325317787667327730581504, -90397796056732305381782811189423702016
162, -419886042496292457704288989527146496.000000, 116971738790475415999911148928091815424, -78922912251437592659449913525793718272
163, -488352265924113800369933265737351168.000000, 121958291206207812603032443065004982336, -85070591096215293295302699663155531648
164, 116982432228952600227651234257960960.000000, 402033993448574450930322384606298423424, -170069789381563343643393317148769320960
165, -717841659838678916825718857010249728.000000, 402033993444865522643597446710046932992, -172777692895520472067376611574992142336
166, -803122574448583736146335610236305408.000000, 121956668611641666344213712408963448960, -85070591730772224272326850180940825088
167, -878626077285215938161257210783465472.000000, 121956675882089819606635000486431506560, -90741174442096273258383646491108442112
168, -2016013509797884616278189514397057024.000000, 121956663839206769818865858939817115776, -90741174442765558203825028236529696768
169, -2122686111660733844003657519091154944.000000, 121956662690119216746667692966667698304, -103140369294627827834470125490679840768
170, -2923108050483946088614885182077403136.000000, 340281680810146874338266040497326571776, -232622059593740861579511844192378716160
171, 174199660870478363370026692308369408.000000, 340738872270919394540544517219216588800, -170545513423639363936434828315914183104
172, -3309874468972023706023362618250493952.000000, 340282366145827257225862045281086343040, -172699498067049473079636000222839044864
173, -706645089120932877048502574703968256.000000, 340313817126432311502511445498973741056, -297715988211956910697602126431631998976
174, 285835592101980803481864509654564864.000000, 341113610839397079282220980647291909632, -297762709888948185958794777581142720512
175, 2184490086157624020259895721408331776.000000, 393700478801699603937049010693695489536, -245942869638138867920819548343342611968
176, 1102219231001222229704795064379637760.000000, 393700454042100321696805789996498437632, -245942746471111218066954744679481216512
177, 3038051270411856283823298572844007424.000000, 380873953561661806724422102713543452288, -245937027572511433278707508851499868160
178, 931301235311122177737006055856013312.000000, 340628526405420951826370076164328465344, -340401413425449555515410853563605943808
179, -788071555099816278253951463169458176.000000, 341559990469592341651888015135372234752, -298573057377501040287661336593209606208
180, 565266325920287099711324563894697984.000000, 342343939288421135986699908767214276608, -276441606211107196382454996334366639888
181, 4478155782938812846435701485612302336.000000, 342011623265100295430411329222078908416, -279101357701893410458125579490403701136
182, 864394908217734984695109487725379584.000000, 416037489219781859177482545643949444672, -274595135691587082891225373911000502160
183, 3079359270457105836060915083958550528.000000, 349528035836528374510956699239276051968, -277902247402312183872635023970785864512
184, -1215687886224472515508731884991414272.000000, 340362749198184507217412201436673931200, -309670104348460157367083975695799159488
185, -1277833788336161892358072566145875968.000000, 416068635640536813051185789895211586816, -274563983804637737825815513165915122768
186, 3707206428670493201243597724993978368.000000, 340567166721874672688115836006895602688, -277872777663566641740848307045988566848
187, -1408294787166882078927339311870246912.000000, 339251665873433010532467078953476708096, -346205588400933924157941061430285197120
188, 1042177337606818409481850377067298816.000000, 340184044221720927929317025061731527680, -360329809236719139824764489482196511136
189, -413361766821789386120936919031349248.000000, 340902665365820112749977666771238427456, -350925847216444695870487677981239190512
190, 613482398457447745606787252434763776.000000, 421974291696456896184204069246855582720, -350842892231104267191208564747631498384
191, 749320285693164686635803240457830400.000000, 436198123796290407715141135196105466576, -340391417455196185204185361554293338528
192, 2706262929812956165140213122962817024.000000, 342382692148306451645723226434037900864, -343764574463507281524298043457658092864
193, 6211057603736432870298895784368668672.000000, 340460842906842554189646992273823698496, -340554383341054495279145609603761097152
194, 4462331787355940964879646685564764160.000000, 436443198130630831222544411118982139984, -356724355331425860841543570480511572832
195, 3094777839031920143471175171045326848.000000, 342849476471882589663106321683130831712, -356136381857377951167504414889849444768
196, 4007367362228738218153281251587391488.000000, 423578903849521459854825226523484466272, -336891425112085822962406687302411376960
197, 7015686459480318838833923082994843648.000000, 423823750687236895255029530913689546880, -295234365008091155906074031175983725536
198, 4447450556334628994702498042912702464.000000, 423659017589648502531040889745668771648, -332178770753224795873071055157949890080
199, 612885693801341248484157061513347072.000000, 339137021000131432648963821485197295920, -386741676757283131429132330688213991440
200, 1975547479743699221248364629310046208.000000, 340991398173887711363096462960124612496, -510277221349851543774976961468096580928
201, 2805322377674499795061008447886589952.000000, 349235902582191981246795758998378466816, -510519272088746592207846394982973626688
202, 7035139426937673368137385584285974528.000000, 480019758037868487246104649860997562496, -354134513477655821264727148077992525312
203, 1849589961481624215566501934794801152.000000, 406804951193044807665187727553716293216, -506482665887357778404151469366461337808
204, 3129051572881156326560286811640299520.000000, 383525830491318923472279131102574335936, -501196418948953913287111336804688735568
205, 1334996460441925345147888324514414592.000000, 361171821145269450450173360443291208080, -420285345146815303608303221256510969216
206, 3024119605131679557952132805285642240.000000, 338870776577301341952650707065335024752, -545202272170203141250825302297353570176
207, 6528880905732725142668472236778717184.000000, 409348080606254975957028426490104397376, -455055875841449971938083267085972437568
208, 1713525294081015465757379494854787072.000000, 409438026743762875430705471519135512528, -437383701822391274341214982494063431744
209, 2093469944935893247105841223266467840.000000, 364745471897101236341879356955934277824, -493251690293108170009227607829637032768
210, 6834086030042363399753493833869950976.000000, 409360415680332520010835347911244772016, -524058865103322866495183204844787291008
211, 13291218770744064764187421560511922176.000000, 424424682544968603754254993837648378544, -524058866638066774604471790660153331584
212, 13716492574732783431406860335174385664.000000, 391676565419181000700875661843209086256, -524082568294375504986875604295397256064
213, 9525902105452887259002551607278698496.000000, 440799579226807587003547613947110518720, -503463302439377673668068123240551031728
214, 10334970016664905031729737432563712000.000000, 459656850152569198268435741178337751488, -511251142287992933748915957850916853904
215, 7992224209812270352613195079133167616.000000, 381218837459213608436731788464695175360, -511739883046166405884256692056230073520
216, 22482799963812024358005679037270196224.000000, 382033376841604295785974616566019521544, -476395525843314262921020939433783443712
217, 12181829126909962715481514121283764224.000000, 388349866204402234895799867464054138792, -511772412851666732972954717173787629000
218, 21884153950693155540401147038176116736.000000, 511300791829080394077171058792581354112, -513551141125544020569059113574206315472
219, 17076541484766119387218712859485667328.000000, 466437380449992181277998263274121945392, -477154111019015961009813392104844659548
220, 17812713641298041363308356105079357440.000000, 400178168921187465838618724688097595936, -608143982254247782492570616350858110224
221, 21111847605966472512484184862568218624.000000, 407670986880390855360250333498422523136, -553498018568905248154657478341762639312
222, 15376893035087487437911816274414927872.000000, 511042402547552342191226729427278554364, -553433447493427212129396880183037732304
223, 14920013733533651375969870200023547904.000000, 484354580611072731311194786916950430512, -469852745243849006343104698890433862264
228, 6657256033900266376904612174740062208.000000, 431231332743977803404378930237882920256, -540645561723338836203076080593526643912
233, -8275442550998391836939000718819328.000000, 502186040520218510221717053280102863192, -491410807538141833157325436386469853872
238, 10838274168086698053954342474087399424.000000, 545831799319922457549763984977984539160, -596763143243696224461037021316416415400
243, 9916111229119673844511820097572044800.000000, 516059603391842474497255811901715171440, -532783504134002321764638413707936187576
248, -18269645915353109457107706891695292416.000000, 549334063367164463628060239292812932084, -594911101602312738237730839700932173372
253, -33552940506661651559601836183974313984.000000, 450543252482054639398813659140015088588, -512557265992736804214771397898792298152
258, -55465943362948397562223574884517150720.000000, 533750061502972730543575408746161341512, -527117715321155166561717336182725310040
263, -52514285992750304748314280884424409088.000000, 593737546899497670423278542544474914500, -610302200008228858737963502881035298974
268, -68491606070768863909221115710532485120.000000, 557069100289728304280717782904221141432, -603159749761006614532766454585416172192
273, -53248824505225426459511230714238468096.000000, 399635637643774375614391797365027719396, -582515409251806877268434695222421334440
278, -29225612981299978534808809314388541440.000000, 512956432325772894895318909334519739043, -582533687037115299730129767995609226588
283, -4279067810606056749840375878158123008.000000, 472125968464463826077505805082515711616, -537886537054538727421695106637183978968
288, -21503706739905119753052954385977442304.000000, 451623906896114476478098653583502060500, -467887855029827860394661225854470612376
293, -23660230684628511049481339034643988480.000000, 496898595620119268619247694776710605092, -549706256426179894834225031418818321480
298, -25595985600423224367238779622532317184.000000, 542364402096016663428276267387946036944, -632785361846306391691526434328459902540
303, 34299039376636425757360312111960424448.000000, 524973647323175961721040716393803217675, -525917678051600683927094859161080142020
308, 65281609784684666459413141909799960576.000000, 551576849621186408275243396109505540916, -613978648506997913543563921095396726628
313, 37439060492230853237903928805990334464.000000, 557044951639928400325500754853365536743, -517354425847585656858089443559764879391
318, 73845317289514471241304161545476898816.000000, 563894881730942759346641658980833447874, -437250357389246742328624032695582456309
323, 25817386777780871596429528566662692864.000000, 573084212557182168466705036772872358909, -483669458107765519541666010467865570452
334, 11497546532115129186857128392195571712.000000, 552369010660624456926112413956477341807, -511347394508539764387941815531669787788
345, -14475977705437517014508483202217148416.000000, 453376000874937334626467685210566606783, -516845813479971968251221205003659697312
355, -38093021869377607129230417380054663168.000000, 478466667744268323997825222509021432396, -606422542647579287181887576591640239766
365, -52557222591125046844945927846815072256.000000, 525368623470734044566616136695243171723, -602935444209386809460893941603148692740
375, -55578490982722336653320293051420114944.000000, 526358840345950059261035197823145194822, -609369513189540682479607384687073809320
385, -60964954635245034175715821720625479680.000000, 510582543606872852706286011883013934443, -1214326810716550968170634466366667359740
395, -103088101098887513447152128251429650432.000000, 821547492107039632374593815935678415495, -1412341871692563371844374453248058179763
405, -33421054807086650940552935804126625792.000000, 694238029770142481793139056443694095650, -1499531977856625848782263049268887502219
415, -46457152155860924798968790498565685248.000000, 689081877226536671698419120820112858889, -1468373748707972182593787814081160955723
425, -7980988675270588823716968404074102784.000000, 551895586392449932773605973045854579903, -1426742356070534993395932579113250848183
450, 133481527365642746753225740584568750080.000000, 579346975201248046024629359350976508153, -1499357278802933940162458292158762336385
475, 159168850765433126984652147670678241280.000000, 1046030880236069663371400261463043587963, -1639368784193828066215583186960708154458
500, -207654655101270235239894882782638243840.000000, 1087039817675734039235956940706026141314, -1340844808025724706205281977621531022535
525, 54510632626378316828664317532807626752.000000, 1246989309471979722219087020480121262450, -997328600159436150300759101123803298231
550, 54619600741455532793662935225075761152.000000, 1354451434398973775944743118504437316534, -1182326710198703738297452820696103664077
575, 75505230194769397039804167339731058688.000000, 1419541777555107655666644726883289929026, -1399330441055184467965020700646260897759
600, 41017727923089667284330674256871424.000000, 380367601903388017989636332102162006772, -368091836728584535114534506410534667865
122, 0.000000, 0, 0
123, 0.000000, 0, 0
124, 0.000000, 0, 0
125, 0.000000, 0, 0
126, 0.000000, 0, 0
127, 0.000000, 0, 0
128, 0.000000, 0, 0
129, 0.000000, 0, 0
130, 0.000000, 0, 0
131, 0.000000, 0, 0
132, 0.000000, 0, 0
133, -162373849146989881027723264.000000, 0, -319911995015521245356621824
134, -80120850339987118106869760.000000, 4835703278458516698824704, -319911995015521245356621824
135, -63248543251666304487129088.000000, 4835703278458516698824704, -319911995015521245356621824
136, -63248543251666304487129088.000000, 4835703278458516698824704, -319911995015521245356621824
137, -158045505117534671836545024.000000, 2873560004826179112534016, -1237940039285380274899124224
138, -27692366983251365448721746926501888.000000, 3943176013196153753436160, -332306998946228968225951765070086144
139, -16615419223515626100489397515321344.000000, 19287000644964651175929446400, -332306998946228968225951765070086144
140, -11868156304540118547790796261687296.000000, 19287000644964651175929446400, -332306998946228968225951765070086144
141, -6923091267740504482658154545414144.000000, 19749012189224582198000091136, -332306998946228968225951765070086144
142, -9659727833475667539561392568795136.000000, 1298074214633706907132624082305024, -332306998946228968225951765070086144
143, -5627614898454725668926099002753024.000000, 1298074214633706907132624082305024, -332306998946228968225951765070086144
144, -1627880447656559112324581630672896.000000, 293364772507217761011973042600935424, -319929658485600536349737954972794880
145, -4450574424657682878123331029041152.000000, 1348319687054772671563479130308608, -332306998946228968225951765070086144
146, 1453600759418103490965806788902912.000000, 1394509784214048629020182754143240192, -332306998946228968225951765070086144
147, 935738080739530779810441052815360.000000, 1329227995789522541407846399186305024, -332306998946228963614265334325837824
148, 231663627082297342836623291937980416.000000, 85071495765415795310032257162546249728, -249230249209671723832095617197277184
149, -29283873951570675650331651268935680.000000, 1329227996945487020917092502820880384, -11465261403079637394187332876742164480
150, -23926682363185585484683459094904832.000000, 1329227996945487020917092502820880384, -11464591132824766717891291494922321920
151, -12076785323150581344762574439186432.000000, 5005374171472831319769353890151006208, -11465261403079637394403505658855948288
152, -313162225464411955608392150170992640.000000, 87209818035950964848793712748100845568, -85070591730234615875030713622801154048
153, 69556259088967143112617987441426432.000000, 21610643841822590808312158312049147904, -11465261403079599615470516801787396096
154, -305233931639637088625412249783107584.000000, 5005374112206451909005814109581606912, -74353691014223680606847719177451470848
155, 215392447992067563805001788837330944.000000, 87729819515502845193110729176935038976, -85070774276868728760061345655491657728
156, -501588198833892822546691197929259008.000000, 120974738138678854824084038571567087616, -85070856593711418255617508344288116736
157, -525426280130287445368356493332578304.000000, 120974738139297829556869593251202465792, -85070856593711418292583054085476712448
158, -355073087089406607295911826227724288.000000, 87957508783541289664881902358602973120, -85070595533186416711891327360602472960
159, -593559592258760708432445308978331648.000000, 87957508783541440799052720561272389568, -85070596945606488024622702014776214016
160, -722005228136968739039695593493495808.000000, 120972791034567411167714578063042019328, -85136694126873680881511879046438322176
161, -711662062888114074865485415310163968.000000, 120974738145801044170753284025100009472, -90387463227787160044792058527078154240
162, -638723175182968685609079987360497664.000000, 116972064576573145169415603780522606080, -85070581668827881488178221910083436544
163, -399905804866154094507904188425437184.000000, 340282366918457589431232458130129404032, -170152866132189380912806949942282158080
164, 126119106524934479257883314933989376.000000, 402033993448574450625940041904532013184, -170069789381563338272163399616325419008
165, -421054571311844354679075788837355520.000000, 340282366710352929735628051285901492224, -171366484392290768783215062913158152192
166, -869173999777510729045122911655952384.000000, 121956668611641965331315976870771294336, -85107267417332022646809462428586737664
167, -1728116882999235672828676597801287680.000000, 121956668612849565703248149909254701184, -90512118243237991934613699713441857536
168, -1990744194910204686803098170367672320.000000, 121956676218809694646394200046117666944, -121502331149697282024067468087357409280
169, -1413891267285804552444970839316627456.000000, 340281721375511695888787074692150950912, -121502331000999518056204596331394629632
170, -2565825165527457977872887547552595968.000000, 125666438208250806865747212685584089088, -117489994756353564166593974893710671872
171, -2092380019614157407211618755172892672.000000, 340282366707934586083643579828830343296, -232622067499908394786625914764255051776
172, -3141570432924474039024941898087268352.000000, 126031044653476819924401982007877132288, -232604190457470013026513554510582497280
173, -1277131704289383562271639918014889984.000000, 340313817454402355284238877131642327040, -172697664450122480772070041916364798720
174, 1308286649140129476598866702787149824.000000, 393700476495594537742947127696485475840, -245942742081261363741913902075310283776
175, 832725436053199668820975175140900864.000000, 393700453596626801774446709517421004288, -170151869857791695012534700836741181696
176, 918135877436969532729388456225013760.000000, 340277254985829210822138959107369145280, -180763958504821133998847334984966991872
177, 1655370419130731866480022239854985216.000000, 372432828798051050209345331355417679360, -245937415950586479140721160210727972352
178, 760260526179640879320194907570700288.000000, 340813658130643294602520442731421907456, -245865536517299027821905546821909039104
179, 1446069567022380852901848503354916864.000000, 340134366529437108809541042619041310016, -276441121187292668857074563976559867840
180, 2155370691617937740388312969123987456.000000, 422653914215849015741652156730832158720, -276454001241753998870199827345369284672
181, 2561722414101495536625292597090320384.000000, 340682535324840304465445097199852353536, -276443461569137452084328576592056831568
182, 2074697531527509123288379854029848576.000000, 415096992522288684647947226795317890816, -276453329340249013890959675650858633376
183, 2543892944021787161700271352014962688.000000, 460647417576140906482799652091704944000, -279102030146425074289239849892055631248
184, 3189160161997901587481870775068131328.000000, 422621566123221871695449741641140769792, -277877717888260957541269513989293443904
185, 1274219411581240353555517829741019136.000000, 460650459748072735414613512411375912832, -276272447893033201255612691465460785152
186, 253157621275033612797624716571443200.000000, 416162126242591358047368452108119258496, -276125629909485803240493532777232002576
187, -311503752836417622291903684049633280.000000, 416011853743089582192143968420768266368, -352794748421175543254403467630540916592
188, 2338978593292871287392879699640188928.000000, 348043972912100869863086289098114220032, -352796535062923578452225509955502179312
189, -492879826986572185694895481338986496.000000, 338867369461600788468909685866820928768, -276441114831245934261188104335327569216
190, -1857878864988519478080643462384844800.000000, 342807716049680235294945102257061964928, -361511587743859890692690724525566422272
191, 5216076397217848721510506993389928448.000000, 425803415865743695209921711559699817664, -280389611294278055192196027444270875136
192, 2185405530824789903372517346841198592.000000, 352838287844733467672399188471186298624, -342116119369027057096076382921620589520
193, 7254497064411631365680480345649053696.000000, 338726760132108353612457607113551517184, -186848243800525650464160202276323976640
194, 5810068672524529989229301628447752192.000000, 345979342265058834134359385649473988672, -346255804821225829022810188839444057344
195, 4148420903831576881456906433793622016.000000, 345933950232908772900374235895724878144, -337552063699838765888361971177715649840
196, 4485754373404900909794153683790856192.000000, 372257356277021062047191103640791489968, -280818900691637867421566034637989382912
197, 4287572879036913971518476343975084032.000000, 423575909304619472537521314868393668624, -354811018316563339554445410482434672960
198, 7577606040142389189337663186617237504.000000, 423794010817222178739960502132667837648, -358877636965682356202975737783624613424
199, 3774741308410902351093438889823567872.000000, 301066506552959978159510272255487154096, -386752040790443401507368989317413832720
200, 6317732098104523418625881599436128256.000000, 447461463082350623944869569327528379520, -370327959751652438727313230642718482720
201, 8208077802015696600581272395233361920.000000, 447414391966933570241515508151700529280, -372670790877531071619874978182628183584
202, 334045191193818322766221020460220416.000000, 472560615013382122804918166217562424736, -506482331316496064071261877851339348288
203, 8405569110264749743196773500837691392.000000, 517382870027731560330822405806682137216, -426194790024435104108038753261161149312
204, 2385745040804449637533237012674379776.000000, 472831983537317009718285125810348037280, -501167977284061099917251220215366032592
205, 2426308190227562369590899702386130944.000000, 423539901795453795183111565658820657792, -522268799476055072495734017396714570624
206, 5681936734826955393234246897288347648.000000, 392664690907436925295206900329488733696, -356375476012790272207757214430117191424
207, 2291956532165813057494181667932209152.000000, 335989231774403520670820086287714048112, -505616761185371623877277898522997966720
208, 5645853258610355568619213458872729600.000000, 342954457938684557615730623727161817040, -507690605719211117009649529152771064704
209, 6528915567449186315357367930619691008.000000, 390460443466646093928522304808295940656, -501740438343080111320299156289351668064
210, 3484114277259473660048943122411945984.000000, 492375784064823254223788661638869650848, -524082597055481959243700384789740426112
211, 9055749976729960316879642576667279360.000000, 424346560783198401320967861470167654320, -524053122757943531177754979157319854976
212, 8773722169652246688069118893687308288.000000, 377988126745875913980905303243843473600, -504674863839020999876079036353847645744
213, 8955685709335651246546627636970389504.000000, 459931212063117838647777318796809916608, -518558802697928630511709594157485289392
214, 14353520771715503058145549948811214848.000000, 349548067776566917423332404922878732576, -525754598597100916794404411047399650192
215, 10505481614501949784671275695785115648.000000, 521679303459455247544893287496615867968, -511655250419492367315185886886960984112
216, 12617369919122150217158889750357082112.000000, 519354096174058766311148297570984453696, -511646490804642454877038468514214557832
217, 20211400694570491070077578958438662144.000000, 481367636386207269427187399655810124560, -553767498870107764778039351456402835920
218, 16114347618568598532606064227017293824.000000, 407927296736683114595485544438006862464, -553425135630001724490373517679282702784
219, 16682091277022871852804538646199795712.000000, 468014921332079945410867188400894054704, -474520346423753527234524437022313532252
220, 19181646083637045227052471452702867456.000000, 459816534445231619671047730712488382716, -511088838600544231858466366256542718344
221, 16454834833832835456922392665624936448.000000, 450671127020776859972906077879532693576, -496868943579366055185381054845604688416
222, 17618171437739331560640052718594949120.000000, 395102770220955991470107623879334522516, -553842180032152093413123486376413451728
223, 17010077360300120131805549810249891840.000000, 393660287694599463249176996005553752896, -541350443078849347902635315107207429544
228, 3689104795836714837445571952787849216.000000, 539991071559983311825458399625052960464, -470268496645991385588833474743662335780
233, 3917296975544500928235698462258102272.000000, 401963868221829708736479910152766709976, -513082985550025985063462917658320772392
238, 15997548331992821567202094233423970304.000000, 573570663118013456621951469869829143912, -437469240837664945515917095782471000356
243, 19999510041380104445071507795042369536.000000, 593971762110014588860505784203131922896, -553280566610337297112116687966098511720
248, -11314901058139589491541444547546447872.000000, 552028222595749664969220780969258598896, -619328948890919892587357418036049690776
253, -35032672817946024269498363364312612864.000000, 514623192156158592547810021371312176040, -598897412148531194233452668818511174532
258, -51721761906037105319450717727167086592.000000, 549573693853391914524445614068735866548, -542391663266584247479661181617138452564
263, -55138546528354308421139871993356615680.000000, 495987341648429201524735805153267293320, -552399730697595112560394905768125413886
268, -50687978092051758152571053742743355392.000000, 413144803492122273103190959726054951240, -609772434405159110289396318105926514434
273, -47803592602326778432320351132482273280.000000, 421183002123941111612929595378975611552, -582686760277083044154500485838305551132
278, -26869488641296995414188692722166005760.000000, 524476434583112599114016050811432754050, -573081143706236151167756713585063277186
283, -14816817182675776561655048692278755328.000000, 528938530425251245248361177818945900740, -650430333813676245929398467945641486362
288, -21962806085193527856530318828077318144.000000, 562087675760161179145243398138964615063, -474757043047488372158304752882877883800
293, -25292804517773194996087297810301452288.000000, 526266834575205897651334302884363187163, -552364052965401469112794289234371663944
298, -18565616411184677863095358069864923136.000000, 532225479381659962354886838738601542547, -557763858752859861539926746083849651528
303, 29031296093147186115205273410636611584.000000, 587116142690276464293634916475104403484, -674867997490408742477183841914121328836
308, 57068278746338641966379781004808159232.000000, 548715099490080401366397027662497428788, -450032820523758885836175264687052960429
313, 42015568045587627891715161460632977408.000000, 528606662163200229118504073626474730471, -486135383789647385696475709207627508767
318, 45762732934816611682500523080913256448.000000, 549780889782511857861000794221176507389, -466487664216579180520822714384116986296
323, 29584128507066063499431120141149011968.000000, 504566048419597726383179117812942295778, -422295586494995931731755787516371424046
334, 20233179489494485502452744590433714176.000000, 497787243382996182898699270404747766434, -413741773384657913018215763541134800907
345, -11844711175296993414301776695514890240.000000, 427371632505916228414423298533907469083, -461416657380105316520770317213112557054
355, -57736608090105794888320022300808183808.000000, 437559152759110607863709423444844035483, -602883129622990921681473272566557331502
365, -41697878853628765952940399709976002560.000000, 478456615308062394046875872049022716868, -602164954916663709818360893308737315332
375, -38436767687316929059696851264559120384.000000, 470037883334817459253538737293255389102, -673868274589713921872182088258772828224
385, -60548503542298501665147111465241542656.000000, 446158949208408853222672291028044500151, -1247431840092616477327610952746771909137
395, -114868976690978529645143692304898326528.000000, 791182085405869509239302490861575228559, -1517548762098975994512336430223489399565
405, -48097658882218272246096443712659783680.000000, 766382892443620233988969107692560451519, -1397919470147269102357886096213154906092
415, -51726379385230157031376117041637359616.000000, 683486931365158433760077675621594153140, -1448656400503654516135739762274329033889
425, -4582536867844689423531959615708200960.000000, 538760289893213524244316318155880543649, -1374524003831716248374587138717085716373
450, 139642445536443614573770093124175003648.000000, 724201745803196476199910440771191516576, -1434349905013375114164332100060831219432
475, 129418080755004504190119551190945497088.000000, 1579272787110342432816364166290062932450, -1524413620659377056927166924707620551899
500, -222982679427668219162177302674374918144.000000, 992547316394284929436216332225331331733, -1159394605839793929940648156178579210168
525, 138126933216771094558742793129782411264.000000, 1102744167060508242260277518491867384367, -904992015032904843713116040817703782131
550, 9167543771131186601384528337906434048.000000, 1237029760282265910419438418977183882193, -1412107624793563165722011190996762452271
575, 110393321337740989847156659675419639808.000000, 1379035941415678470409344068809683356274, -1429141574715790027376417068888183891677
600, 41017727923089667284330674256871424.000000, 380367601903388017989636332102162006772, -368091836728584535114534506410534667865
122, 0.000000, 0, 0
123, 0.000000, 0, 0
124, 0.000000, 0, 0
125, 0.000000, 0, 0
126, 0.000000, 0, 0
127, 0.000000, 0, 0
128, 0.000000, 0, 0
129, 0.000000, 0, 0
130, 0.000000, 0, 0
131, 0.000000, 0, 0
132, 75557863725914323419136.000000, 75557863725914323419136, 0
133, 75557863725914323419136.000000, 75557863725914323419136, 0
134, -80120850339987118106869760.000000, 4835703278458516698824704, -319911995015521245356621824
135, -80120850339987118106869760.000000, 4835703278458516698824704, -319911995015521245356621824
136, 795958805993081137952456704.000000, 5091995552216818083862413312, -319911995015521245356621824
137, -7316417867376035319672448600768512.000000, 5091995552216818083862413312, -80480601307289828242222693102911488
138, -5748614126791943562021041522868224.000000, 5091995552216818083862413312, -80480601307289828242222693102911488
139, -3832408501323102338960981873393664.000000, 19287000644964651175929446400, -80480601307289828242222693102911488
140, -10384637522478429823028018261524480.000000, 19287000644964651175929446400, -332306998946228968225951765070086144
141, -7763952779128906320165931313004544.000000, 1298074214633706907132624082305024, -332306998946228968225951765070086144
142, -4214818386114186008110511754838016.000000, 333312879697510068256039399063552, -332306998946228968225951765070086144
143, -50315623395114501740914962071552.000000, 1298074214633706907132624082305024, -5192296858534827645981944885280768
144, -2696681338029553406282514963628032.000000, 1298074214633706907132624082305024, -319929658485600536349737954972794880
145, -3133258258623070806344067016818688.000000, 1298074214633706907132624082305024, -319929658485600536349737954972794880
146, -1931468704965636766029786814349312.000000, 293364772507217761011973042600935424, -332306998946228968225951352753225728
147, 693997414886226838911946986618880.000000, 1329227995789522541407846399186305024, -332306998946228963614265334325837824
148, -196881940665395074333939315471548416.000000, 1394509784214048633631869322326441984, -74353691014218769419774548967931510784
149, -27897131768801403794048794641825792.000000, 1329227996945487020917092502820880384, -11465261403079637394187332876742164480
150, -335353995880924898237239372854329344.000000, 5071427067049487954910739622097059840, -85070591730234615865843088907988631552
151, -25373388170499848931708349813096448.000000, 1329227996922459581354999395347595264, -11464591132824766717891291494922321920
152, 25028248522440438688693835196792832.000000, 21267647932558484035055068902049447936, -11465261403079599615471642701694238720
153, -256600304937381451939423731165691904.000000, 87209818035950964848793712748100845568, -85070591730234615875030713622801154048
154, -434195214261332339639794729987604480.000000, 87209818035951569311703520062700781568, -85070591730234615872797209682602098688
155, -44379893289640306150486138844872704.000000, 85070591729925130856024279587955408896, -74353691014223595678019989420166348800
156, 124084898966142461628061596394717184.000000, 87209818035950964991744720318133960704, -85070774272382858391230275087985016832
157, -347347672186703094901370902760390656.000000, 120974738139898650350768662535023362048, -85070591730234776430722945084723036160
158, -829543964514882015034280614532481024.000000, 120980516823576336691453400069488771072, -85136793515257852819957098006246850560
159, -571844383605975856869100581615042560.000000, 120972791034567411188467165150246862848, -112652072633547762396737372551882506240
160, -148904392514643511700098688193921024.000000, 87957508783540231873383132094684200896, -85070596945606488108247913228686328448
161, -681869909499082626373796662444294144.000000, 116972064581130703429771326860503809536, -85070419330915931191839113881911033856
162, -400269135507324440145895611313422336.000000, 116971740058126016232175790817860910592, -90387544278217911927824703993904365568
163, -868446832130724427566270602784276480.000000, 121956668613525788658203845989607276608, -85029145618430066438100211772595767296
164, 75028649583359216835887019442831360.000000, 121956668613207874473388553537097564288, -85070591037595944345244240916834815872
165, 53079134841155284718743060555497472.000000, 121956668613041679686096167372934873216, -85085416824270309784419812088049829888
166, -408382087174896792133865494185771008.000000, 340282447839991451683382779173324111872, -172777693845101037135795252176254730240
167, -1131455270112291796330566790414336000.000000, 121956668612906538359891957236435140736, -85146498338717565448870142383556656384
168, -1315162890270830582076582156493127680.000000, 121956668612911520505016082769239556224, -85091685253650745964724791627827051776
169, -626866754668666178503560917397012480.000000, 340324247086710741394961164103032045568, -170359290405587868785013037519200002496
170, 71744584537086922651195134764384256.000000, 340281721375441095814934201303260953600, -119630803264615797902987941760697106432
171, -4001778774175756826671216911208939520.000000, 125666438208249312739718017192623325184, -232622067499908487520524111085412401152
172, 749482495899143545554521586065735680.000000, 340365533957235949424767639117195780096, -171195168092427013192931507921890775232
173, -135524101180069050776815644750905344.000000, 400886579189737054159704100221484843392, -297754239298941442048431471037773365248
174, -163137129663761511258985956563222528.000000, 340313817278622103105797140212681703424, -297715988717134879745452017892914675712
175, 2174357711589237150047995958017392640.000000, 393700476505062477297497056189637084672, -170151871316991388763915872364577951744
176, 576777880448612439788377532088188928.000000, 402039696352439022399989160656083320832, -175442437372822096582379095016188461056
177, 1581210328450978102669461663655133184.000000, 394313883147893067381725922481238917120, -175471494336270261049344200694056927296
178, -367132760128638274936191088706191360.000000, 341632259088078612760712828405060739072, -276435318530965820689684515408430643648
179, 656221764753594003609812454491553792.000000, 345884635124303882450804926425258001920, -276100760302775048469488579505173644672
180, 1193805845182390991207066533902680064.000000, 341685535249756216744450325607328469984, -276453327723749149034574688370235875456
181, 1398147896954886119366866176338558976.000000, 340266273958820168421810430631084629440, -276442906125270092285142857656191142352
182, 1449055776205985497258239046944030720.000000, 422623047287803898190763126618525308672, -276508486943408639312545576911299623072
183, 3171196000937401295335340116218478592.000000, 344910771216673115662404968892811892736, -276426434333986696970543027482993148928
184, 193818507481005761373133498327498752.000000, 357573205901490305639329783732991216192, -280587497136866376151000391538623091328
185, 1431296821467094872041034690280292352.000000, 416162115783879297601093425502408610304, -276566092669550395552028505882193129232
186, -592455654232164213850604566713729024.000000, 416035779985120338986528793385611780352, -346200703901774918140202871886982825024
187, 2337231003677029180877819816320172032.000000, 342769846421634895291693811516985990208, -278013846689671199971779163784851240768
188, -296165411026023898933146248894480384.000000, 397333854443506057018708345712726149952, -352794589893079312203777545498981934192
189, 734766899530339819607105000953610240.000000, 379546133084553503176500088265256321376, -350527924010032611520905330482699561376
190, 2334101917936563854639186722680733696.000000, 379561840791872190884597294668065880416, -280018729125542550342121812840321709376
191, 2194249680843144419222963168934363136.000000, 349855009715732527546159521576757214896, -349065996845989660918463688054671031728
192, 1509923355890860616818220128375144448.000000, 436190517114462895219101152835076942032, -332860533872345592062279544051129515376
193, 7252961198693673137513518842553303040.000000, 349758585247351097739702684154685046384, -274093295435670107619520358627036654016
194, 7204338261190581925990118619160248320.000000, 384561315121933257967914140114417276288, -315319604764970950177791931109469189584
195, 4076646236459309746078621787783954432.000000, 424990186344818235918261102693178553248, -355402817205473386725865256554995210752
196, 5650665458606387430068570419294633984.000000, 346571274641806552351226323991822944704, -340656686018732198540680479282796682560
197, 5546351053458403485825186322458869760.000000, 423791179674789258487206103478704517184, -361034407244079526210111918133842468384
198, 3780571499890685345095274263197253632.000000, 345645987120917937331724254564990504240, -405842965834429491288786768837212643120
199, 9619194192081805355547236323295232000.000000, 406213741805873038216260261011944469392, -348377988301186624386747460446532439840
200, 1380843696782448451450693635337617408.000000, 344441701980416029741507398236658330880, -510435269110427102672400830268325517632
201, 11040345153843731752675528302670118912.000000, 455449160702649264395441308355420340864, -430889403387809185394860935114024169600
202, -186188347162356368985541047499096064.000000, 472571608472560470122824046972370180032, -506519172222316932449852407637423216832
203, 8317428889813457295355686585886572544.000000, 386186762830125914996608267645509510736, -415056664964483979470622988491632930944
204, -797475924682166733892702975236767744.000000, 361176706045527887684895308736487753072, -512297631054687748458068436734701867904
205, 4519537925717617892209176154675871744.000000, 392033509687651121566841214334165538368, -501204207352323146703728204624662232272
206, 7080012347352154956329505201420500992.000000, 409101524741671700166791349751987077440, -319731009393031779446780056582751562112
207, 4814057566252440034788376523722194944.000000, 476747834937496597614748515413618024576, -505315142464187704794622745957526999936
208, 1596464325648447982599098176787972096.000000, 409330273041433739847964082358162170368, -420716590740313249696761761916858427536
209, 5978714816336999929015390983021395968.000000, 404205110151086858907233637567737971968, -502633671105268580679069401524725345152
210, 10934742414304357981977806549209317376.000000, 431229563159678995008696694123039131632, -524051499843240637860670944206296534912
211, 8252719511604093045938292492641239040.000000, 437438064025164080074492088770735855840, -524032783458976912224191552480965660544
212, 8273080614773017553617847254926753792.000000, 368129058866106868020892510753258695040, -504792042112470471194846037964728914352
213, 13368757608712928149159806020129652736.000000, 393979266775873358074288272814146476336, -524059323450330047561684343025464584064
214, 10974377856935964015006955698858754048.000000, 417843548656441308904599933768778664512, -511740664825597878311885043948178448560
215, 12748428034868936955464993298045730816.000000, 502882355911645290454064807426156099136, -511673025803237227489662111943390883888
216, 13921005980250630627535813416130183168.000000, 421740373648154606144608135753011263040, -511623913294303431039430343827823409480
217, 22996150750189771622851032070559367168.000000, 391011269856136909963483635049382562432, -553343868331671876534894174041683226576
218, 13219184043014245366366981603066904576.000000, 457026962297375499862215487468759450144, -477021700961535787944839185211176991708
219, 19525153384967240092305200538105937920.000000, 430944594338095707795577140549764098816, -553349589480511350571531729961761491328
220, 13484187661936921688016168747003805696.000000, 429251402290948970357270998390607532080, -517477770568975980564347301722404826688
221, 15073512025788119409352378422185164800.000000, 385620272989110331657909896671009993560, -513469306522928285503773161513323420112
222, 16618481869974774931233748779647631360.000000, 419954518607739531555980664508288188240, -476071615615393766868767554920904453872
223, 7367193016639094580445995989873983488.000000, 437334250665771630628428322643310618432, -553175091581663317984522684942428998088
228, 8300913526057679874106133801234071552.000000, 535790859404080027444913962903612040976, -468069534490939168493729702762892369968
233, 21195382556155949656686416858280099840.000000, 578344810092167173656054993994731028596, -491314756116373319289760108216812196672
238, 3592856146602382945672250694859489280.000000, 528106816708165739800258171925573751044, -596654780165324682624995279791476635304
243, 18567948619888378875726535850488496128.000000, 491738083822637868879356826371780753416, -552811607450323863129131553551420382952
248, -28634524201612430061082231302659244032.000000, 596484245461493925695412433159164570064, -505644942792297807079308540978462229768
253, -29200216995410194967538369118697684992.000000, 451771298093110065382967288212526223384, -612169184056089117057176405914884895928
258, -46908070879589487409017501259604688896.000000, 543817305868273359872776725966232375624, -603958891497451135826473956986826917292
263, -61161848451540132595016978455955767296.000000, 541647459110699389250468431172354581640, -608425613148485983878701370010919194896
268, -72448783984838173794871286690079571968.000000, 494359594384888361354788971878677190257, -594257868957050517678011538520112029264
273, -53179025017628481819484965233991090176.000000, 548939351812222891747117985415817042336, -582681341578879128715164060047099093756
278, -25336242309735988333305008658552193024.000000, 512240547509787043771700808570844933540, -584984437831168317852929151643135286876
283, -11317887644114886282651773493667954688.000000, 529073165046080040958132570446323079380, -607896152124949143408277928508796905498
288, -14497740379117233684023364296011415552.000000, 494991716586810886736178520730612626552, -575438680489461160474556456616579179512
293, -12811986067867343061925442110923735040.000000, 534033229206971069980445368697856934811, -561026359994842995068073670252585432826
298, -9249065322791725541165992562841878528.000000, 580937095952521914283038961163153831964, -567871551019582134248422577452151642392
303, 32944442129935544521316786878499782656.000000, 569942301968846360749841844058862620438, -529506545000673907944517902369190761811
308, 63465850560500169874980460675257597952.000000, 597614542855312795319726455677695578642, -524526345400588830292112634271613641742
313, 40483362112009325758010152057479102464.000000, 571195295873830811550786026351206659372, -517355798904531589542128571381995528191
318, 41270882186654579643269707718425837568.000000, 549777823835556630559216861919620451325, -483821930595004598519538794560953131353
323, 31245368060903515607637516907720998912.000000, 572299611284606495539228316812997381337, -424283093248677544978769189279698279626
334, 20732215075360194550612344952972115968.000000, 479350997929734099929297333025852015295, -525993058848516991886496355763917235438
345, -8355584329572868517800001697791082496.000000, 468452432101648793288996804635782515451, -512317014529485524558836022736163212936
355, -54175730811476212017249233149829840896.000000, 423698480650745728966522413659336181060, -608517236485003315458306248562001277856
365, -23868977389684072060763909279337938944.000000, 708867407475772338936201468870908218099, -660656772174002741298734068546596922200
375, -25748806081842360593304056135535296512.000000, 572523492893003707094838061009006576978, -708847803814590347804932060149078232423
385, -22363097233129498079603394555498463232.000000, 884684845567786967904875754414621714390, -1298077346459512214990294964060706147630
395, -82292576552760120533808722490125451264.000000, 732241938894919151149897332868162654120, -1277864597372114655589295133649076375710
405, -24045320715846339787009154768219144192.000000, 615662881904929316297117291584906035575, -1399745848348592187185863937886707196189
415, -69999051833578654626122667550662721536.000000, 746365333242537024689747985841604714131, -1430332250309245567514965377555868716710
425, 2232367715862783178056139551266570240.000000, 827269802196121823790441458854338869474, -1414950127286177409685752639403531214781
450, 181911438600708639829842962252105252864.000000, 1012703140454213158723952383794440662647, -1556338572556531751843126457062858968935
475, 87642068896719806299240532326456754176.000000, 1133495489604981274346136592380937313825, -1669703078087880714392406534022348249313
500, -241633825092200391525830112721651105792.000000, 1068390887027815556607699335583293210799, -1147164282095863491659125147920800443284
525, 116564404653762418964384236184520359936.000000, 1081597677904199897568650611707222583364, -961650738745284282369531338340996179253
550, 119075441481557504110320908833784856576.000000, 1481008697173724263164772649126054281660, -944511188573146876631439674936815031405
575, 67204580597722941191630705745532551168.000000, 1399885209607342652636714048275107406456, -1121860857900206581613639359510105506085
600, 41017727923089667284330674256871424.000000, 380367601903388017989636332102162006772, -368091836728584535114534506410534667865
121, 0.000000, 0, 0
122, 0.000000, 0, 0
123, 0.000000, 0, 0
124, 0.000000, 0, 0
125, 0.000000, 0, 0
126, 0.000000, 0, 0
127, 0.000000, 0, 0
128, 0.000000, 0, 0
129, 0.000000, 0, 0
130, 0.000000, 0, 0
131, 0.000000, 0, 0
132, 75557863725914323419136.000000, 75557863725914323419136, 0
133, -162373849146989881027723264.000000, 0, -319911995015521245356621824
134, -80120850339987118106869760.000000, 4835703278458516698824704, -319911995015521245356621824
135, -4835703278458516698824704.000000, 0, -4835703278458516698824704
136, -64314145248525838211612672.000000, 4240685101616941401899008, -319911995015521245356621824
137, 791929053261032328223784960.000000, 5091995552216818083862413312, -319911995015521245356621824
138, -6190815119749159946565208472813568.000000, 5091995552216818083862413312, -80480601307289828242222693102911488
139, -19547553182937680238928039222706176.000000, 16464530742525018037551104, -332306998946228968225951765070086144
140, -11868156603037657303024097338327040.000000, 19287000644964651175929446400, -332306998946228968225951765070086144
141, -8397745251112099501420336149168128.000000, 1298074214633706907132624082305024, -332306998946228968225951765070086144
142, -9182704286844016627332476137635840.000000, 1298074214633706907132624082305024, -332306998946228968225951765070086144
143, -3193366949129777879456822255943680.000000, 1298074214633706907132624082305024, -332306998946228968225951765070086144
144, -2551358712073294396190225921474560.000000, 1298074214633706907132624082305024, -319929658485600536349737954972794880
145, -3503577989056502601640382105124864.000000, 14994811169132497080333920777535488, -319929658485600536349737954972794880
146, 1249794819618776447143604664664064.000000, 1394509784214048629020182754143240192, -332306998946228968225951765070086144
147, 714056250814832628234820513693696.000000, 1329227996945484659733851067998273536, -332306998946228963614265334325837824
148, -368313206493678363885270464462848.000000, 1329227995789522541407846399186305024, -332306998946229189586880649584705536
149, -22546867861789240798644320648298496.000000, 1329227996945487020917092502820880384, -11465261403079637394187332876742164480
150, -23801017036743370123754159611052032.000000, 1329227996945487020917092502820880384, -11465261403079637394187332876742164480
151, -501712857248986975103632808033124352.000000, 1394509784214048628443720352572375040, -85070591730234615875067023894796828672
152, -16299571250042557455496352028950528.000000, 5005374171472831319769353890151006208, -11465261403079599615470516801787396096
153, -191950671663413027913307158770352128.000000, 87209818035951569311703520062688198656, -85070591730234615875103615641769213952
154, -114825533053149514042318835563888640.000000, 21610643841822591398031510117491408896, -74353691014217660770164673897960570880
155, -436437172253944440267212009351675904.000000, 87209818035951569330150264134786088960, -85070591730234766958548702391470915584
156, -577251281245123002224542308603265024.000000, 87209818035950964848793712745953361920, -85070753994460862939833080551562280960
157, -787302996030972223988139152583426048.000000, 120974738143940099967988228357163581440, -85070591730234766967575886369021493248
158, -853140630861322975550091564498812928.000000, 120980516823576336691453434704092463104, -85136793515254830506705098125992787968
159, -601337920084563576637185593844957184.000000, 87957508783541176328082935787393122240, -85070596945606487822262495234853700096
160, -865911611338467520831194089381691392.000000, 120972791034921455267836002873246220288, -85136694126738092294672919824736190464
161, -219087323600169335352790761923936256.000000, 120980516771759055947324625859857612800, -85136694126849330607161256980139999232
162, -781368385602568691585970882431942656.000000, 121956448214383711427078907020763988032, -110936170730056522281573114792541356032
163, 69205268368482945033636965678841856.000000, 340282366913118987190438415750540542080, -131640282043344044554382211595286724608
164, -456195205643579770366942472633843712.000000, 121958291206294079892682274216168784000, -85070591730980252039162415537761289216
165, -849065852267713224946120432164012032.000000, 340282366922790507984507253911581540352, -171366484393192872983870361667509616640
166, -995764387062625710045507774910038016.000000, 121956668613111871265784400119156179072, -85102832917330617673653484921658015744
167, -919945548125560439607405478296944640.000000, 340282448049315862953482571258785873920, -172373830627553362000765194013094903808
168, -1662330851759092731907545706358898688.000000, 121956663839363164201549997693769302144, -90741174444900090160542668283473625088
169, -2071021728610637765659960135796129792.000000, 125666438208452439013745841230068826112, -114313891598768344099254954159786235904
170, -2963375710892592412858271636746403840.000000, 400886169743255318533392913407054430208, -232622059564742606046092200332354125824
171, -3630463628262026587211080827456716800.000000, 133641810974368530253188688948182769664, -232606490609442912297442205174993616896
172, -1459350406424004126520572645155536896.000000, 340282363826694635764763771872744960128, -172697642197982569861588228313515555584
173, 580737716025787397033658809017434112.000000, 340738895038471437982409707836199608320, -170193052352724040747116734788059469888
174, 1535632306189456209962221514740727808.000000, 393700463185550733322607009116219921920, -170535443695168767533740298762879621312
175, 1192486172704133298544587449363857408.000000, 424055180528795509375325471397940723712, -298570445563760227570680844717422329856
176, 3662594681490633835553857343259148288.000000, 372425504590373673909478312912698885632, -245937415950391556556633140426038644224
177, 3135589863441942872320784565861875712.000000, 341569951646165212215597837146238621696, -245943257270577609259391331285480910976
178, -111877804913042832059274750836342784.000000, 340230764532909391762583653976206487552, -276099839552800422996623995600576135360
179, 276194923324359195321437858822094848.000000, 344212869452647288966664704091294799872, -276100418250921186995367530103054353472
180, 1164309873511213878892366896528621568.000000, 342011829102755363540920308275130058752, -276441608619388340372732788479473340048
181, 875270009452500275434853114094551040.000000, 422646706859731281699124290668461461504, -276453187937319127159780180539132889248
182, 260348584192859676347156395328536576.000000, 340288494103587578236005745797707667904, -277108002551153959218352515791683864336
183, 3689012534037028859241164749141966848.000000, 339736361427030111795952899874888691968, -276426421189048571040504720686078910976
184, 2597381489410795028440670933467791360.000000, 340236941756132993514066811307449163584, -278032268416535597455386090870926052160
185, -513493980188954791894778940110143488.000000, 416169680039693729760609213342340829568, -276435961034334526758272735192962657296
186, 2623726085992251924422212182205267968.000000, 339704984873764830516013526412546582336, -278462338499074434967011032494233388608
187, 180796139942317909695695308915212288.000000, 416043030609166487716324440458202922304, -338403856812550700559315069711591081728
188, -1905496343009531875835317995668766720.000000, 416043073900365847363017256417409315648, -352797152418697809119044054139476999088
189, -2110766552624131691507401449453649920.000000, 342055217802434652045591410615086592512, -361640869063099129248443348180717888704
190, -1654960794594104683380089052901408768.000000, 342956624578394841196601088540971318784, -368977114352406626073923040896541328448
191, 4077764089447728069794684609002209280.000000, 436146761681063924872947213274501588176, -369034003343522921531707173289350225984
192, 5025593639299557061393171276372115456.000000, 352844130030369600390161408610131211136, -274331491312035232032666698374380576256
193, 4701899531784032663846467456053805056.000000, 425720340116755897098839459923164945472, -349265508231315396118813455188066388688
194, 3252070354812998090022364531558187008.000000, 337526369104050212528541947052012804288, -341321300429711480019225966610655037760
195, 4059535655312704980759189222915571712.000000, 346096493334101432366711710328785144128, -346636750237369918435587707066625905152
196, 6183724087173508574191062398680432640.000000, 424484831941479626473863733180133826576, -279814940636504359343035478106276441680
197, 5401449664671118771503533527264133120.000000, 426278331743447726540576093418695142720, -343897822592800576718144407499537124720
198, 1563880814750808422268401998375157760.000000, 423407354926869460107872951445636493392, -341704191372452998840458942735785805888
199, 8141282759926161448002905997829996544.000000, 446571095726688110109160972912997687424, -348375596279163573649601748882735752544
200, 7235309130064267069130343261107388416.000000, 364972556657998679572374379542889010192, -286834943442768255619242278423783947728
201, 3618855379271812256922699514320519168.000000, 398118449966091760386046531241114259328, -510465640358139356676201915166809184576
202, 7327325266340553220895799276375900160.000000, 445968746028190516364735056008687673984, -431412407500296352351682237932165134720
203, 83889093475590042585466573709901824.000000, 337832644055979529239685257472570736064, -506488132083291159314364264079338106064
204, 5574868575063148082125435357238394880.000000, 383558286794280812442049869957780243520, -501166037400349540206805479916535344336
205, 6025790885950500499891393579708317696.000000, 440121400651366935162253470989006810112, -501196905207197156874499112525534981328
206, 10857165660569402964671518479709372416.000000, 361250768376129889964776004502646396272, -460133610878460566347270670738351900544
207, 2505535265276229606323230125315850240.000000, 317727997672926268792706444501701425168, -505314553333902098194044656101196302208
208, 5220964096534044336279937499537604608.000000, 392670696834583700108592692701299916608, -524427205249198896941885354034708249552
209, 2012854349493940589808654971840757760.000000, 370146008886593564075920390044188204032, -503007227584147405733585591891498516224
210, 7173736157371546094999455653523619840.000000, 402433090122225073333233394765453762992, -524060814390213788443772313290827356032
211, 9853178743352729707531214871869784064.000000, 416845102168316366906303927002714897056, -502442043804272791590779718190769021792
212, 6456391913490704331765902813442342912.000000, 421792260118049741817725591519771064864, -500017394450720233622992222263154481072
213, 12306438097388077891509561495673372672.000000, 393350391440920555116415916213192279344, -532028850265063308129374105514742313872
214, 14486739687506357631059903632793141248.000000, 399332453347987608633308310118434677552, -494846726617266047523088657891632538496
215, 10475580177298374214215336182658629632.000000, 511979988709449754144054371591837853248, -533018539581245168775995826290801712560
216, 10780791592922638748897275567778299904.000000, 519355488621347575468277530112574454016, -505268451819870864095211558542116837512
217, 9483785063578707809911014168975114240.000000, 452918961120685295161126503036332150080, -474486249058650927927739540878592241692
218, 15668127930236725201168528749012975616.000000, 573034440720476429770499672756725129856, -566626031773886522075041913234753853776
219, 14482951118201056965416400391707295744.000000, 377821236235977948438282749473743033644, -476936874983474137385571738948384534556
220, 18725030577803890755857178942637080576.000000, 466462677979286794056246521823635290224, -519190800189654097139464403506710819264
221, 19803192165067913843247566073108627456.000000, 403400565661240899054615963306661080788, -509643411583507334478367754767395465616
222, 22829557982795471666812486925221363712.000000, 428990065918554436035285929374374635328, -552834664583549289327863409864199775632
227, 4653657848201027216116681583221538816.000000, 431655573119441764049168325444737322296, -540023789862172793588749324951635443032
232, 16158538984468355110395711407794421760.000000, 516331009566316132591167240469421837568, -527196132160487598326159746280827347904
237, 4996187064751394416993030443370545152.000000, 547825874196427956991744283758151147816, -596422049303185518187663260662893065896
242, 8908059134290493592463836095270879232.000000, 436280798620751818644581319536812974236, -589815043698077689866310805712465269880
247, -602928334480016389619650617736691712.000000, 553335530640839581069369153553179133300, -729846935799494925382880341985547624848
252, -45875052257565039741156841671507312640.000000, 495230584937217656256258700190673363948, -522745431823942517688963361857115171660
257, -38947116062887059314676824647634255872.000000, 445389406377109567693651342825673364784, -537409570245134766122273753680990333050
262, -43481663519325236145484767561936535552.000000, 594102492080623075740454328111264085684, -612854708208984814778139687055564769310
267, -47508599826223698185768523733244313600.000000, 432424596059141296999495707618247639510, -595576171799103142302643376362676382366
272, -48281965781334311817414511967726469120.000000, 605543389496698627237519006327142990756, -582533384537443968164623099177764759656
277, -45676382432406233732989285369800294400.000000, 611090267357701429315870056981213441444, -535668711942229760392588223157600373894
282, 4912942818213437777297041622445326336.000000, 474852516756753017751157700118438668052, -490366549074074382805576510446740553192
287, -20502866174351931295052521349245304832.000000, 463116194275877746613519983425088968184, -568941523546726004750819502671319552044
292, -21120976473129173948683708928526123008.000000, 574619233144699217286708678838619750508, -539786546715653719862528115160463399242
297, -16418846733141174623814698073629655040.000000, 580940417152791695935526861636165042204, -548319208446645343742266494754847471482
302, 31630993836120652745289846398507810816.000000, 604946167642338786813094419378154819194, -562247122677238982122897587061422323816
307, 64130519794843488032046447727185231872.000000, 566406353685862791421072561013890550782, -523982502052262175025721083564333409182
312, 63136295847737137146334077633972666368.000000, 608832139097257502136327254749303275725, -434163872228853033752115419202602739260
317, 59286497505679792148784470676545208320.000000, 592276037646417487230478319309600330900, -446225634337856731710914763696590949772
322, 38856796251963133540326209101827670016.000000, 572175533117558479120603180818996708395, -479642995022512929984111020819933407404
332, 26550221430910655813935390669102120960.000000, 573742246201450426702487798519026814767, -434867519827655643968923347371501409652
342, -5787692319073201152394558707440025600.000000, 526084226193284435515629774779219957430, -556068898213601510867412332953109804735
353, -49295525551573628620237921725626449920.000000, 451632475014408086320141323257328440121, -672886982634095227361710372162532460697
363, -22750074070983277171058495556834820096.000000, 595207820403268039780642541964150885173, -594399085397116713718812608142453247706
373, -22527550695884924320018969985472790528.000000, 785966450710716641960027153634565640731, -625823242454983265368871603473294552364
384, -7844939649222871595373841783071965184.000000, 679384163628838423948035397852374976448, -1319867124370800544718660762189325855623
395, -56445885660211335483738266574723743744.000000, 702468434864477139401941445329783227852, -1316303148380502211495898481683472610540
405, -13327327273471748620755400547742253056.000000, 714342572828048714120699250105692481074, -1338585801061563539794334102522766657493
415, -55599179669977826444576370914024751104.000000, 701391539468731354361127140237422572249, -1356570337531586190358118798584838518917
425, -2648398516159809553845510855744028672.000000, 618589107161481419305347354475553216149, -1400983434421394224199526058488878666769
450, 111442395641369129649467678562516467712.000000, 725102132508629805131687028885428134905, -1461732950731931667987421028028867447701
475, 164395917965003132658606694093518012416.000000, 1174202270696139630028585425327355348527, -1512976666100114043513650891070085981517
500, -245895284877610648219946818526158782464.000000, 1022154008706228117272788791052441813475, -1251099807493223640734709118038093261019
525, -215350573417629276894395935003391295488.000000, 1184582323682119489571319192152485323159, -1049830635612052434687216348741770467699
550, 115535000067775000384378382752417841152.000000, 1412486726719166090004895901268870627493, -898358249642559400342019532865119553031
575, 7198972562447219466217671946523377664.000000, 1282461631135154368243413905453466993382, -1452748147623762078040125057975158175197
600, 41017727923089667284330674256871424.000000, 380367601903388017989636332102162006772, -368091836728584535114534506410534667865
122, 0.000000, 0, 0
123, 0.000000, 0, 0
124, 0.000000, 0, 0
125, 0.000000, 0, 0
126, 0.000000, 0, 0
127, 0.000000, 0, 0
128, 0.000000, 0, 0
129, 0.000000, 0, 0
130, 0.000000, 0, 0
131, 0.000000, 0, 0
132, 0.000000, 0, 0
133, 75557863725914323419136.000000, 75557863725914323419136, 0
134, -2380072707366301187702784.000000, 75557863725914323419136, -4835703278458516698824704
135, -4835703278458516698824704.000000, 0, -4835703278458516698824704
136, -253379518111667374126006272.000000, 56668397794435742564352, -1237940039285380274899124224
137, -211206266824183914180902912.000000, 18889465931478580854784, -1237940039285380274899124224
138, -5365371900248468513795207363297280.000000, 19287000644964651175929446400, -80480601307289828242222693102911488
139, -3353357438953599600957219967860736.000000, 19287000644964651175929446400, -80480601307289828242222693102911488
140, -10551012674256152535525270738698240.000000, 1298074214633706907132624082305024, -332306998946228968225951765070086144
141, -6288867966608503499035729591271424.000000, 17864959056995140537743966602264576, -332306998946228968225951765070086144
142, -8750561935249976957599471672229888.000000, 1298074214633706907132624082305024, -332306998946228968225951765070086144
143, -58400016373069757021656096702464.000000, 659539485960844077494954138533888, -5192296858534827645981944885280768
144, -5215736317378085727815011498196992.000000, 1298074214633706907132624082305024, -332306998946228968225951765070086144
145, -4883183047557740092168613478268928.000000, 1298074214633706907132624082305024, -332306998946228968225951765070086144
146, -1933966535151746169866367786811392.000000, 293364772507217761011973042600935424, -332306998946228968225951352753225728
147, -226852881866786151380543846410616832.000000, 1394509784214048629020182754143240192, -74353691014218731640554455634618089472
148, -1484323530169056912847918304591872.000000, 1329227996945487020917092502820880384, -332306998946228968225951765070086144
149, -23954854599255365516882303554420736.000000, 1329227996945487020917092502820880384, -11465261403079637394187332876742164480
150, -331818453728448783654845239263232000.000000, 5071427067049487954910739622097059840, -85070591730234615865843651857942052864
151, -25868934903422631587698160936419328.000000, 1329227996922459581354999395347595264, -11465261403079637394475563252893876224
152, -15313893113954388934076905264513024.000000, 5005374171472831319769353890151006208, -11465261403079599615471642701694238720
153, -118972797889748904781067329397063680.000000, 21610643841822590807735697559745724416, -74353691014222496473443132414659395584
154, -731404455911915931489165371328430080.000000, 87209818035951569311703520062688198656, -85070591730234615868203819537660903424
155, 295816972321907235842591631215689728.000000, 87209818035950964848793712745953361920, -74447420017496131527368202045060284416
156, -558083414586230756667738355843203072.000000, 87209818035876615920114479448175149056, -85070591730234776412306600309035106304
157, -457424207142534924943828402892177408.000000, 120974738139916794840311023938718662656, -85070856593711418301806426120184004608
158, -721875408055693775706641324897730560.000000, 120980516823576354994019269943024418816, -112652072619862478898374654833069391872
159, -661928274332877030813111661931528192.000000, 87957508783849716883162537391879094208, -85070596945606488098983887262104158720
160, -373816456880638653322578056452243456.000000, 120974738145889361764927045277380247552, -85136694126873679700920258329027018752
161, -186314811785406396286873672597110784.000000, 120980516782900505744788788149932523520, -85136793515055828229095520732531654656
162, -360243207514277074728781802352148480.000000, 116972470224871747716244025763617046016, -110936170650260838695025890349477724160
163, 115014263085731122569433332089618432.000000, 340282366945561682734283125365944647808, -131759796181270863018496722983505215488
164, -296353542895954169782087824453926912.000000, 121956668613445829233807194004060110976, -85070591115865689798368669359137755008
165, -448084408692638030216117856386416640.000000, 121956668613445642701992948917725560960, -90553656619894619879036908047166210048
166, -800460909415163834618567740421570560.000000, 121956668612873128479555037625063047296, -85107260876674239207306170236775955712
167, -782789126053390352743418126569308160.000000, 340282448048736472255578484658938232832, -172777692885617770345907697873982652416
168, -1310847790840276000884244611373989888.000000, 340282447837648466534847969580169756672, -172373830588034213963882897179548712960
169, -150686618140234475334853222436175872.000000, 340282711096273657330227420558153023488, -170359290405601138169337984474729882048
170, -2344066317448888609375561325001834496.000000, 125666438208239755361352747151434432512, -119630792078002031866471291894531692544
171, -1576984229131539762675196454540148736.000000, 340282366710449075182434765774888763520, -232620031253060327097154735523957342208
172, 804521845683960091406806065531060224.000000, 340739615116036562176043186642212028416, -170193197742174725351961877993276250240
173, -485923491325624230877327007487623168.000000, 340282363895365714161788567055936128896, -297736034292254136776484566039636639744
174, 1966701649507627834556925545189212160.000000, 393700478790778904317258931346461705728, -170187963352699923457357271233985370304
175, 378809186187154382922027390862360576.000000, 394812164619244400707504621068097060864, -298577796012742351144824372752899162112
176, 2911284586709813476092935609562169344.000000, 372425619997766613999355894651677902464, -274015688366581483401389837025287764928
177, 2250024832744457190661013228425838592.000000, 372432828888487098235115825433472566912, -245936900732600638823625904398901980672
178, -694554601976608566580214339859382272.000000, 394336860612289740344666173610131795968, -276099442595444873695322424230437404864
179, -105642228489587465657536823399809024.000000, 341970309115907949869601567435998347264, -276435318956660950794029701927884752592
180, 675539056069295453259014305057079296.000000, 422645379132278119714441168350796746496, -276452028874215918933397529836755174528
181, 941807708975221958243899402394533888.000000, 342011835231214262727105242889202190336, -274597084579627506874344439158253407632
182, 1511958122029854509202112382966431744.000000, 417865715137570188871694635129121405376, -277253635195702686876200587080988493584
183, 3399384214041532957921334762963730432.000000, 420978060079633001760470256230743369728, -276405623591097636239826049553356579328
184, 2087991191298357054440713710899036160.000000, 340268138664892454005571259156046647104, -276410682030491191763129462711173247424
185, 2896427933496878952483985286450118656.000000, 341189438026858051717347308748701575104, -278525084223113435239795844554531900224
186, -29867034122259941850578498078375936.000000, 416037862076503708776906759464806432000, -276437077009431974980600546006532976464
187, 743257784986722503797371327358173184.000000, 416043036473236951343344688890166721856, -338394488882362346416870447915803219200
188, 1435684909352789426686033967227863040.000000, 344668713248034310201811514530734607568, -341921603091938165529121012618968643040
189, 2605788759856688649949315939163963392.000000, 421948275909334987005186536319637042176, -361641069615420025664050273338884233600
190, 305642195794708035986018301732978688.000000, 374826991995801132691215409581293253984, -339293572000208662124305637087985814592
191, 677033059997552714182862138314326016.000000, 341046094323569567023316159307142735808, -341619698760178564096053042111281972288
192, 4301313812651226114588827433658482688.000000, 340481794316839010487701545694590857152, -341786035948951831710900972256737315904
193, 5733274770203055964439957139026345984.000000, 436628499271740588961154817201774501584, -350818812160370983902321628257570773808
194, 4446639999297120541007688713109504000.000000, 342864698922162498959632818115305691328, -346637171151186107886993403759357398336
195, 3830990673007309564413744304365764608.000000, 346645801345445287417862747037839374272, -356756039312202082401765336361751813824
196, 4595594342801054939844302209451819008.000000, 346096492700593862679271073886407628736, -354406208081444588458667076076578269424
197, 3530074663088806410077012286800658432.000000, 328950186404257929995226488382101006816, -379072659113396998325709767448683188880
198, 1330541534835452317472673517539426304.000000, 373328433898250302361653715719049385280, -405833879251476130950870340271175183952
199, 3759289208418405806879804534892265472.000000, 356112691039908695196082897880958929536, -389059369692939570428332717269086896144
200, 1484240582097167073612930022262177792.000000, 301349098467330693472754503101389125552, -347704495925850698491200909230413013888
201, 5041987677509131559236885223978303488.000000, 472609477959655550398899652538221910912, -510241171251544312021539963911565875520
202, -2658976314411694804677376397918863360.000000, 367537614532572866715521791492771835568, -506519762139109741625988728499315837120
203, 2005647473432299283931681523694043136.000000, 473084088570380877054904351400585435040, -501173096036860508228417092331682655440
204, 4526539363388926717964002949278466048.000000, 479864508106401918117309879992959983744, -431080122045839590307176549398876257664
205, 6012771590381747152776980431395356672.000000, 411243610233665053951027958848710039360, -501196528657374153456940574141094284496
206, 2911820229015278349562728685630390272.000000, 361064494258741641363230144136061515888, -513585783151706460912430398128966912384
207, 2290181046584328948571299742109138944.000000, 437490143138524754634803432316687253888, -505931260111436520746346133969944626048
208, 8623133162505328512261045317602902016.000000, 396119281898886512404790951618716552752, -476689012089160439078657048182836366656
209, 4382501615535554077097590705683955712.000000, 410713654948662182593335978527721302080, -332994314578305976275915123073676038000
210, 8193117135529062878835663655122501632.000000, 492365314052625324656707410774757251160, -524226982816769531717321131230746547072
211, 11066599241314926160245775820457508864.000000, 393465157021873039628383223613900681520, -524391141705314035684915721219806896512
212, 12385234761997333027688359427557031936.000000, 391154748445398134249574867498727646512, -526582627063556923222819554437824439168
213, 12937504814014088331676386024958722048.000000, 513830829143190947393887022318966004256, -504801256034145984715765430951559701232
214, 14947358604960387259390472706039218176.000000, 393512252785639522108358974480264610592, -537374886371540764379862571975372957568
215, 12265068975375791138931427513374605312.000000, 513791891266469615955265807438601115200, -511746975567324412255048221338142887472
216, 20174229201331998097187617241550553088.000000, 345484691190087194657718964912625568000, -463323814821369493750077816821998281472
217, 21194596845443381360922846909322756096.000000, 455582465018022262673218900143152037008, -555991982227519640742738564406014839232
218, 18360391709572768440173115917106937856.000000, 488126875159838594927364951736355146368, -560282040866591059825130815025309395856
219, 13035307589700268011037998176882655232.000000, 450702797924770698396855741110852146252, -474832374690888213456131560576150817628
220, 18240109689275524628882989029504581632.000000, 402143736842412941729873931409453545536, -553335767403330192193547049070785058192
221, 17898205396331907144809464544008077312.000000, 484510028766225160831063474409899160624, -444912410343749447089518976869596949232
222, 20433953152395523978171301065253715968.000000, 494970570023557995238781504165005158048, -553342048779973466268361372314762225040
223, 13510279173815081156685076242385338368.000000, 393693092193476178817123100739661281840, -599984475024765209360961125677295221672
228, 8411070093444729987946476117564588032.000000, 385696528254964814986592990250741946696, -514693473339874116059083907049120185616
233, 5305786468816207336921831620210589696.000000, 495396984224184974327778418208530067800, -513487508259485536475279803573112103208
238, 22231286455123512824273983427443687424.000000, 471236640288405796010982262969086594664, -497440769221939013519257769523091836120
243, 16210672789169213288215387246073741312.000000, 599423854225540229278265911367396944276, -538243760671201200470000446445461919824
248, -8151184702590179135408287660636110848.000000, 429068427081743478530865240464206411316, -560148117223626070889225444000886494536
253, -47393849560133750012329709493272182784.000000, 449361473107737497595619551315440001996, -546758717542377764172354486650617659868
258, -56702552660513728083344492196672831488.000000, 540912051009660267703649774131181713076, -552667675803623969947519412059679254620
263, -51625550951915551507276748010993745920.000000, 592917271423396502663127568705141520068, -610073586447629961286491050932763136158
268, -62902637347567862663341909197631520768.000000, 578419997183970002544422721625427412952, -575045472609533347712429018407938995456
273, -48723143740242869237979739870900256768.000000, 490122370071811052910536566718998627220, -582686914772551237944140045369498067740
278, -35418709257083835992227640666339934208.000000, 610799498878500459500850283198526012820, -535126342664882953134999339348486106054
283, -22712101696283198813612335103316328448.000000, 534722734471734940417048938265317640856, -650446446819250204232676715791835150362
288, -21622588103885612508113231906598813696.000000, 496909791385410553808642329355845196859, -575436242864706847156554305166828282616
293, -14143072890708042043168534329997393920.000000, 499637402425606668877648829433014397220, -517179474762120423704388584763720389264
298, -14039353948949484642044217427511738368.000000, 542478489916493044575346649844111050835, -539563560897510424333521682629409359176
303, 37803302876721336390409938517891219456.000000, 567287622890906812887951711094430026148, -518400237103299258537373638664614704467
308, 69830751794307401529343058640141025280.000000, 597625699904851752452414854402202417682, -524524175652316545121151269431434726414
313, 42924275580399011522325607680397279232.000000, 554392621113163547434088641319910859175, -447263699386537042712625867190375404726
318, 39106642489251095866947167117530628096.000000, 594954367248628106449218427864633658365, -490927740682975701707872464544751031483
323, 37014898958024038519950027132783034368.000000, 594499460806395223345256752618135755517, -457413719755056170939776937717092160690
334, 21352048380182116879470641719732600832.000000, 515622613103647347411699379814674226351, -480065960174836799933226605975560072664
345, -21324574419864158477109235651759308800.000000, 445233056918088428169621513221943579775, -622320308518757271521721253327577714464
355, -30946689054646804052075878720596869120.000000, 491135635967394763973781117302035655648, -629314832230719347976032805850252770006
365, -39736595728247673738818286018344517632.000000, 479017320971518142208624775456064126264, -661268703335220726099810354662955988088
375, -39446732439040809312951702636669698048.000000, 479974083743818322803227875696329643606, -627605139679156973810127960482993014472
385, -54818420615879841389678359195575910400.000000, 480857082772952414871882609922846164372, -1251887043434037294998480138225928327497
395, -81909776591027933226180694781525491712.000000, 820999308193302856281894792686975804279, -1538856392374452337745753750147445683725
405, 10692022338751884575664938346268852224.000000, 702102822949109285209003720306101166419, -1358108800088406279420923901815262767623
415, -27231229797494374240970078302729404416.000000, 674607079397140064602091956977917860745, -1435169477393958527247415866156586613879
425, -4556821346645432537672346956906627072.000000, 556139226594921255120956277712163159101, -1576968115097851550383112751551805244024
450, 112715496075882388468236211750506070016.000000, 837190637462770423640719373890400264161, -1644288726372633064811830845191941082418
475, 125812587294053137217647525510755909632.000000, 1289331693239622875390152841536146846162, -1383907301953921391692651673872344603750
500, -214432068839084263137994560517900861440.000000, 925574638782695187218038379352059086357, -1309441472854293467692233146488784514931
525, 443741036840351183969907262351497756672.000000, 1350889864152926786914853901808560527688, -940475576138412608668661601036113240441
550, 77936772204768658665218033735977402368.000000, 1514635513545144351487336441284800110534, -1624070620465036454640732850957348078937
575, 91801014531457080237794414216406368256.000000, 1358028319824060558625253660143310791025, -1528317505361109696458772441858539792453
600, 0.000000, 0, 0
122, 0.000000, 0, 0
123, 0.000000, 0, 0
124, 0.000000, 0, 0
125, 0.000000, 0, 0
126, 0.000000, 0, 0
127, 0.000000, 0, 0
128, 0.000000, 0, 0
129, 0.000000, 0, 0
130, 0.000000, 0, 0
131, 0.000000, 0, 0
132, 0.000000, 0, 0
133, 0.000000, 0, 0
134, -80120850339987118106869760.000000, 4835703278458516698824704, -319911995015521245356621824
135, 795958805993081137952456704.000000, 5091995552216818083862413312, -319911995015521245356621824
136, -3198616231063706537033728.000000, 75557863725914323419136, -4835703278458516698824704
137, -10060074565454854292642082330771456.000000, 5091995552216818083862413312, -80480601307289828242222693102911488
138, -116943181010630261539340288.000000, 2873560004826179112534016, -1237940039285380274899124224
139, -18461577728889614467449020953395200.000000, 4984920614584231748287070208, -332306998946228968225951765070086144
140, -10069950906074891570004411748974592.000000, 19287000644964651175929446400, -332306998946228968225951765070086144
141, -13049083587272620828733466510098432.000000, 1298074214633706907132624082305024, -332306998946228968225951765070086144
142, -88967595016377795899277371768832.000000, 19807040628566084398385987584, -5192296858534827628530496329220096
143, -6195522106985370710055546867679232.000000, 1298074214633706907132624082305024, -332306998946228968225951765070086144
144, -5054823263459352087948465935482880.000000, 1298074214633706907132624082305024, -332306998946228968225951765070086144
145, -2755741453422339371946316086116352.000000, 293364772507217761011973042600935424, -332306998946228968225951765070086144
146, 81528727995921042167947974502514688.000000, 21267647932558653966463164764299198464, -332306998946228968225951765070086144
147, 279476479860888647829368096623165440.000000, 85071495765415795310032257162546249728, -332306998946228968225951765070086144
148, -201512104311134307385220723030097920.000000, 1394509784214048624408496735715852288, -74353691014218750531466042593584873472
149, -170132905066892893311280386395865088.000000, 1394509784214048633631868772570628096, -74353691014218750531460413094050660352
150, -23798024536751581573836719127527424.000000, 1329227996945487020917092502820880384, -11464591132824766717891291494922321920
151, -501195859102211933310627544320442368.000000, 1394509784214048628443720352572375040, -85070591730234615865843651857942052864
152, -494045225759495316980006921915334656.000000, 1394509784214048631073822534956744704, -85070591730234615865844214807895474176
153, 24741064450816930762489023095111680.000000, 21610643841822591398031505719444897792, -11465261403079675173838645874376310784
154, -283412189999256674707711444345946112.000000, 85070591727757766521262363637207531520, -74447420017495771444636622246784270336
155, -444450295757568626890535912922415104.000000, 87209818035951569330150264136935669760, -85070591730234615852044622599678853120
156, -216381219639725678790627486643257344.000000, 87209818035950964848793712745953361920, -85070591730234615828950163708376514560
157, -597665099734633684193845023936086016.000000, 87209818035950964991744720318133960704, -85070595533186416513638368198486130688
158, -770304852701866436102090779172798464.000000, 120980516823598097359597708548667080704, -112652072643871743333185818782601641984
159, -713119969686210712311766489787006976.000000, 87957508783850925771980577482544512960, -85070596945606487831609711810799206912
160, -289527699141909760256989250782756864.000000, 120974738145800625060725668748180848640, -85070596945606488117498216169702162944
161, -265184341667070840632193263110979584.000000, 120980516813457325320931179867643576320, -85136694126737563412816084012034949120
162, -745956302205089502166783710845730816.000000, 120980516832534164204362544176234627072, -131640261760889936139232681889523335168
163, 30208340531590972248952042453729280.000000, 340282366922790361995823210813210935424, -131759796102243960090131038451940769792
164, -783287489653432838419633370686291968.000000, 121956668613439652424205017147131035776, -85070591037595943137152514974725308288
165, -688189292117389124028205132599525376.000000, 121957946577277095926476028484571889792, -85076318718827094775784196035504505856
166, -250379763102748326561994804186578944.000000, 121956668611641958604502009580646891648, -85095044473209406467952993424718168064
167, -1202548173011624708214746795902763008.000000, 123851871603275010352159193098243441152, -85096877550518651969493710459471134208
168, -2057287830606762403913394287114452992.000000, 121956662621228105641781962749885759616, -121502331141689760312011396645486659584
169, 194896447241367554364220974573813760.000000, 340282711155689332352789764692593410048, -170348905810034516908344808992657318336
170, -2073210867694863731652536360624979968.000000, 125666438295949042639007170504736620544, -119630803804262867200515005645003198464
171, 682812914920414771322359057880186880.000000, 340736664438775061584155221525733507072, -170188219546717003984446895313496089024
172, 984300080922892696730403701065252864.000000, 340285525907110428572419009348530634240, -170359310697906765342182768178039560384
173, 2126054786653506993838556218902183936.000000, 393700476881473949172117953345297270272, -171195168047318349717620961322865547392
174, 904916298504475090343635295557124096.000000, 340282363894121548751521733700559685504, -298570445564226256323289998392818434048
175, -1035042961060005082721015083149819904.000000, 340282444874319501466578260495755233152, -175634887646150716351928154692655150592
176, 2416514447220876293384879680190939136.000000, 393831589100728017870222970078640621120, -245937415954455132396268198399153860096
177, 1107516157482566632238140844608061440.000000, 380873965493709363479651914378442393216, -245937415973921770618191171635394915840
178, 912893422319902708779529225612820480.000000, 340277302790508622385518034055056978880, -298605029973243650827271403857749835584
179, -1785748625753948115290939269681512448.000000, 345843097515589246673688275428509754112, -298578784058574776868232034567203241792
180, -394014118717601091746443916317032448.000000, 344223081730019348199816750905381094912, -292220338621879580442897516700077157888
181, -1451452204554963093118275949489553408.000000, 342785640025420173696667606254447433728, -276453331182617742802778504093340877984
182, 656570274108880258434540332432490496.000000, 341477656471489235859110452788448270336, -277922836577937011054688070519615089472
183, 1387957951216849564168111320532516864.000000, 422623381472572220437756309281897488128, -277878451761662504642959583497356553024
184, 5194776495842269256762640092213805056.000000, 345563194624334991698061267737516877824, -277877051578020978300390080074777668416
185, 2992708981633917589793210985435103232.000000, 340588948125682623167864626593980524544, -278302140747549229102030325942419960640
186, 3029456660377934677992051339331371008.000000, 342394841966607972366706779429833869376, -278545575314569978775092010239383275328
187, -1541053359318876480731312429882933248.000000, 416043038057889653988890831614428689728, -382705785584937342886665425093633637440
188, -507157020362326868568643928588288000.000000, 339534971723111757691281317420705853952, -361586350902043962093660030811511857856
189, 2352170690719625509211070741784559616.000000, 345997772346795525706309570242558436816, -360326601209191459697374880191819245984
190, -437195176116902561848561372636381184.000000, 340304505456854440052418712549243744512, -352221262418993218304468079516513181104
191, 3407179147318493488979229948625551360.000000, 428401404121723422582735382600445910224, -330522900822102633492653705563245535296
192, 2519917236211474596167404911371223040.000000, 425155151495330268170283101034239202496, -362556722618753012185660149138267971136
193, 9321622870899699658628717492945551360.000000, 387195298929431646245648702005834869248, -257588575867089113802812967034627261600
194, 8204865197619336521788831694067859456.000000, 352837770227052285561634871700204685824, -280084201053122447092930874016112844912
195, 4530002190873118311985474904449351680.000000, 457746135220441689657360258665351838080, -358124611873796656042838304187540553552
196, 6901102908203554436824580351978373120.000000, 375067075906165438727695790919588859312, -379181938753074052702401623687995134592
197, 8092744105477500900545139301968510976.000000, 423459857196312989624747435010031610832, -340306252214157125533678066687013645632
198, 5176313456456714703093051033976307712.000000, 373780394643106374438361329059376598080, -378730066952184707265926930678645124736
199, 5941795249248538915973889205112668160.000000, 424847896800943875554215256460386537744, -279565600250981565015073729086727343472
200, 7484674221797879849862400104600698880.000000, 445977461838547988361905889135365964928, -279389152402035197990431598651140460656
201, 8633814844865862056600137242209419264.000000, 423667858344265728114827992586724651472, -348372918609372090713515168096204328608
202, 7004499869378822767578773655067295744.000000, 447165654658096937247322112867143632000, -444184705622816617661227483652788763648
203, 1828754414614560007535132822894280704.000000, 402692358899667812553350916954850064000, -501171952252071864646205711474793501904
204, 5253492149214800454700501679088861184.000000, 374489806137078230918110032529286450592, -501196420711334962923089301929559725264
205, 3284350631032379453486839322179010560.000000, 538865218876307780804066980453754216896, -508766842983854982375844051445014461824
206, 7367094334385012313833376429931233280.000000, 538834077949778561897141984093178558400, -510594560667875123586895821325322864512
207, 6496884926160056393166043240317583360.000000, 409135389401073654559514896411689189376, -405921020603519875716814054256712509600
208, 7982892022009081132067562965100920832.000000, 367176858398499750179091064515553530464, -493203002491741333965148367999348688256
209, 2048849371338990737238200085074935808.000000, 369765054411634064326420935514889450624, -499824348485934301564779242774049802112
210, 6353036631326387626974120827502460928.000000, 404868088211436724152601318057693469768, -524059202572390988246797182122203320192
211, 8749267421535700107901521488991223808.000000, 385675804152859585123781666450077798592, -493307627946234405345550814887506243376
212, 9893467728074890104822627605984313344.000000, 364747863630062187639950412809182935232, -497223136953711742820369187405516687280
213, 13078277830708631825181021760955351040.000000, 513514547172196314943081378395257461280, -511722465002032789641918942924998340400
214, 18182945658632346864010369597815390208.000000, 393633257086754804016150831294507259696, -524391630437496883751140880736982590336
215, 9419183451616061464144326022360203264.000000, 502875051823560081852032681372769286720, -511624427241419116769020432596590175024
216, 8081662561706738982754360866952445952.000000, 381020621142438113359907754696029022336, -474354715821447069068931510272686583836
217, 21256265174079560991274395416339152896.000000, 547259920219206761638316654193661977952, -474850703314280617619197161078125337856
218, 17522168969817485139409783028866613248.000000, 344317230391824212126162998225965063680, -552853045685608524126921289258982435264
219, 17328461230595260934433692304032137216.000000, 430730547697258536658631909419190823680, -554005720042539811186394055108437453200
220, 14670279756403722137291769172465811456.000000, 399680415773239763126956490886475784480, -511087490068566518064033282334229833088
221, 19393272325522027506180858383505031168.000000, 430707229156513460465160122315038188796, -434385377344551463359864017479025849664
222, 13765390290828069267103287196170321920.000000, 391404381076190458680174911214575700056, -552934764532147383554931148503475791304
223, 19678671095353122395176091811351363584.000000, 507357144346534377058699558569704841424, -508447558376215425402117060354577129576
228, 12619668704573480976410077722329481216.000000, 515708716099456262665207365650459176800, -539510470269129110375960060679966796712
233, 19807816832390130703286520450906062848.000000, 615030466185445813212163176028829245556, -458351605664386899005407707678317212912
238, 23343681815985443360908448130905669632.000000, 573553607996393968205204365729926464168, -436391604134493898598151841728568967624
243, 15156523643961227045686114335361859584.000000, 516466177314915159260893626563285794880, -530409389718887855422988402782348489704
248, -12861244688460194116727682434697527296.000000, 541994388472137302024100049465270454840, -530842328238802066237295740620821222600
253, -15009914992259071509389375395898327040.000000, 502272930263138773651977595519969759604, -528496815263002775373863164366637356344
258, -42790110026977957105803912773969641472.000000, 551454202166760168118927880024805537460, -587737944658835039827648502065463041316
263, -61896247867424627085086672358595362816.000000, 541154961268843088515639294546945645704, -552377770164388283901586807562525033022
268, -42923805499702138159359012674419556352.000000, 416250367782857977664986494673797521072, -614108778567490369906326326383046508038
273, -60959545663734375220544354782248173568.000000, 460533882773705546951703138307197878534, -582378095333809546163596169445548730472
278, -17179155821594043436495851380881227776.000000, 565352721036203629734398783666956253272, -648439167841724515246636322042283058970
283, -9469037546428794984396847637503934464.000000, 583015677968991644712195391213227142008, -648569832991784056414985985374497220634
288, -18969910646118615844817020114614353920.000000, 561124882607085397858464319365856802959, -608603340123385619564837532966226375019
293, -10901179313738506094110309397259354112.000000, 499723326080106503443110195717879507236, -609797634360573697527733087336311429323
298, -20466730720755497882766329193001123840.000000, 540675959083838021265801304683957879699, -550763627104785806477191438686089862483
303, 29869523247595640586489827699168641024.000000, 586375639247576715891012652673030393622, -534405652194776313671354114897802706016
308, 64166356051126915491068517023911772160.000000, 521279019935284995238479827446235728968, -492556558733674386918975906839241100460
313, 63412196330527106370137360163978346496.000000, 597750425663892814368678430820451335373, -433382154265356971235029834272409677388
318, 66585300308943368119622414793466445824.000000, 586253827698492477554681810446676739774, -446222146270438576010435746486052588940
323, 27725026656018612131620173438271881216.000000, 563965617866108758602857738129685517218, -419881749132117120718829897362784835580
334, 21971252236978993340598595111924793344.000000, 553015282382539766577657219194901713007, -441166062222949911170500362685379921565
345, -6700476996508375993393825830003539968.000000, 467507605833709977744390218852748925153, -589825883032305870687696419206826438683
355, -35719611680290224458427569416060272640.000000, 469518763605127302166093936967133704716, -608274903579550446824264003782331769174
365, -42643069429981987448053260539763097600.000000, 479057533315926314115850307631943376854, -667697857065739334982255052325142817144
375, -31753981587981903749261045122098790400.000000, 489634403076215331173996555766422028070, -654573831326998095625001915763147673336
385, -51881686956196755137085122647081091072.000000, 438856673272691710223335329518490222671, -1248444951470863821701560785341043290556
395, -98800239979786563689722265600243269632.000000, 780292845004261053409918972132506311551, -1457025325627028432551845308198892348974
405, -7010948650828288714610965428152827904.000000, 688733781000047828988177289237630119833, -1403093700681245431843586068690568246367
415, -36633485061248532907032447476324892672.000000, 780707523996455371143417834616598719469, -1451397318911865394131843241198559301313
425, -14092608931727637709356294486058074112.000000, 539435412940052761508992634237379936650, -1491254960996852279547425861934729797201
450, 99148046533961794225758373291044634624.000000, 704408338993450082953356261540846521224, -1500189251953046170294784053395537929996
475, 149523869490133253683048897693427433472.000000, 1325647678785973626646998488576822362404, -1612726230103004412352862440526126183999
500, -225761981561861351704991335657838215168.000000, 1016246167100081247486230060100942778774, -1219227269710717761718714072394985014463
525, 20962296520673343875420765216038715392.000000, 1165335360255223062002502683892238274149, -965145634116963560327221251791969273344
550, -18973805406865472083717824601821020160.000000, 1273844708466562195319168763361939993034, -1414208308232204252116853242604266665479
575, 109168353983872642165795862041189154816.000000, 1381201698796308304233057628120582343266, -1350111328797788918440531943835760174429
600, 41017727923089667284330674256871424.000000, 380367601903388017989636332102162006772, -368091836728584535114534506410534667865
121, 0.000000, 0, 0
122, 0.000000, 0, 0
123, 0.000000, 0, 0
124, 0.000000, 0, 0
125, 0.000000, 0, 0
126, 0.000000, 0, 0
127, 0.000000, 0, 0
128, 0.000000, 0, 0
129, 0.000000, 0, 0
130, 0.000000, 0, 0
131, 0.000000, 0, 0
132, 75557863725914323419136.000000, 75557863725914323419136, 0
133, -571406344427227070857216.000000, 0, -571406344427227070857216
134, -2380072707366301187702784.000000, 75557863725914323419136, -4835703278458516698824704
135, -63248543251666304487129088.000000, 4835703278458516698824704, -319911995015521245356621824
136, -253375740218481099025678336.000000, 75557863725914323419136, -1237940039285380274899124224
137, -253379518111667374126006272.000000, 56668397794435742564352, -1237940039285380274899124224
138, -127714687846808826395456700416.000000, 2873560004826179112534016, -1403575493555235078808470028288
139, -3959125169743714021354052062806016.000000, 1298074214633706907132624082305024, -80480601307289828242222693102911488
140, -11076945545080978976865657439649792.000000, 19749012189224582198000091136, -332306998946228968225951765070086144
141, -8397744378266380302630967624859648.000000, 1298074214633706907132624082305024, -332306998946228968225951765070086144
142, -4219205858703131797091997636886528.000000, 1298074214633706907132624082305024, -332306998946228968225951765070086144
143, -6304388063768745052225014522183680.000000, 1298074214633706907132624082305024, -332306998946228968225951765070086144
144, -2506336479496855685223297310523392.000000, 1298074214633706907132624082305024, -319929658485600536349737954972794880
145, -2129460430903430556172104213987328.000000, 293364772507217761011973042600935424, -332306998946228968225951765070086144
146, -303388918845690132662536467971571712.000000, 17864959056995140520292518046203904, -74353691014218731640554455634618089472
147, -227849599548526092726152614757007360.000000, 1394509784214048629020182754143240192, -74353691014218731640842686010769801216
148, -193965652316776742036499934046322688.000000, 1394509784214048633631868772570628096, -74353691014218769419774548967931510784
149, -29029733728847575631483604421312512.000000, 1329227996945487020917092502820880384, -11465261403079637394187332876742164480
150, -329525375743938104708340424294531072.000000, 5071427067049487954910739622097059840, -85070591730234615865844214807895474176
151, -499105789729043713857970284787662848.000000, 1394509784214048628443720352572375040, -85070591730234615865847592507616002048
152, -317105500975076033354825208896159744.000000, 87209818035950964848793712748100845568, -85070591730234615875067023894796828672
153, -270837901817608679140587283429720064.000000, 87209818035951569311703520062696587264, -85070591730234615875031558047731286016
154, -385733882149093508613361138585829376.000000, 87209818035951569311703520062688198656, -85070591730234615872797491157578809344
155, -598338001467762054300923979888590848.000000, 87209818035951569311707179237385437184, -85070591730234766981606851008631144448
156, -397159903336349768832810307433791488.000000, 120974738139372785318901874267129905152, -85070591730234766967792622101625569280
157, -66152798562636031110845585478909952.000000, 120972791033174727524761813369618956288, -85070591707332725120612550240599539712
158, -481260148075047154764859948604063744.000000, 120972791034567411195249586189068926976, -85070591707320638832342199816627159040
159, -855689973545081888756945560828641280.000000, 87957508783473476482187894253332201408, -85070596945606488024690291284826915328
160, 16102814231215093701866112598147072.000000, 120974738140301844859674459423463440384, -78922912247976391325638924436580073472
161, -947255285763052094886452071728414720.000000, 116972064578718896419523048350725177344, -85070419410767905077487712653163102208
162, -215356663604404534366686517120729088.000000, 116971738790986671229186548957620207104, -78922912251107855821891554747439120384
163, 398563205075091877517306041982779392.000000, 340282366922790394291458647369514467456, -85136694127395176539427741142314582016
164, 14640207756517710812536860005367808.000000, 121956668613242025221566201161905340480, -85070591116486920299252189518751727488
165, -446157553019539357409716045044776960.000000, 121956668611641661623863716925308403840, -85085415953268815764236956608845580288
166, -1151958298565067049372207671811244032.000000, 121956668612879752786060071222223831168, -90512117017299383572338971587067641856
167, -1351527182112506928645757902363033600.000000, 121956668612910900335238974909645783168, -114313892106252372525776009682818697216
168, -862328409219821313688701510550028288.000000, 340282447837648401600153759775594823680, -172373830627647163473083512875251597312
169, -1358372233657128605647966132726923264.000000, 340281721375273388656897410912613007360, -142769979074335801417268000057837748224
170, -865229504300024699847463097235144704.000000, 340365800158756554488263443606626172928, -170545514503427357232058972936628023744
171, -2644777688878040640086199516067266560.000000, 400886169742963965078528503418074480896, -232606490609818758274487289175650975744
172, 1386136967620941785088388228469227520.000000, 340739503966971713950208946247818420224, -170193054754049686489124823445723093120
173, 1138312368710158807637669464690917376.000000, 401675846376993418567322056297566144000, -170228954619196558945728128700781713536
174, 469815986544300646692632021040103424.000000, 393700478792862252361079195949812311552, -245942742102737557379048951368527174656
175, 2003065867646604566706759822630453248.000000, 393700454041943197836753331120024258048, -170151607547248369309745342324183363840
176, 2891754637710865000305274947278733312.000000, 340624299090054767944491383894431735488, -170151849071191530567798190451499954496
177, 1700791142743799888714189525080866816.000000, 401417531987267523227201486849548140672, -245864885667999249750839198003638291968
178, 53744552660088926089865630798839808.000000, 340895475229868701150898215932863008768, -276099627023256285578298195012103390400
179, 1300205619832479810278338513898307584.000000, 422653340749660164542742290745070030848, -276100764121288006719122073308702786656
180, 390548622370903304317881565778542592.000000, 342011828683837768638794730048286685184, -276441116886518982698971576297064495568
181, 1184253663332956831101312563536723968.000000, 342827756419372633687718780392437979136, -276453187975011124051377831542695281824
182, 1045957799899854960227787060411367424.000000, 441789299423003566614194024758045702592, -274595136356986782899538243724033509200
183, 292477283172743931906806268750200832.000000, 417858258814594325633063382845970446336, -280466454419026673629048355003902518912
184, -1938345382891848847880866945671626752.000000, 417861002100156604466885052350832049024, -309702101947133292849301552862225786560
185, 325220711501741524397947697508646912.000000, 418332292418000477669695042554153134976, -274572382377485361337786692275638292432
186, 1770477298989729879485011221960196096.000000, 346504164836403303901345268525835695168, -278492756693284281236633309386146629440
187, 25045336743856479711652799504711680.000000, 357442284813814678107341542453853325760, -338420286288222956799795388517715153664
188, -2600323170225893451727020020016873472.000000, 339186268448619428115517576247253479936, -361548091134832489367261267387519135632
189, 2707985135893529725651035397768085504.000000, 410316411927984690645402723521133038064, -341721742108173231478303405778250394080
190, 4838085184673462054948980534525558784.000000, 379567477303944306542635488874770232672, -289017127100666722326383008615018965248
191, 999063363316162833932788118373531648.000000, 339517847026729437539835085079406641600, -273941074002642845831934988906194320128
192, 2278548541108416392464717362870878208.000000, 338720451862777946148497600924146497024, -340558305114095304436581198892982984256
193, 5723606321113054616336377594265993216.000000, 340197747667285759763407012960303531584, -274467141310277285476128716501829084608
194, 4147709929579131776737108134434177024.000000, 384507633399431413832755201353460147584, -315395065341707429978167366750146688592
195, 3882749931914579204433964484746280960.000000, 423245945092780028677993039847922232464, -354809434124589695330252956710122310000
196, 5656244774608369556094332470151872512.000000, 377454359348760299372518981212037258496, -378046208987847846151126102819209661808
197, 4705314816166331304259998748566880256.000000, 459186798963341810168119093856436999744, -406722608531457322660484613878226763312
198, 4533360653686852217152825042344607744.000000, 427157351237101673903048912363885932928, -359043520737659522085511823007512853232
199, 5329428996780750252301703425841692672.000000, 424816071275179595750993449635654257680, -318408628788310286454537309607033817808
200, 1549111820669823176015038250747953152.000000, 339990325912541783241743126582973501744, -340312816720438630843970525866791057728
201, 7488753882870842270066654355600179200.000000, 424858229292617126548639941193042360912, -370328083070583259820149074963206601984
202, 12123658144495266750357497061648105472.000000, 479871657657070884036145522726895207552, -372695766760132294751240516483247971584
203, 4609512666240591779525301301690761216.000000, 477705946226936505888322628381353394816, -428894274121275378585095234269358854272
204, -556750472070580999697527273804529664.000000, 383497837633582866114103293324181317184, -501202430252597330946811281494479330512
205, 3508767442941439383641945915460157440.000000, 392534051900773746257136704786543810112, -501196556245710839513137582609979100368
206, 7591541007778539867907691445445722112.000000, 515542468474108854179863621991718177600, -498336479350034333796866533468102992080
207, 2944859985838244031247345500605644800.000000, 396087618991093944412003097185560147248, -524010978329546421815193536346741120208
208, 5371986705813346548893032771879960576.000000, 390043472078204013586032587832622575488, -417278331620386258167171059280555878448
209, 5424449088511805854858435440611950592.000000, 423467188517036120358033935370985592448, -505321596895542527411611593650617439104
210, 9422400218216736532292229689444925440.000000, 423692609724155145837187601710860362416, -524058841946414230299556940788844812160
211, 10444656933919904771132665914336477184.000000, 415769693794221024861312452479567010336, -501187411743714998454134928773117142912
212, 10252727328622426022297643505535680512.000000, 425185912289104726139525913821017976752, -529303447654651475416903272292265545600
213, 12104552696070935886651860929528987648.000000, 393548101378727516457323614544373663536, -524351772526348423980561945357960799104
214, 8192131005452594641069242207598280704.000000, 439626733912991919499256136052101532608, -514900065674553922453382258215465691568
215, 16881009408830716455612447900349497344.000000, 403895401535941920570838522683402517200, -532059537888964680605770739527099085712
216, 20709005940446154531432456804976558080.000000, 346156136434439105871844833461383264384, -552884476159336957201698699715200985472
217, 12035272953043402699259172580155719680.000000, 550540047079899599448201041020813048556, -511746996057121415241257298234409160136
218, 12827151530483655456341126851508305920.000000, 456690726793167250677722302486033711008, -484789482055435104812997963893579051036
219, 15729902044033935998348681595051835392.000000, 402143204941665560448112287297532058848, -510424202421409667679327519915583822160
220, 17561413797737816350508684714497277952.000000, 462442908933767664456959752890073207856, -485477084628698336499313833202333911680
221, 15615171262180563861133440871609401344.000000, 455991645062355510266294055815755128944, -521871994189769481614293139303844016768
222, 20869976303641881771614267043016081408.000000, 470078420565767974140869759407260455984, -503032493084736110419396754868098904512
227, 10989904054209288830279993519895478272.000000, 492257497399376374668683501993634540600, -553591026092344995305855948794796256600
232, 19399077934485131549018267103206047744.000000, 572579621613341030074137416117667235512, -490899479235611950924432547368288207680
237, 15602594286254070566466546850970206208.000000, 605429134885576470196283724205463073128, -482078420734860113413719485212838530520
242, 15204103797291402466684482674453643264.000000, 594805209836524210385505743667750428560, -610240586401873245712670181779785496232
247, 7265447325527192605927521301905276928.000000, 517733835786961283873536365928039448072, -559203758699264714188555589445179016328
252, -41096313094080612717556261023807176704.000000, 488407846761715691420189165061913220100, -559862197373936503683322506202491366792
257, -53725229575500363508796062723760717824.000000, 549199913517091962377575286067596031668, -619717124650779674230254073141194198840
262, -52488618955140849323396746832890560512.000000, 593579489719067759779619255514447918772, -543031726164846081416603353121606349896
267, -59087760591371908520137245175056433152.000000, 503719932595436524428698174560244766744, -545514100212271912562662578159249334005
272, -58843448971784162457762997110185132032.000000, 562190643909046590254230347590620022744, -648588684104218089734069568230165867362
277, -50006266146145738488604932632196677632.000000, 514130797141617120242252354173607006883, -582409215784507436566839627578529652316
282, 4174642666331485632828420888792662016.000000, 445300822057618601590978652805012987680, -535281103136699951583223169201067041222
287, -14829284983287106777216430494852317184.000000, 402098895914183133106047250600345427647, -522949973507113306846754415532801042205
292, -16178459620901039440679160932730929152.000000, 493291593810873407469011198839305136842, -524239378006119139504075042346634159424
297, -7913093485133323442790782084283629568.000000, 581847933923657204021011300934899343388, -559610688303105553983471074592422861144
302, 15245608426531444718206668437794586624.000000, 587085001503245224449441603889577598940, -555648698997926106233191842637520871080
307, 65105183191197838777070780057974210560.000000, 535594447506266862877446641199081042740, -456513250483196554663152233197586801214
312, 48084405520405212020946614177994113024.000000, 595169575801009630101831260296989871867, -476647792977473394916881584528556513249
317, 69296722420101380061482771662898200576.000000, 592250871533060432575860626177748907092, -446272125108932315070132889497930960268
322, 43676009479954616192864895974537953280.000000, 586512134394532620489978796551757026114, -510894799997242475519869077469939133689
332, 15395801599658916730399762744801755136.000000, 479923424758925123130030272376713558911, -544879528501679133913980543652942888636
342, 6973672884065596590105900943824388096.000000, 463670894802914050927223016686621242239, -586552958832932806749974762911669708827
353, -38037088109720222720600370210590949376.000000, 510376871662347320292092712752758359547, -630057411287855757425682811139306565526
363, -32625273157396790108422259129014288384.000000, 466165860055552635714049023196943372856, -639241752574833849754744371897165440824
373, -45996951028040688194694542110203314176.000000, 566558788065925559391545956758413954134, -614969869588672800420707733279453981948
384, -46164623639725684195205528542624350208.000000, 435916461187815978548152613709717274822, -1156124061729730187436491196898626928751
395, -89849287942796019256969506829071548416.000000, 732953116130824097989109560534917138053, -1458342172499787802057191757630030187262
405, -27584874991185764272973634983144980480.000000, 698965814000114073328714686800970069531, -1453975290739832576989490427432007265799
415, -28347593499677827008139925075309625344.000000, 832430804050895789601532404259248600706, -1429995932379015528268608308611565944977
425, -1341071236869237011803483470324301824.000000, 615592585738696639289053883381478348467, -1410315664165171055086473611530068108920
450, 124526849303309808560561713445209112576.000000, 723095426264077549617235108035900537795, -1306943900507361095121075800448267425511
475, 120931642584649263101963498905539706880.000000, 1268251569460368024743762642787513819556, -1614643927615544564800924954162215196565
500, -220521688066141771877099486434520203264.000000, 897366623955706053428457468054967769893, -1193194289518910332505560851837691962587
525, -221426400568490027409470753335786078208.000000, 1302242938268835245073713893197307858144, -1021343565890007121381287958949884935819
550, 28877030126581606804397578608034447360.000000, 1281048428529676499937209973583888077702, -1401063646581013956370566810398024882876
575, 69123533974563449741073418548947189760.000000, 1411815188281905582266730396109565189635, -1495951364391080442334452260331383251689
600, 41017727923089667284330674256871424.000000, 380367601903388017989636332102162006772, -368091836728584535114534506410534667865
122, 0.000000, 0, 0
123, 0.000000, 0, 0
124, 0.000000, 0, 0
125, 0.000000, 0, 0
126, 0.000000, 0, 0
127, 0.000000, 0, 0
128, 0.000000, 0, 0
129, 0.000000, 0, 0
130, 0.000000, 0, 0
131, 0.000000, 0, 0
132, 0.000000, 0, 0
133, -157538145868531364328898560.000000, 4835703278458516698824704, -319911995015521245356621824
134, -80120850339987118106869760.000000, 4835703278458516698824704, -319911995015521245356621824
135, -63248543251666304487129088.000000, 4835703278458516698824704, -319911995015521245356621824
136, -64314145248525838211612672.000000, 4240685101616941401899008, -319911995015521245356621824
137, 798318611877625031953481728.000000, 5091995552216818083862413312, -319911995015521245356621824
138, -6190815119696850744979691218665472.000000, 5091995552216818083862413312, -80480601307289828242222693102911488
139, -17489914972074736565501346703212544.000000, 19287000644964651175929446400, -332306998946228968225951765070086144
140, -11076945534192894356137018428227584.000000, 19749012189224582198000091136, -332306998946228968225951765070086144
141, -6047044681268782539021533994549248.000000, 17864959056995140537743966602264576, -332306998946228968225951765070086144
142, -8750577018677307222096627768492032.000000, 1298074214633706907132624082305024, -332306998946228968225952039947993088
143, -6198600362094282024333579380588544.000000, 12364183633890906854652182205038592, -332306998946228968225951765070086144
144, -3707804175122043919449832701296640.000000, 1298074214633706907132624082305024, -319929658485600536349737954972794880
145, -2797700566019620642461057292435456.000000, 293364772507217761011973042600935424, -332306998946228968225951765070086144
146, -289903417737895073368601496962203648.000000, 1394509784214048629020182754143240192, -74353691014218731640554455634618089472
147, -235454736075437895015875642625359872.000000, 1394509784214048624408496735715852288, -74353691014218731640558959234245459968
148, 235548742828997653891105133651034112.000000, 85071495765415795310032257162546249728, -332306998946228945455751636767997952
149, -30155350350947736983104545718534144.000000, 1329227996945487020917092502820880384, -11465261403079637394187332876742164480
150, -342834733044269880853222986862297088.000000, 1394509784214048629020183303899054080, -85070591730234615865844214807895474176
151, -23460462217123004038514750976425984.000000, 1329227996922459581354999395347595264, -11465261403079637394403505658855948288
152, -318611124675734449871430037232680960.000000, 87209818035950964848793712748100845568, -85070591730234615865841329689384189952
153, 14430439595406685914436021589639168.000000, 21267647932559724836848442901329346560, -11465261403079675173586444295243563008
154, -633972276607647792711844566562504704.000000, 87209818035951569311703520062688198656, -85070591730234615872742885012096942080
155, 106559869740842772221972853324513280.000000, 86399819726000188925779991839316639744, -74353691014223973393551642696945238016
156, -706034484975100609725047055115616256.000000, 120974738139372785328110292945865801728, -85070591730234766967575886369021493248
157, -605646272204005333245975730331844608.000000, 87209818035950964991753727517388701696, -85071098795428960978892873361806065664
158, -417703060525275568269655970399911936.000000, 87957508783473583934471842136494702528, -78938549660579761432459633562650411008
159, -683756617029617840177306642914738176.000000, 120974738146243405844328595674603454464, -112652072643871743333185818782601609216
160, -647499588675038587434472410540146688.000000, 87957508783618796703816987502102183872, -85070596945606488117536496753647813120
161, -376285736439359288153991367228391424.000000, 120980516813457323126975599796344324096, -85136694126848783994015695060847296512
162, -803056360775660442124190982460145664.000000, 120980115965299778898094112503130357760, -131640302325698057096959182933181431808
163, -425193099720591728141529378323431424.000000, 121956668613525420317973162995070795840, -85070591116061084406668591664360591232
164, -855941185011683484643705516569133056.000000, 340282366922790432075006708740824154240, -170069789378175217626178014288866836480
165, -96936353720533471180102151239106560.000000, 402033993448497302055941997733148016640, -172777692915311288416756944236485607424
166, -675518520919269697644120104872443904.000000, 121956668612879757517641481913850396800, -85072030058627351472224339579954266112
167, -1509556251633689797153600830045159424.000000, 121956668612828390431560227193920880768, -85096187948690466883704801435228044800
168, -1630983925457243736637365166637318144.000000, 121956663839331111099672407697244635264, -114313891598773676632337373113616238592
169, 22900850691671244361472251793506304.000000, 340282723408663653405703582777073270784, -170359290405555075552668224567706591680
170, -2362266699190397050076111191056318464.000000, 125666438208358258144563181686606249984, -172170453636419333190567420040979676416
171, -2401561200108110343102368173139165184.000000, 340282363856393429711750145435648651392, -232622059583315153220502328836899225600
172, -2701360960426687501469248099595583488.000000, 340282363856262173322170821238817427584, -232623365574137363154911883405435699200
173, -1255331958714682567425036419774545920.000000, 340282363892956202007797251546235242368, -297754233232753402474106970246837485568
174, 1035191771435371930725201780041318400.000000, 340282363893508915752900523859541215104, -297728271748692309778862550931588415488
175, 2252750066457392942784430943330369536.000000, 393700486399412931318230074503521861120, -170151605710262791475122681544701874432
176, 385458771814195016348981588234600448.000000, 340277252577220135255094010050820117440, -180764060077001802251554570893358198784
177, 3004523594168161243041070995770179584.000000, 372425503967381576779549132795245373056, -169984156950434587151789303372578509120
178, -114534127500612545584604926762287104.000000, 341560081885334937941231928578854043648, -245864886053774732667165147727684620288
179, 364608843184149007548536456183021568.000000, 341741837707421730249316440682391975936, -255226907012394326295662816082379899008
180, 998192576873557746326450382999388160.000000, 340880626966310048008611930672575617024, -276454001254113044354685417793074840704
181, 2156385537424921059972435446545252352.000000, 341907878708492494249753930284957059072, -276443557287348563995356309513868429200
182, 3068300998625987349799911485228449792.000000, 416035848990254027939090330920004550208, -274595136357026830390303102134413543184
183, 881182213122857208554229462412034048.000000, 417865561696363151740300275148811991168, -277108172890224164035867315079302890896
184, 2580440748246637025767504630444457984.000000, 341145262722118774866599227354422298624, -277869118273638661434698343459618130752
185, 2906130133155405018456633052464414720.000000, 339950146614804774717321041125163133760, -276428727703330462305725108214179450496
186, 112968082491092496215046227522224128.000000, 339976131645210236147896543158724436032, -277993216517913135104929786774763112000
187, 161581617149021048465539881425174528.000000, 339829598047161940189786077273530533632, -279715618288686633085033050864152943680
188, 781321167923872992009720911024357376.000000, 345609174307385267361907384971742494976, -352797030644613814843160680947584891760
189, 152900680070110486610615634847858688.000000, 345059937369131622178906459878688100864, -350525950994310401395337916797231524256
190, -3168174472641583276429082686847451136.000000, 340736476632097263914593881073041219456, -361522738575572797049242980576378037504
191, 772156867688070133277814435161833472.000000, 341744007966469782025208588252480679808, -352217232271886161574171048265027624400
192, 2897015043841048596265748524127223808.000000, 436183953885744783443499991559279016144, -280006479610794941127412976893617368384
193, 5049582609626560878296580350099324928.000000, 353342185999138959825034780053084566912, -273972154355282223338429647245225494976
194, 8201564129280072102122712905155608576.000000, 387221099698158720646694845452204040576, -317583971869165291036228116292641289040
195, 1046505547264296862697843687602257920.000000, 346645946230171843170731336207016245440, -346138305495329435045500948535951071600
196, 264078981506396358289598077493837824.000000, 399256785999922206729554344648693026416, -406182292378709623471368308745449500240
197, 2453481223006251483027315673259835392.000000, 423783603286378919936924557311768785216, -358804997023476733690344474180226858160
198, 7442166170471736820700361887265587200.000000, 406281594041175213751640771023773239952, -279185546949383130362282809658735298416
199, 7328445620678792549751456024045289472.000000, 373311055760798976264786508585330042048, -313118021108637697784639674830307388096
200, 2031775052218721328333666944920059904.000000, 349923142891370909329959296066730663360, -386897812146835221032506240820948062224
201, 9828274392191818117801159646953603072.000000, 424844517915763471173760210703216578640, -431409963559063052080670006084447842304
202, 9177003981425556963479173024618381312.000000, 447331355703067469960597233580210356864, -429416164489312420848375122534386667776
203, 2469968981972602714350056779525652480.000000, 418176015714889139346429421084168484480, -506519368984890197430783552300154931392
204, 579324004872570377868060469187575808.000000, 376035347991712670976682450000248761264, -501218409607470299721935230322550836432
205, 7012287713694520381817983158542401536.000000, 441109090134230852167863863471403478592, -513923845827219561575425771928278270848
206, 5397942613208403761406173623097491456.000000, 361178177123102852094111762540916691056, -513485372603754395940424014311698908032
207, 6289951137728781042270826922168549376.000000, 426185650050500144761916927266726630848, -498706227796917206416218401166609929424
208, 6539801463934818193420124270024982528.000000, 335424480356516112772702397095974919792, -504993765659250832032771223036413612928
209, -4950420384996143692362470813335552.000000, 492412767331116212611128742475613933472, -510841072290290162864753995669014647680
210, 7077370412846039274905724077746421760.000000, 423324410977448562793896445028552096496, -524248728051646623563588498346038448000
211, 8618783958024401755788817020361900032.000000, 407033850025772073535500549180093353416, -524484734520198553609094644565170557824
212, 11147579344417018046552708717784072192.000000, 427116678905998263071232280154566056480, -505173190699457223438792520309560135536
213, 11788871793727723681593765198525628416.000000, 462353911008832161813498090830886970960, -524759640252995057290689575871513621392
214, 14965871508147398900441082171226062848.000000, 410652169324696846904062634458715044424, -530894409942692018831024826094180623232
215, 5703132358027892045623091231344033792.000000, 428401534311716857633703654774312605248, -511721099028269231101585789669726944176
216, 16865884322084505525387556931936190464.000000, 432831831302574743307047518693062236544, -438328135790617881132297091801371773392
217, 12681596875031548937790843758420426752.000000, 379723628468165030233712451698829932688, -503266921208039781423335379897233188296
218, 15563304013497862807860895478420865024.000000, 454604954681025317232093941008090163232, -454083331775235469470951683333595066396
219, 22509518493671351623108350394631192576.000000, 517382787764226366780047596830883177088, -550184693648957753668699957586905458808
220, 16070071337985075343117986534936018944.000000, 566930260946394777600165014265158287872, -476231887847717611203432894803174091504
221, 18679325090009101258776964475798945792.000000, 417625761662398018147164603721739913468, -513081303454861615086705035014167364944
222, 19219592524435485865794851469202030592.000000, 478724256943553562627048682917955629104, -515336845751318976060256940393936795264
223, 9987797682181385871021458625245741056.000000, 394185845437726755077413578061177617448, -524938143424700363084583895969959328192
228, 9848199412215098346417977220139057152.000000, 441913066142979222120380960008543729216, -484622998773970713709649340646450615344
233, 5576714944881046638471984271645999104.000000, 382292293677926735187129912242338038416, -513610786639323261881042189944733785384
238, 9859122877842348804465613284988420096.000000, 542509387959852687267016740274461942168, -609690336424419356281402356463016171176
243, 12953593116090242093528816661892694016.000000, 422593895427571285472279131533545073344, -557654265516280040787886868183559991272
248, 1827341329294580533438009242244087808.000000, 480824045098398646952628305406496695204, -529056948239942367051040844558933435656
253, -39748630762376223978954825643086315520.000000, 455218381482740835218430245861007631308, -540014864589952264813805882629390665420
258, -47760737134450129426377921652378828800.000000, 519915732177573741449727890201791825588, -567779475090115226518090126783885486172
263, -59734847405688213507637008863871369216.000000, 486336653862144988523880399255136766088, -576623594358622101010642573926663151828
268, -55171132268884849360221301915655340032.000000, 586760700834519743048604872133828282328, -650459934145166359880360875120920576418
273, -65415249322763941928438677054563549184.000000, 535147308886445175177083530527608344586, -648893503798353897654368133212715709282
278, -29757144820082621865885711178011770880.000000, 549103672193786972039169499404636150402, -535678683752249148676852913970522467270
283, 3332633571949531442090126163534938112.000000, 546428786107605409967095896181469645331, -579139297586042980310033396729904737752
288, -20895740060560119177413806016702709760.000000, 436945367241414075028321489745734504880, -505316995839719199382408411782761076846
293, -21491316948703459126389713169979277312.000000, 552977319175058503616937479223597672723, -516987236781416571267692620247470746000
298, -17440983722440321941453751504177463296.000000, 582263698272964138385346334277400131612, -567916127306074215230081246374347258136
303, 34400022284115877099632445102982430720.000000, 571296920408420602568396658360830365462, -535260324666983854776333508091412706974
308, 68058362770117341458176199444565852160.000000, 597571253822908897611063768032189626898, -523198223887159973533344178206680208398
313, 42933131187020523514389233770417881088.000000, 532422484040744654297599046454748985163, -553299428212195295524351599711033132514
318, 45457077172129260589520641744621797376.000000, 549804108363041898088795219575307586557, -487768798229078194964887813169319719352
323, 39574615911340400027258332380043149312.000000, 489305387518994608863540245580754946010, -455750368768903367289111710665777596409
334, 18569727494627405563847447208037187584.000000, 573792506706136433382573571957244840813, -480099391471707504661443681309575065816
345, -12027351243907694774215745849461309440.000000, 434599465058447688201530668658485098239, -544288840257092100801118783308874399098
355, -39261360127810951381108623430979158016.000000, 474245435498612943133462939539280058336, -560720158016917883288273644817714180236
365, -37546281099400408548296914822957629440.000000, 437836366002997322455737706813380882232, -645900912408536067771712504614381981309
375, -36721752493641612608587137531292680192.000000, 482880079393347555142044995753211506459, -584717647671602446691064123576698473789
385, -73134819688940367222105040852361412608.000000, 436521670692526110408553585494145407311, -1250194282597531820382084743559615314653
395, -64966201241070856475686543922317754368.000000, 705783954544404347083805232193921023045, -1369970742786777884157911853660437944573
405, -44143869219384203114973888072235614208.000000, 794706679394480920022988366151488458847, -1412499194307939321897418530585593694572
415, -37988477508789618886956302370317795328.000000, 672250434539471792055449303466780904617, -1451295968816634846572420937420849128185
425, 8428721594861465572382554925591166976.000000, 609407221825113458100995610103128613725, -1462405897488268459095915840579312099229
450, 143378567814089183935541351795887439872.000000, 901588668797503330340485403562542571780, -1611830422193447565293451853148938491715
475, 94472822006573486132632197130235150336.000000, 742545437437638664650784818463023083278, -1582777194849267470363663792396674592336
500, -214845145890410790069167547516941500416.000000, 1151526805141092132910620220114668293857, -1177072571784936291710273037562896205526
525, 82720004888429288818607355878554206208.000000, 1214730686668938811352631399818311208602, -800408610910908253536817799187573734087
550, 14381336749931344982542611597305577472.000000, 1345395692646711477211759855094663272610, -1075056637463052797880768834650331315392
575, 40074567370275073762535373446985023488.000000, 1329603827826116966176866352952674157674, -1366682172606441881691430376408303854871
600, 41017727923089667284330674256871424.000000, 380367601903388017989636332102162006772, -368091836728584535114534506410534667865
122, 0.000000, 0, 0
123, 0.000000, 0, 0
124, 0.000000, 0, 0
125, 0.000000, 0, 0
126, 0.000000, 0, 0
127, 0.000000, 0, 0
128, 0.000000, 0, 0
129, 0.000000, 0, 0
130, 0.000000, 0, 0
131, 0.000000, 0, 0
132, 0.000000, 0, 0
133, -571406344427227070857216.000000, 0, -571406344427227070857216
134, -80120850339987118106869760.000000, 4835703278458516698824704, -319911995015521245356621824
135, -63248543251666304487129088.000000, 4835703278458516698824704, -319911995015521245356621824
136, -64314145248525838211612672.000000, 4240685101616941401899008, -319911995015521245356621824
137, -7316416113088365761041867011522560.000000, 19287000644964651175929446400, -80480601307289828242222693102911488
138, -126919974421648405721776128.000000, 2873560004826179112534016, -1237940039285380274899124224
139, -3442717579150249894802046048010240.000000, 1298074214633706907132624082305024, -80480601307289828242222693102911488
140, -10828670901965954798592716433260544.000000, 1298074214633706907132624082305024, -332306998946228968225951765070086144
141, -6288867923652442183245779519406080.000000, 17864959056995140537743966602264576, -332306998946228968225951765070086144
142, -8173601665899945180514611428851712.000000, 1298074214633706907132624082305024, -332306998946228968225951765070086144
143, -6524565336408748542151255402741760.000000, 1298074214633706907132624082305024, -332306998946228968225951765070086144
144, -2672576227223362836484105158262784.000000, 1298074214633706907132624082305024, -319929658485600536349737954972794880
145, -4601951587480797791825892370022400.000000, 1298074292004954462552496684400640, -332306998946228968225951765070086144
146, -5404666676391405406887203368337408.000000, 1811611903138051521839043031597056, -332306998946228968225951765070086144
147, 147385241257533092257270920642560.000000, 1329227995789522541407846399186305024, -332306998946228963614265334325837824
148, 233111036749013557632201130202103808.000000, 85071495765415795310032257162546249728, -332306998946228968225951765070086144
149, -172601832497311142635069153952661504.000000, 1394509784214048633631869322326441984, -74353691014218750531460413094050660352
150, -24210107845485823554703239118061568.000000, 1329227996945487020917092502820880384, -11465261403079637394187332876742164480
151, -26483489511872453077871211103387648.000000, 1329227998221160248754060559936126976, -11465261403079637394475563252893876224
152, -314657637468152906278167970224013312.000000, 87209818035950964848793712748100845568, -85070591730234615875103615641769213952
153, -447167236102760808829344513899102208.000000, 87209818035950964848793712748100845568, -85070591730234615868185523664174710784
154, -15621116899960846030218295626432512.000000, 49409896905819837564771460849348771840, -74353691014223756164693430693265408000
155, -423739196432677005621402027065081856.000000, 87209818035951569330150264134792380416, -85070591730234615872797209682602098688
156, 158962711877226361562534686014570496.000000, 87729819515502845193110729177467715584, -85070591730215273053319824664143331328
157, -459450578803122843018795624580513792.000000, 120974738139916794854163779733162033152, -85070856593711437145091321119800950784
158, -393087245520991558526210328689115136.000000, 120974738144231753325433525209235193856, -112652072633487072885431525632008060928
159, -812809488120823382296279160104943616.000000, 87957508149648283801917152713873555392, -85070774276875199401724391992294899712
160, -1236180412973682447361960311624040448.000000, 120980516811815904083846669167296512000, -85136793515102391943640863190953230336
161, 225557753313147974990136277483913216.000000, 340282366913201028885680617848116871296, -90397796056734151462695872756465598464
162, -617864482464677495727871504846684160.000000, 120980516773113042836308032151046717440, -85136793515261195683474531676615868416
163, 248758205545914870397179940776706048.000000, 340282366945563415178699833347976249472, -131759796181409485724427257697164959744
164, -621572415835299835624418635312791552.000000, 402033993448574596188041298711020601472, -170035517722581478698465185018148945920
165, -501497398002501833787679459065724928.000000, 402033993448574673363885059177977856000, -172777692894363106246678013547003314176
166, -1005440333442283364088150523516026880.000000, 121956668612849556351482445625800786048, -90512119309959752193253834386461032448
167, -284927006873947670706406242601926656.000000, 340282448050596065932718639929604882432, -172373789995502946838817521781583577088
168, -469865346243481359685325130869768192.000000, 340282394310332494954861493862163939328, -172373830627657279708227916213300101120
169, -1665286784681967637805922400608452608.000000, 121956662690095318696704469041095983232, -90741174442753445830541273638401803264
170, -2828369570237242093108503066779320320.000000, 125666438208219817626074833876677410816, -119630792078009122726054688941930209280
171, -1019712831290910288818319572787527680.000000, 340366112427034389111117216310783574016, -170359565501035358363387530174258155584
172, -3793297359652579954783478373765087232.000000, 340282366710468564528590329449622800512, -297728277815297596545202063990304292864
173, 121725071210882372404289618439045120.000000, 340282363857654628483043055599189739392, -297715988687382589401570220084251623424
174, 1743269836156989404070605275711668224.000000, 393700476504986497877394871543550379520, -170109336730265879065287654594797312128
175, 343560010869238224856956072655585280.000000, 402039843341891705353679430904411095040, -175475690383385388780348681470471077888
176, 1247141891855118882447596311214555136.000000, 340650327610780811590139742083315201536, -245906567363905019883502148264612775936
177, 1501563516123758452476236069280415744.000000, 372425503967612451580387452967181448704, -245937027572241210228473175267505876480
178, 1013931217403334752009799869736681472.000000, 344225079436155912695107237517022730240, -276100416953269385360913054663096352960
179, 901116216313389567184735719051493376.000000, 340896366527895640978731973514453063680, -276455104041319168718016979222256230784
180, 640319441032498570015360781689815040.000000, 342827576027624468382124113338111367168, -276454001171112729588889864315682504832
181, 579784587045784014736406450184126464.000000, 342828173031014441632097298702827788288, -276452030571235637320137207820707513504
182, -1038191116551109814201043646247075840.000000, 353980635839094635753388850765353237536, -278501549743628119190354717805610855232
183, 1686034209308985626614514589825499136.000000, 354312550459164113749715135715031778272, -277901904661273401764596670212620233536
184, 2375576620459914719154677717326102528.000000, 340755504440229835104334401693687261184, -276407462077022395182446973534827738112
185, -203911149950115459237117592246157312.000000, 416045099654723458439609144928377912832, -280624560705438941624382995465246325376
186, 1900308389192976613097256876429541376.000000, 416048045641354215532764328831259296000, -276125554931987258276330083082128385936
187, 1577526540314699489379713815364501504.000000, 342769375459177672555801314422270598208, -278013596784934117325271601002256854848
188, 3288429972963772025355323256594235392.000000, 410324517761567819791711476438438685296, -361658431728368913330345705779098413408
189, 606320835925521375663739299260530688.000000, 379561637039442627740193287582181034336, -350522115962496634192701311514402976160
190, 2765017342064158990008321966558150656.000000, 357867125589660005871780463052260134528, -362558518654834452386438957687397485632
191, 1807794742489210911437029265706582016.000000, 436190171832403419302268766570229195456, -369053505319082668580880277304846467136
192, 2193794502352185143756418124517212160.000000, 352846197540676092338392401600202512128, -342190639594972414021886643399333569680
193, 3859326394543012373865057427371589632.000000, 425936460326368466246378530474518701248, -345768639842929010777206482347047345008
194, 8334016814446171358060807116306776064.000000, 340376817076936422067105767609915016768, -288008591985734512751801737902605085280
195, 4554309528108315771074679878853853184.000000, 387205499623766472065690401241712222656, -286008906609937563768637231680128166512
196, 4907471922463440169050796906187325440.000000, 423451298182743032233744825741629583568, -291093027887374136233218061814963351552
197, 4613643314029663052648597364651589632.000000, 339211254699289355500994565718664494592, -406680218935390690216244772724681358864
198, 6577125269888801401927575392724451328.000000, 423636824977865761126769380159175782672, -295203183478977658062934670391834061472
199, 8257995752621415894089898818365554688.000000, 446931749767582053475317816920599986304, -372701610122214939595536025149151635680
200, 2947230993662338802741988499489030144.000000, 425137517821780223474581630148372933616, -330188148994085288084191660590262475856
201, 8276278717701165779876862550385623040.000000, 447339303995272489175993562513552295040, -359060440584304757985641715086715377280
202, 1404661772565537270606633164951519232.000000, 595639820247924982814726862760854407744, -501165264790469302506987004645259558208
203, 5392133837270630438511506656872890368.000000, 387191388723519774973748226217349430688, -430081382513905171431210511071416873088
204, 3315523257818146962054282390460694528.000000, 378456887558048479274507891295336130720, -501196907614854749821957478782351299920
205, 3378855984230952562400194592205963264.000000, 383526197090010318553365720775857034816, -501163809573316802004479139557355941072
206, 4737536692248738835435791717733761024.000000, 508489134155951187196428915023855283008, -501195052562034971256493925753683832016
207, 5251723627088083506317706305705345024.000000, 369490984743479001050543885800217242112, -338972361422780627968121649004407800640
208, 4994494620487565077601520373184069632.000000, 376281752562582208667068398819045671472, -324907710839252665065555654698515257984
209, 2217433772842993779915478385211473920.000000, 491829156198880346973570900817991827552, -505358054992666762100903467632437760896
210, 9796314908421554937659745946644250624.000000, 410854646969880904061947264397035042816, -503803004934643766763477408132359284592
211, 4593632088197050146641301566090379264.000000, 393513702503338175126262268091806059824, -524058714527429197746864859488473748352
212, 8793236372172466402359004967253049344.000000, 469655285200707724799727239368744451760, -524588814832301034117492961277001453440
213, 12093422934352293202235478328557436928.000000, 516829381896725984499654531192041077248, -534418610064444991431887816192229025584
214, 7369753405998351572981605141103771648.000000, 438663078103571734168133290568963036096, -511707414748629954871735919233412285424
215, 14366621417028496416188908277701017600.000000, 432545713191610320219036493144982997248, -489499240459217283159443414401114174608
216, 19054315441143763587985164751993831424.000000, 434254034988867544560861536837265947008, -485499488117704095846430058919095418624
217, 11897574612669921022455072623433875456.000000, 375333034218662090080751625042582202432, -505009100212055244173491409687730933192
218, 15725288020187653839301306167024680960.000000, 579518428760990634266183213434968197852, -427307440123529529077572038865449168636
219, 13828391225881353376079426570116136960.000000, 473824214484959272352995960084564369968, -479345331129429879940511448420678618972
220, 19819587210278039222755412583441760256.000000, 402172780937830262479040987939178156768, -553464456101342555901391485936710248768
221, 15883670211242339407644859189497430016.000000, 413810531507540808535302525624716245208, -555996858483317724545933001334517717312
222, 23811619382648657605554281079881334784.000000, 471750250476738472471785664775061226544, -501573460204943932278891690087927099920
223, 15394229173375819466813570242417000448.000000, 531340271896277882401571352631368257264, -508311126698226930096003408080716783720
228, 5020386874439215190971729410663645184.000000, 515819660905850855262926869180283375672, -531601858775678182368312318431063434352
233, 1746101152736483088433540679910555648.000000, 462606989250703084392148030167283453240, -513082487768345789862450819186170208552
238, 24364093776342311146940243260332834816.000000, 575022885417635493884233418925203734120, -494254700563276009630995884781656654904
243, 26797807384719929313184231241415655424.000000, 555543617538225758413816961962778766496, -530917918338805802226445911503830430440
248, -5078994836009231871209129365645295616.000000, 421898812347201878700201058856833092456, -558798883215607190609280666435140994312
253, -41908926006292199052571983392196788224.000000, 480111495095367543704887331760263197444, -538380494547612018743439049567887279372
258, -42840419578332452722645811818903109632.000000, 507167002018460873705122449085210137672, -604062738173514232249001087125972190668
263, -52859030849042497200838604410639613952.000000, 541552057619955874846369571556428225672, -638483716210878075269301054400794913356
268, -50151684366690366367417288946970787840.000000, 571116456918411749214125327388227388772, -613744678495572096349398000945308843510
273, -60761676229498162758572112242915934208.000000, 521721234466686694792962120844935630826, -681341441931599122040628809063332849404
278, -33084619760989464766160809301353955328.000000, 574416393751107794993831483498835172772, -504507870651469114796531650706362374768
283, -18234176318218092618828866697205645312.000000, 537157451555783223136096123576642946968, -656752616034178454303145707369987258394
288, -24089043944367826293202666780899672064.000000, 568169044614588277655692480582053433300, -576015013392657582640502244398474863864
293, -10052807895980441175759204673923317760.000000, 499689364963379688436684859284404218148, -517009910247903667353795161628305041808
298, -13105987604882078935535497445799624704.000000, 594448262731160077332508900425303419260, -549865868542053957959098084922690356552
303, 36661535285484977889692289116806316032.000000, 591554848594844899885466773108551504060, -508764380016304249129928291501885187020
308, 64481461499194456336931445040348135424.000000, 528594464618430096701943348323486395627, -450048262978854449464813471875028919894
313, 54771368363209255960618370408036433920.000000, 576847728615373175548360127437713424589, -471384513908189049720122790399416012948
318, 38659640418060295750724607598307311616.000000, 584380091977318094201019669982786964477, -484754878818524793757104521895596942697
323, 32303788626744385185087118884739219456.000000, 563953098740557220106631926467491681218, -438276236503889215529579075679155558016
334, 19939366344957595111905116073085632512.000000, 516586792964005520380537973517646270255, -524729323920764325282398672504530671244
345, -8128997790877997695518307413957541888.000000, 465884224058250136088666382044455715583, -483677747381066978930003734870007986259
355, -33973084260183047110490686550936911872.000000, 492377450845790619781729119058348729544, -608551719377449920973248864054907199638
365, -20132581124162415601768780233613246464.000000, 823200834777687085244086047635711753671, -664697555480462627967199553654918074200
375, -11066670101835679882645603286071115776.000000, 691282704613172605236459594607883524937, -643651675997796924697538235761021576068
385, -54115319660294470058667573246104174592.000000, 849458720166065554392741062244383433422, -1302937703036489762998798988018802033594
395, -89581191256266919082885539282626281472.000000, 607972506012180228593133947767682119173, -1364769805799563771554707085331108854943
405, -73521137794484376450322141662274387968.000000, 728204011999742744269863520529588118561, -1332620374371907843342339916085481777143
415, -69995510471299943370311552141432455168.000000, 1260448580787296850672892613838367348499, -1428313974398553446737818376345281160947
425, 14276885984208001596632254725157289984.000000, 772427731472790583168097120033432834895, -1512422692883483031527075478849802925320
450, 141248093109857633471026265320803270656.000000, 1108416260093815547830612321528136142991, -1759358395226596727190272029352232148626
475, 114974315383382423037976115601886674944.000000, 1119010081867579928620655895600041258376, -1498386001905114398227445510854638846804
500, -236578889162322480792018478345786228736.000000, 1177543387231338094163183724177714456620, -1222639818315008478001330548807232692577
525, 409115762538044304513198612333572653056.000000, 1410543119877167696370107450572015444870, -893204236868287090219269309957068360032
550, -25107613652895890642223308613651267584.000000, 1253120860116399005059964978869581071456, -1374029219514884972187017882986504342710
575, 116035640494918827848301123018910859264.000000, 1453526894608774733907658484524145448951, -1433735572229682200829644289340580923709
600, 41017727923089667284330674256871424.000000, 380367601903388017989636332102162006772, -368091836728584535114534506410534667865
122, 0.000000, 0, 0
123, 0.000000, 0, 0
124, 0.000000, 0, 0
125, 0.000000, 0, 0
126, 0.000000, 0, 0
127, 0.000000, 0, 0
128, 0.000000, 0, 0
129, 0.000000, 0, 0
130, 0.000000, 0, 0
131, 0.000000, 0, 0
132, 16464530742525018037551104.000000, 16464530742525018037551104, 0
133, 2132148467015644813983744.000000, 4835703278458516698824704, -571406344427227070857216
134, -80120850339987118106869760.000000, 4835703278458516698824704, -319911995015521245356621824
135, -2380072707366301187702784.000000, 75557863725914323419136, -4835703278458516698824704
136, -63248543251666304487129088.000000, 4835703278458516698824704, -319911995015521245356621824
137, -10060074565050058940688599930109952.000000, 5091995552216818083862413312, -80480601307289828242222693102911488
138, -5365371818061189691319548540616704.000000, 19287000644964651175929446400, -80480601307289828242222693102911488
139, -19547553161961484030186295683710976.000000, 16464530742525018037551104, -332306998946228968225951765070086144
140, -10719625818873342594665287249821696.000000, 19287000644964651175929446400, -332306998946228968225951765070086144
141, -7180864931851935762011422902452224.000000, 19807040628566084398385987584, -332306998946228968225951765070086144
142, -8750561931822498121727942143770624.000000, 1298074214633706907132624082305024, -332306998946228968225951765070086144
143, -6261320275918133830579503977463808.000000, 1298074214633706907132624082305024, -332306998946228968225951765070086144
144, -5013827839913245190742995692945408.000000, 1298074292004959074238515111788544, -332306998946228968225951765070086144
145, -3905395982449289502959949454508032.000000, 293364772507217761011973042600935424, -332306998946228968225951765070086144
146, -822157840970102821842549158707200.000000, 293364772507217761011973042600935424, -332306998946228968225951352753225728
147, -234298246414233269480776292691345408.000000, 1394509784214048629020182754143240192, -74353691014218731640554455634618089472
148, -197670368392594586753427641605292032.000000, 1394509784214048624408496735715852288, -74353691014218731640554455634618089472
149, -28717056074999489988060168323072000.000000, 1329227996945487020917092502820880384, -11465261403079637394187332876742164480
150, -27399386490061852015908958851039232.000000, 1329227996922459581354999395347595264, -11465261403079637394187332876742164480
151, -505434214566344779217953201040916480.000000, 1394509784214048631326026313112748032, -85070591730234615865843651857942052864
152, -26531617417284192733123542689775616.000000, 1329227996916241405288680789475590144, -11465261403079637394403505658855948288
153, -276681982446774798300365894033866752.000000, 87209818035950964848793712748100845568, -85070591730234615875067023894796828672
154, -278879797165453033164624102214860800.000000, 87209818035951569311703520062700781568, -85070591730234615872797209682602098688
155, -120574211059869750845216699046690816.000000, 87209818035951569311703520063225069568, -85070591730234766958549265341424336896
156, 38172055709412356441858148835262464.000000, 87209818035950964844179774927712288768, -85070591730215273057931510682574913536
157, -238806413649699077805991702359441408.000000, 87729819515502845193110729108748238848, -85071098795424104025253494298085949440
158, -890067041072548178768437526346596352.000000, 87957508783541214125461542818267529152, -85071098795428960833626386591786467328
159, -804711877765870418535009668426629120.000000, 120972791032621776137780562272910311424, -85136793515254830505790867334528761856
160, -685241048497016544060919356841787392.000000, 120974738140691137853832938255537668096, -85070596945606487878744476217885852160
161, -827048756254758436047447538234556416.000000, 120980516782900516315061339775246663680, -90397796021342196524514471374394818560
162, -871283305940998549935549437949509632.000000, 116972064576679674683690386039393746432, -110936170730056523329179088903957053440
163, -651112838908251578074558151065075712.000000, 121956668613525486431483914390273785984, -85070591116486950994129370860393860992
164, 18503195549593085040753441402519552.000000, 121956668613439617275876080557914325120, -85070591115870368621340507219818577792
165, -595656736318552600511608793333760000.000000, 121956668613112173349667321511542259840, -85069291107129538160097991022834614272
166, -619566681988476323335855944964767744.000000, 121956668612910911922250403158897197184, -85086168510007639766897488890724090112
167, -1525622989458241588907569801842393088.000000, 121956668612910900186819189327761768576, -85107260876673596459095103824587653120
168, -1706471741383283710162126912947748864.000000, 121957966687121311591049160540994338944, -85074275127890828646085556058183696384
169, -425317651750666068775790972489433088.000000, 340365792393908392574132575566861041664, -170359249840826041906742134292604997696
170, -2668331435269804105110240987245969408.000000, 340282366708038651762137288219882291328, -232619998747158160208727150247114883072
171, -842608019910437875606139570367758336.000000, 340736633594400337730722908402524946432, -170359270197146392755974750772323881152
172, -1393373795833440964452402101296824320.000000, 340282366920033064494273600165380620416, -172697664569376305369488456643199892224
173, 469902779522882893642841603558080512.000000, 340739143734814944030801567548266389504, -170193054778186992264046767737833986176
174, 1112099380741492131592098587959361536.000000, 340282361845372578557320669824741246848, -298577801076273158861086695961035227136
175, 695286811960808034505691463296221184.000000, 340282361845337478825788804169061746560, -298579814692548285367792750440220753920
176, 2808285005271935627503827107398549504.000000, 393700478397063264414135588985452578432, -245934958431250482737528928884313558528
177, 1399443699215887458014513681190092800.000000, 340650327605798346475821686060105844736, -245865611118226116496948816322855957504
178, 1564004568550845411109037497712115712.000000, 341585724044658945599969575724549005312, -276434629343122958376724757221552306368
179, -1344543869373077394740575659821629440.000000, 341560816414055372028196978242260244480, -276454629423602918920757355288916213856
180, 1355137087909079797648841458430509056.000000, 341678918836457093957251005334195203040, -278523439320102054491437794653213324096
181, -448770665169944422697133298902106112.000000, 340834055924660814744203759021125731968, -277919345879619518273707330960078138176
182, 973493577959846617446837709789200384.000000, 357537335004415272404520744715172781504, -352206244021807267483120520732539688384
183, 2975718016671933422902156818410110976.000000, 386954027875223375348311110627807380800, -278492278541912782911952546809996454720
184, 404051610621289800806183028670857216.000000, 460653101879803690963885304178861329152, -277108169063990923069793069745740990224
185, 7422027002150997813286660833978351616.000000, 340035971918391289335987289685900067840, -278052562957125144079251912855985490752
186, 418977447776844364553824250219200512.000000, 416043036135534999857352965068177980672, -280642873194969369026744510797556728448
187, 1524127784941039061501869123900014592.000000, 340733706684587542688446211611662095936, -278511262238184186421142095066417104704
188, -475353063656579411349587049886777344.000000, 347300583783194509332049954283030389200, -350504632502197559562250046808340359584
189, -383318793756741363540372756208025600.000000, 340669501221435322091485900062614446224, -352838561599512940375314521735719721872
190, -637065719722395546280668942645067776.000000, 337927560055378864023666405784705971456, -352217816849484820461172609577170517424
191, -60304270473550175931123917859586048.000000, 341690973634216707153604610846931300864, -348449939813838330060019830524708364816
192, 1754826833104274090692947412458143744.000000, 339362072317018907297871038265165669568, -349533559222475706203392709719096188368
193, 4600858590346691792225446911149080576.000000, 437089982470334145773346496420120586432, -351397111987425320047130088132376037936
194, 8728351296268408678383453070952497152.000000, 387197755183690375843227339067191931392, -258234169743630984593588560444373613952
195, 4403852624233181433083712294612893696.000000, 339206926357032989521011127265663067184, -288667798703179196768093905527669386864
196, 7179373922693162698381856630550560768.000000, 347003312433177354670246508920520980192, -354772095627169159272273392216905865616
197, 6261597374153805689737083372399755264.000000, 423119819406263383446723080825623845488, -406759968062805757677555720646458031664
198, 1270120654766440138054292813442449408.000000, 423608840725865160252856305569567846720, -358914007604256815027030783889477107424
199, 4710008737521271036265345154981822464.000000, 340223515346453476247489266448559018288, -347744258948692205373284641718914334608
200, 7660951191140210174737365219714007040.000000, 417775629202658443296326559224071564880, -279389304499755828508889541126401970544
201, 8113010838822923133381203762857639936.000000, 447340569686668460870971923933507994752, -425598776951860053699373829433139671296
202, 7276216301999534531998626846131355648.000000, 446008948329799583126327551377722523776, -430080810954890365114708592538886508416
203, 4604531767243731559758391362705162240.000000, 426740315298605203768543640505677663728, -505888916271311791986385957786473730176
204, 2711887802335569022855042319282864128.000000, 472830480585628793148150364545599919520, -501164165656887209365234144509804812496
205, 1958039398463092684234986792406745088.000000, 361178161685573692895546197804694178928, -426225325754971964218844174219899224960
206, 6086872791892932336144275725266976768.000000, 444813420020176235560636221377615528576, -507811521122597241164912316317425140608
207, 4277882191888156988193876027415461888.000000, 447876870827768817591623858851595911552, -508348030759570321187238548436696159104
208, 1483168454031952501186751103328321536.000000, 447824921245483666632497718697956090240, -524219668025859417086978314305866974080
209, 5633288563718968074776155024972054528.000000, 419067136441049000728054956603307861504, -442718813713179278909666020504593078848
210, 2167391009527020772881039790385922048.000000, 402475139967983263782137153619125142192, -524059232788226244245099242001690431360
211, 3722901773125131243302416755323830272.000000, 353898926237470146149423799363642480832, -509256250722015508056613705298656181104
212, 9630180121279307131685460984608063488.000000, 416739654276688981335030327792671529504, -497005060960024134029405734655138409328
213, 11159974981026824896730826295050502144.000000, 391987481634813092616583068198952978736, -530042183498798740238603191837753387904
214, 12527181327514826339857381343969148928.000000, 392551150433761012286846134384197806384, -531569848536949454224278316293636481920
215, 10354044222724285650995826567269056512.000000, 427066121257140439849624113755704580608, -511740475701403563013689228466674627632
216, 20063505891778216330493592216092540928.000000, 462926562802923048584592578696678738960, -476439021715857583113036997966051394304
217, 18372018618548512536116944361985409024.000000, 462760199234128806062858528244159710160, -561073445461232893375325647477987668176
218, 16072424893509355899860201818434830336.000000, 510629659568016164297154283964665967360, -445817487249236872341502683973216973596
219, 19233036540820670445958304636352856064.000000, 430575784177101754928157802162552941312, -476897077837441022240705488016922585840
220, 17437899789583261831336469757580804096.000000, 564610561594208145973745294607238874752, -482304417742276773952785144201899284224
221, 17280010374599961697399120450507767808.000000, 509835774012250747219957851455125311872, -516719785646154243957172454376078929312
222, 20476748505375996799409171067075297280.000000, 396913431043430302097745851450361173740, -522952902236331391749788389026776298048
223, 13133890062982984891728604009127215104.000000, 503658829616838906570045683646460488188, -558139936396863165009136124224269191800
228, 1687501344692599762434532216433278976.000000, 445139763913178541686810064075086873808, -476328177018599836337480543691309064496
233, 3189488810632704248281717256203796480.000000, 465333452619177403474644986141891448120, -513072751230332498773831956186302193320
238, 10890982907850444398057549278717411328.000000, 548305324388888816381562745379715093892, -521608235311660189314662006082833997616
243, 7383633377819976970109754749663313920.000000, 491745281463962246077522026785610052616, -528708943480148911629627489172973531880
248, -5290339209480197994285037453249085440.000000, 587059063405520595961715319363564849520, -529379233976569916437341453052494234952
253, -41601547126039356365297788371825852416.000000, 544788144089724547363009175518768067956, -604558359604517287387847030538304252672
258, -56413538535580408801215172159240929280.000000, 552282434604702004778290475677468522164, -582213826602292028643554542750376742696
263, -39848311275039875079920948168840183808.000000, 594197060599700759965690488138950948532, -526844583677284980316251247723162713200
268, -62766182274949088332754443727796174848.000000, 398489075730729480294150421164583411300, -609778304051729565640054683163629270818
273, -56131595117148259321798732813241942016.000000, 434509014285175988742068875471468629992, -582537084871305105131341949397514692712
278, -17282277637561195051005850117948309504.000000, 549943761495795102857167387170833414216, -610683109596969837823773126559919007642
283, -3120141121524176148552325397127102464.000000, 424485541000993867176944303683714648136, -498110544160873575995353977607660079500
288, -14148765223649818908670811375921004544.000000, 461402525987024888227791270645311420944, -470345382275918691987432563431399321963
293, -9084939892208045013621134719035899904.000000, 499664822380838227308824739045588511012, -566837816389560647902879180986676033274
298, -15201869358435073326229916549015142400.000000, 581875232553327410542520518688500744220, -567897532704248125089076441742101100888
303, 29565089632381914515894188593630937088.000000, 586259465285029530488030961710485180182, -617205601305803452858316718595207754316
308, 56274174397894851154857647050202284032.000000, 575137072649982838764179121194396103452, -523987075089848636372095175679546832014
313, 57227133680781000955644258773349957632.000000, 490485771060924083440942264320995081174, -433557870856502598358691128602584968764
318, 42927923085087275364229057522285150208.000000, 594878600418734326781680003245453659133, -490797836973303654012614530375906107737
323, 37742027345724564417511782312075853824.000000, 480029240377607472877782148031109300605, -467081965867201321394704538420968793081
334, 22782842176871388580687082971776155648.000000, 478046907312512334341465780895109005951, -534901413479516989650544894007084405960
345, -7540076422861260919836825569894334464.000000, 450739368159989217785123217729378438911, -630341777086502285597006295037196803872
355, -57458303754512195938155025268425621504.000000, 405679995890375342760106248127238488802, -601233460839602455076158982192685307822
365, -37180687908792651082084237006897938432.000000, 564560684067449234883143907482202847302, -666601902802030222320210952665903484792
375, -28785320334589203740528982038427992064.000000, 539452455875311963048669375788180529745, -648569512228189626052638222959315942954
385, -80627350668696580685390884355652452352.000000, 480428474076118709279056625107417403464, -1348071932235582726544915155286775516233
395, -115964860516396815731737487466886594560.000000, 811286496672001149001804260332526404295, -1467164635779703703501322611382302627759
405, -15700782987228367591124736609383088128.000000, 673998340451579428132782338411788023074, -1371086497443710849216208179890043514375
415, -44504840528462234614151830143238144000.000000, 766543303640446649655592679394584860127, -1512226944639161572631507667418952177960
425, 22660208478292381347725038578690949120.000000, 563194819367429433137695574360323546623, -1278256730050538101821615550739431782401
450, 94881675828849181312132589160253882368.000000, 665799785290207392004122975718531083906, -1433018981367846686914400486737528339257
475, 97887553361041983163517383057883529216.000000, 1381132287372978280196791241277138451950, -1501722286871033807115102946338000413859
500, -248515891702999142577698106406718144512.000000, 905522003345189918865531881138237679851, -1265801440377535938064329197030938338969
525, 64187129889410640723636947652614029312.000000, 1235616393721068885193089347026590475152, -707815080083415874618924528187628323274
550, -3989876871846551039352385603748495360.000000, 1319443818721773236427456052675417424842, -1410199967271183033200886625588013362170
575, 97613600117122523679750201338224443392.000000, 1364819768252991370131863177265608572350, -1102705378048432443025586907890955807240
600, 0.000000, 0, 0
121, 0.000000, 0, 0
122, 0.000000, 0, 0
123, 0.000000, 0, 0
124, 0.000000, 0, 0
125, 0.000000, 0, 0
126, 0.000000, 0, 0
127, 0.000000, 0, 0
128, 0.000000, 0, 0
129, 0.000000, 0, 0
130, 0.000000, 0, 0
131, 0.000000, 0, 0
132, 0.000000, 0, 0
133, -571406344427227070857216.000000, 0, -571406344427227070857216
134, -2380072707366301187702784.000000, 75557863725914323419136, -4835703278458516698824704
135, -1561529183668896106807296.000000, 75557863725914323419136, -4835703278458516698824704
136, -64314145248525838211612672.000000, 4240685101616941401899008, -319911995015521245356621824
137, -180580258497910540874022912.000000, 2873560004826179112534016, -1237940039285380274899124224
138, -5748614126403359439343835997536256.000000, 5091995552216818083862413312, -80480601307289828242222693102911488
139, -4235819921992875002481876920172544.000000, 19287000644964651175929446400, -80480601307289828242222693102911488
140, -10384636254244040615157495125508096.000000, 19749012189224582198000091136, -332306998946228968225951765070086144
141, -7763952779853210808691109216124928.000000, 1298074214633706907132624082305024, -332306998946228968225951765070086144
142, -8452247396883443212180852947550208.000000, 1298074214633706907132624082305024, -332306998946228968225951765070086144
143, -6823844401133038438769128808382464.000000, 1298074214633706907132624082305024, -332306998946228968225951765070086144
144, -5046394373829501658437476006494208.000000, 1298074292004959074238515111788544, -332306998946228968225951765070086144
145, -5022746032987643198607386145193984.000000, 1298074214633706907132624082305024, -332306998946228968225951765070086144
146, -1280001319833592861207991500668928.000000, 293364772507217761011973042600935424, -332306998946228968225951352753225728
147, -239606636642107073266999878576242688.000000, 1394509784214048629020182754143240192, -74353691014218731640554455634618089472
148, -1036653185394616173083043628580864.000000, 1329227995789522541407846399186305024, -332306998946229115799904354746499072
149, -30841585711142970653834097228513280.000000, 1329227996945487020917092502820880384, -11465261403079637394187332876742164480
150, -341199065085290256199462865260773376.000000, 1394509784214048628443722551595630592, -85070591730234615865843651857942052864
151, -332172248407045748423527635838042112.000000, 1394509784214048631326026313112748032, -85070591730234615865847592507616002048
152, -26301507638171394864708775221133312.000000, 1329227996916241405288680790012461056, -11465261403079637394403505658855948288
153, -400082341008727742589489033282322432.000000, 87209818035950964848793712748100845568, -85070591730234615875030995097777864704
154, -308871578967587051534105749630222336.000000, 5005374171627573831597555452158672896, -74353691014222496473452139613914136576
155, -263011047157606773741123482603749376.000000, 85070591729925130855880164125001646080, -74353691014223595714913477567585452032
156, -61627803291108669946501129329180672.000000, 87209818035950964848793712745953361920, -85071098795435400848799753053124427776
157, -212872573531543618482861734629474304.000000, 87729819515502845193110729108746141696, -85070595533186416513638368198485606400
158, -670000606570785632702274884721442816.000000, 87957508783473514261120038685468524480, -85071098795738445994478825953565081600
159, -604441297822287216198327475665633280.000000, 120974738140301835414941493684173012992, -85070774276874093118202466423399514112
160, -52143166402596361436131696639475712.000000, 120974738145950544227429733730728804352, -85136694126873605323648434607091613696
161, -372055800173582366995603965058482176.000000, 120980516773113057587974714591702286336, -90382311420436803364947691120342138880
162, -827156550129423636031838642900041728.000000, 121956668613525420318516128226756394944, -85070419321636216447433997843471204352
163, -494345277554956508440220759454908416.000000, 121956668613439652698095369135079292992, -85070581669427508704381898496841547776
164, -447892339929294038535051417864896512.000000, 340282366922791606816700879503215214592, -170307408059062978263376196207518998592
165, 293940577768491083744743755003985920.000000, 121956668613034430356048637146200277120, -85075784344168591057831718541918732288
166, -1606213289837816268294694278717767680.000000, 121956668612879534385821507148412878976, -85086168630839190890080349717672230656
167, -1501348927724986662909197887100420096.000000, 121956668612849690651690438220977078400, -85107262144864052129628519034284867072
168, -150371048340417223665530907108835328.000000, 340282761922845119254519057540194369536, -170119236890651001194209880655062433792
169, 245334424113603610524938607817392128.000000, 340282723408665558311658859908915068928, -170359290349407872453101665259457028544
170, -3462982554050745634475550021370511360.000000, 121956662840847764076738626099018547328, -232622059586995912603050129555576094720
171, -970939579197076806028100109261078528.000000, 340531943523954204820695729532687941632, -170157953728748956834889853863767179776
172, -3151656418515692287639673745344299008.000000, 340282363865189678535692855411133253760, -297736049961353886500204274048191545344
173, 971779170619694297926617153081966592.000000, 401675846611010114009916510663130293760, -170120362637311079831191924508985333952
174, -348307782813822427063524040445526016.000000, 340282361837358668971381843134364895104, -298570445564190553793876223915423072256
175, 187900992199619016380909044847607808.000000, 340282363893079489381314527966737319808, -175466279345187924148222791216249995264
176, 2051727189730884907332582798553776128.000000, 393693151891418027902893082404634379904, -245934959884698880623238630288031629440
177, 136635561423889777160125299979976704.000000, 340277302263941527021338610619102991296, -180763958951836977971531485284443879424
178, 654339718694204465425821318414073856.000000, 401259161354463379208413363370373988480, -245864887007729235387573526916296705024
179, 371128516188759839344566789992349696.000000, 340895378443635012036774369504518756352, -276453329706556487402943079630996587776
180, 2824823271808412883579406351882780672.000000, 340869435818096275028080544864389318656, -276441606719134555171098344925064479184
181, 1722318338816243959463644342192701440.000000, 342240206653597912981380705013051901952, -274605388471955038513622541338668550608
182, 2116765059192299550207957230732443648.000000, 414760657425643841863294135940164001536, -275456560506018384075051367084338268320
183, 260399823608169022394723032314675200.000000, 356239239873112695205666375835476892096, -277107872651048558181613141218002390928
184, 1409492686304076884932024404549828608.000000, 339736361930236231955656822570440235008, -277876418380513065427248070719659148864
185, 899986122443579634341912898638446592.000000, 417863768478503474390755436416667211648, -276455665278006883681508702829185404816
186, 2788310158758790620218922137548750848.000000, 345406261480954850834684088368297120000, -276426332927813691308312889158821064320
187, -927415413389639902540681328992452608.000000, 416043030312601627892316636518957200704, -338307106710313512391701665951117822976
188, -941607470969414990020703565773799424.000000, 341670984127084439100097141042683337792, -339264174053840062051493044386450319904
189, -1748796802473355124602287262175068160.000000, 339208546300003139394194747855557997056, -341693076234289691907620936359975188800
190, -2113130084993895524220475480031100928.000000, 339121605776043650882911231596947461440, -349068227766079432310575469961184034160
191, 1535604147163900219221930655669551104.000000, 436278683792671664410561395087834636496, -364318332061100003038403321295393032352
192, 3351217087895635136677373727184257024.000000, 436194461591981036474461520853321017536, -362557160483391192089954452099190758976
193, 4289846070414927661299782963471319040.000000, 436155003595802704711005547100042349776, -350782441710445843173414887693054384992
194, 3378678984753439925606795314267684864.000000, 436726975750455950584776832969232957504, -339635591774367474690132787002869307776
195, 6782350005851074756165337914663763968.000000, 380028214752167228722269972711585254192, -279692198186971890174974282945987358288
196, 4262531449594986423920776639913394176.000000, 377611313297823933076353220660928256816, -406920849843380164013480667856109728560
197, 6205177936420104974723130320849207296.000000, 344854493848294708942752687741861336576, -405831422189101114166298264603396992624
198, 2867311629296757072255054140395225088.000000, 406188442660736447814083610468197471504, -359571109473064321423864999783715208928
199, 4248908436903377199830710975012536320.000000, 374099656418827807034497106047069169472, -432152539487427973627781207945978272912
200, 10353520456734043944221828934006734848.000000, 424405730730535971066288766929535363856, -279814804988762469854054653011408638064
201, 3742448871314442486590638409381838848.000000, 340334285617055220724389669116858098064, -506511839688058909862138589512213452096
202, 9835045241548967351233157914318340096.000000, 434013048538693444511237293224290787968, -372826192938058472158588208326375919904
203, 9086600089839026670323469509023760384.000000, 517712651301212145171631029740267225728, -429873520281092688759680017436561674624
204, 1196227670736079434616024864496025600.000000, 383483974331502305203013128819929736768, -501163889604321666207685141356837137616
205, 2085995599249904811336365437756637184.000000, 411337307946918910988430255682044733376, -501176226294980326613820132399929707728
206, 4617254899810224280937429141892890624.000000, 349351492606862203953082834596879461872, -423434747653283224158511695820820566912
207, 5211755593185225633864004650647158784.000000, 421068035655716003610042613646078797424, -505940719823866370206976399418903414656
208, 5650283652409123999943015311586885632.000000, 349437146341997318363533463883840109616, -504987284418982062021783087443449222016
209, 5772121789212499749268441355985616896.000000, 409432295683183796888184888154472068624, -424734104873494774554992368972440662592
210, 11177002180282012755977134737704615936.000000, 423314663023432009926880930975084292736, -524060974582217720731265706485528827264
211, 11653341600214520675293707884717670400.000000, 419206173751022525238952543865598938176, -497194904941738456319533704120589664816
212, 12349749510618014380544502095014789120.000000, 401842927672825445799686753100941446600, -524051159360292429622998739784701504384
213, 13193566021152669150307063133489856512.000000, 421283808536848165013017429906160990784, -503826311770057702156709425286260761456
214, 10456001114811767022333559336456945664.000000, 421374934879647415156071903073318738496, -511645154928603522167909118334779862960
215, 14567565454188094486955046509612105728.000000, 393379640645796993726209076639963947808, -442919670413040407613426948602022445824
216, 12789615066695948194310196389767806976.000000, 519355541617560439843546775266526602816, -511647794097922895939609420369380445640
217, 16129783367460393037764838380409978880.000000, 383481761457366247704074610679113682952, -556041138646006039637103272736979995088
218, 11369341675143111708295211053624590336.000000, 366601516145790046692538881680398385836, -442344851017542535320757566964216279836
219, 13110997587131857892262613910743416832.000000, 390011192833700576228690880547700032128, -553099989625704836693561903418625076160
220, 18959267597981446430496708746874454016.000000, 438921754203768504852325875428855827072, -510890103435939128354254639414286265232
221, 17752142552099735655042756311498358784.000000, 467842659410423117956290951194500327664, -532408613397187418602282071230418991232
222, 20232760336672292614015791140760977408.000000, 456229982232956674235584091187399265888, -523453023928845128597022921914661417472
227, 8192074653085123308724663718047121408.000000, 491876329565354888384443315221685333432, -625716233083915955981542160904468282552
232, 7327774193406052407074476467702202368.000000, 403352346573176901608616897029880148928, -476402918712322704655534991782300836136
237, 6350887248853460737025946022469173248.000000, 549246141875464051022287954057434374696, -555872339785011750069760423376672139824
242, 13963374302584453282565019638882631680.000000, 413110836541667820954375645171848838848, -528926859001731616289638220726498335976
247, 4720088325643446828469637841082646528.000000, 389737758807184746477378194519367102248, -553473706071855390106883796214035846408
252, -32382433966718591009430827632257138688.000000, 549490573761664923333570799343991364544, -575991913053134277822183338517978805764
257, -50342620850431951908651261219393503232.000000, 551541697442090838697095248420056671924, -536818950744300066339730315678499921276
262, -49104036699865856360367480359926890496.000000, 594101324972620829135147855189663987380, -516940365681448831089764665620658289688
267, -62174792643383097528182731809461633024.000000, 499309480352947092965773335259759450956, -615055585649283460777714811286859920676
272, -54765040571231361574941696550573703168.000000, 556970072101335312348394578641802170360, -649961469278347379205548301144738520930
277, -44383846569726706000448051212944670720.000000, 412328542414590234693524046538024579594, -648475864384615019052402347323571595162
282, -7763069202834205538298157214336024576.000000, 563481882684793521809535660223565748468, -523613598665171419509277169306534881306
287, -17988518011217100591024430343744651264.000000, 496700352117876669768926973166872212915, -537730435725719948099644351756356939224
292, -10685032762545847635757262090306322432.000000, 557377858664430697554724800989613208475, -545696841708313247219300222024718229800
297, -22232548345170761601402268727159816192.000000, 472624958572532816085449484825397199763, -549537794379619280438953080367721202120
302, 14410581674656936566557175899513421824.000000, 594476560796911853769814407547422534140, -616865522749219639291705179542309663308
307, 61574805317251823652801682599233716224.000000, 599664575877456022953876527209828949200, -523219576981714825849163965661122061326
312, 49744611340379675301248379822551334912.000000, 574867090848068731176389824231001000591, -487307582887050951997597465031445318618
317, 65097133502415311453002937358880866304.000000, 586292840968229445257890817004962329428, -445880848301550890870459948843684466060
322, 39120131972965973866512690405382815744.000000, 589949091407866654309038282561955410882, -448026534229202713637331618558207579880
332, 14908366620935416002585862017059389440.000000, 575197406911281572808208126138410751023, -498798814640861478456698235601848873176
342, -3821263297247728485159582127825616896.000000, 477082567922660243257816093693321447283, -650797730092270103394568763913803672844
353, -40241992880252483928192197399326752768.000000, 504381382424636431447880344995178915451, -645246046806576450868662467355977097174
363, -18239421666216203141235203681757954048.000000, 533484396274759926484828571720350648203, -692452763643608476762364101135967292783
373, -20917178335473940492348295013946359808.000000, 617543617339691806752583067090240485805, -656970397632691429532390757994169257067
384, 16311932839877027768035057410508849152.000000, 721379145302625248516924539667466887104, -1177607545073969381693469299154334905612
395, -90212346155613379917887229069516341248.000000, 676081349035704794609704297418047447763, -1377047231170069631821091222719471274206
405, -56868020646131474585420585292902957056.000000, 585309444518074579962824099385526223472, -1404504730325988199114318413954171821978
415, -75082365291999317056309174159101919232.000000, 640778696454615121107418488277089219075, -1500830201841025465729409906837798632879
425, 31343111025315019108467233370316734464.000000, 688839079289271674803843364296890379063, -1587369172226459849081208261700667155917
450, 138140617462827861098649144510170267648.000000, 1112133833800637336264508732356413064712, -1655314907272837714280130375419001042116
475, 167178838160221973952103352391683801088.000000, 1172516063675484217276013817533449914436, -1561145037373494429871778400417982789511
500, -213434925810201508014591431223101358080.000000, 1047547203387410880932505444413915741365, -1115846767690927551935656225738454709622
525, 89138710333530839312287252621574537216.000000, 1439123618559119934342230074322097424844, -963047947120745295050025366000439769401
550, -27521090693417928293565853499985494016.000000, 1170518388066284650790793048007086001273, -1045941904023209337895256107063304405709
575, 147342297610191169764052520905757163520.000000, 1414567992635809186699967545752982714152, -998085422699079667301841762354448832912
600, 41017727923089667284330674256871424.000000, 380367601903388017989636332102162006772, -368091836728584535114534506410534667865
122, 0.000000, 0, 0
123, 0.000000, 0, 0
124, 0.000000, 0, 0
125, 0.000000, 0, 0
126, 0.000000, 0, 0
127, 0.000000, 0, 0
128, 0.000000, 0, 0
129, 0.000000, 0, 0
130, 0.000000, 0, 0
131, 0.000000, 0, 0
132, 0.000000, 0, 0
133, -162373849146989881027723264.000000, 0, -319911995015521245356621824
134, -2380072707366301187702784.000000, 75557863725914323419136, -4835703278458516698824704
135, -2380072707366301187702784.000000, 75557863725914323419136, -4835703278458516698824704
136, -253379518111667374126006272.000000, 56668397794435742564352, -1237940039285380274899124224
137, -8942288502281541529662649832308736.000000, 5091995552216818083862413312, -80480601307289828242222693102911488
138, -140486398416653626683181498368.000000, 2873560004826179112534016, -1403575493555235078808470028288
139, -3770595443968062183613856252690432.000000, 1298074214633706907132624082305024, -80480601307289828242222693102911488
140, -11076946638282058147223590278266880.000000, 19287000644964651175929446400, -332306998946228968225951765070086144
141, -12606741771449673383954642573983744.000000, 1298074214633706907132624082305024, -332306998946228968225951765070086144
142, -9297488108531334456851163332476928.000000, 1298074214633706907132624082305024, -332306998946228968225951765070086144
143, -6464748411669051684386440782807040.000000, 1298074214633706907132624082305024, -332306998946228968225951765070086144
144, -5121324908762232260869444717248512.000000, 1298074214633706907132624082305024, -332306998946228968225951765070086144
145, -5038927370356913511191715455696896.000000, 1298074214633706907132624082305024, -332306998946228968225951765070086144
146, -283932874024137456441843160872648704.000000, 1394509784214048629020182754143240192, -74353691014218731640554455634618089472
147, -231998438761571314485847220608303104.000000, 1394509784214048629020182754143240192, -74353691014218731640554455634618089472
148, 236873421290826065292911598536491008.000000, 85071495765415795310032257162546249728, -332306998946228968225951765070086144
149, -28354467009670863805359314983452672.000000, 1329227996945487020917092502820880384, -11465261403079637394187332876742164480
150, -24522126078979487653494265483362304.000000, 1329227996922459581354999395347595264, -11465261403079637394187332876742164480
151, -22583477956364157991075886363836416.000000, 1329227996917623878076540878648770560, -11464591132824766717891291494922321920
152, -407350261864843969036543531226759168.000000, 21610643761366007365576745683282558976, -85070591730234615875031558047731286016
153, -28219100243925647391041479384236032.000000, 1329227996922890460403075301540626432, -11465261403079675173586444295243563008
154, -442733885855305679402291035748958208.000000, 87209818035951569311703520062700781568, -85070591730234615872797209682602098688
155, -429362062449095568576650344705032192.000000, 87209818035951569330150264136927281152, -85070591730234766958332811084333842432
156, -50141049825052064168110343267024896.000000, 87729819515502845193110729176930844672, -85071098795424049754932372269982547968
157, -312613511053605742317989521763860480.000000, 120974738138682783809939355474509430784, -112652072622052785061067526330804142080
158, -517468397255460726630737461376974848.000000, 120974738143943726745451540110168817664, -112652072633487069933952473838479802368
159, -607360394338765884254301354629005312.000000, 87957508783473555581823104620169002944, -85070596945606488099053728294387581440
160, -203197137708298530013457745847517184.000000, 120974738140998205021238417308822274048, -85070596945606488108175855084890489472
161, -456463594442684386113826231483891712.000000, 87957508783617611389939280987091894208, -78938555056383206860139637827096805376
162, -247959120646336048359820951103209472.000000, 120980115957848255814993775238387990528, -85136694602225012634688368149973630976
163, -280449088934372918604530780993486848.000000, 121956668613525743800041210768748970048, -85070419410827677940279570047929090048
164, -661784628208044199202195398079807488.000000, 340282366922790210461585173647441444864, -170152866132192216857301974010164346880
165, -356651579403675200167146096827564032.000000, 402033993444787662290710843656352219136, -172779391567137732671623569657613582336
166, -647309881254307561444542029263536128.000000, 402033993441259569349920875861249277952, -171034177401590608908211477660188999680
167, -729662009159738834415616865184251904.000000, 340282447839991251083760086664913010688, -171044561995307706933707159832814092288
168, -1476768468420282154331967135382765568.000000, 121956663859222365433357106963259932800, -116185419158647157622619128624660154368
169, -329732814166370196761118297024364544.000000, 340282725666671125609213591838692016128, -170359290405622145055164259546948030912
170, -3226253908136325466027511962818052096.000000, 121956662690097179169737640533862203520, -232619998713385864835530824344813027328
171, 1139156153751999600611876060291661824.000000, 340736634019942351946305473060493795328, -170187924321911792848740667216574484928
172, 539663923949127351544208004623630336.000000, 340736634006003441715764152136646983680, -170676092665827104400686096837984327808
173, -219679561074923947890148101513543680.000000, 340282366538553011883700546058667411328, -297734476739926024074649649319924695040
174, -463194723796907674694958930968182784.000000, 340282363857616257340466924887762126720, -297728279829921138362640788208069279744
175, 2238994939931079301456343661799276544.000000, 393700478308981533060151824503533635200, -245937423082368725316754299499733950464
176, 549373563481726929249452496116514816.000000, 340282443457724101749439365650621600704, -245906425448978271186889075494758960128
177, 1332796727141215724609633555450953728.000000, 424055422935263663850865961004978946048, -245865721310460557320463430580651257856
178, 1015483495302060638529566784874348544.000000, 339768330751123438657978572853768924608, -276433331488024124170958478582466624704
179, -486338039673726908298347415735369728.000000, 339768656467789501103996270296502429760, -276441119746194920948063871143762082240
180, 383193956907151182903844345126846464.000000, 341560977964491204949919388082115975168, -276454767459652252556264802484646454432
181, 2137920231145897693538680971318001664.000000, 342011631859456893824497064146244831232, -274597695576227445020315328015135132048
182, 2625016346660407063226513767255769088.000000, 414774218116674529808494530716095502080, -276453636104304792899592747356744137120
183, 750632701558795267827790211916496896.000000, 416011884286039813360629363064267322880, -309691522581098431232106698677772290496
184, 504933566750009973659849870618394624.000000, 417865684642415356751427151268572821376, -309743642718048250899574432477053454016
185, 4128663898859667817172693895966883840.000000, 429335432656111828567600037812316125184, -277870853489107677315424519451094190912
186, 724308123747777692454977952628604928.000000, 340235337554002353422548033387353169472, -277909854543814805779687485277469312576
187, -1165142356366033603310655408493821952.000000, 416011875134067411596818169662940993664, -338332414901702353390000342903744972288
188, 422984879807491628355964339402833920.000000, 416011531768969167928250807295813809472, -352797144369353627417594776353101808496
189, 2025018301925064503070501494864216064.000000, 342526421620054889628292235951050904064, -339247623863224451842993461172103440608
190, 2598979323718821561667947928802557952.000000, 402669017473359500042120485945898070000, -364098478464313285098953276897727572128
191, 2439347632511218976169161059536470016.000000, 341703483840699367176412949880088969088, -355132830354112207273651130105067229504
192, 3666094060345690469815606526114529280.000000, 435656492273604533665903600086005940432, -330653587961333063264224701807835094080
193, 2936992062440265883400718031832219648.000000, 340230607217418526747016457308457118464, -274590133412881315808684969703843711424
194, 4983605532076945790173690751514312704.000000, 349313524407796908615948932934783521280, -286025108856444603453975300202494944960
195, 8061761458198754490351746259781419008.000000, 361564815778989503284277164172841005552, -229335166275706251228071438175999489616
196, 5127626308216652983635186045352411136.000000, 402013900344211810445351294045901889072, -406176542352267653478213598411169173360
197, 3881083102395367332870135773266968576.000000, 421103727261899532112390064373806395776, -361003808312508216605194508663303081504
198, 3211500016372483509686376085160198144.000000, 416506773336716077055966639887154105200, -405832587942891433203794559202127909744
199, 11099739279748598182438768468526366720.000000, 446770908277393672727141487037555966080, -348246875990188734038210500681281104448
200, 6908094776625487220850726853280792576.000000, 445604930386227154942372586056440512640, -350202274951252418685738658835023063360
201, 5276773294717873308376250872454184960.000000, 490040122383026549012841432556604982400, -352082351285581069451680268223086142016
202, -192271471587375152400258596878680064.000000, 349599646605494038510658351067519344128, -506531596625532057703638430189748230336
203, 4118983130784216346692914672933273600.000000, 447164267223389090972410946990659601024, -505449654296282476227443212186739548288
204, 4125886027192868784981984176230105088.000000, 446832533168890726490011849506922135680, -423437833074915172434880894154258744192
205, 2249362527502522692979178273931001856.000000, 441199620921956385936217516933016263872, -426246190424998918498787316989790261632
206, 2724692985189988896629195706892025856.000000, 425387468394118921194450868636512294336, -498679574696832392124196665906244889808
207, 5213315488854401791662760612436377600.000000, 393972049210847324521378466359024593584, -507675099706118664636895923260257731456
208, 6274735545844700918260310471178452992.000000, 408844498271037590431873240873825540096, -524451737415872614562222787328662429904
209, 6306784174140077040102960846447050752.000000, 408699256815699203253941296747536578736, -507945522691618140514831242327124791168
210, 8581138122059537391251147457485078528.000000, 406394145712265198745506406232578039088, -523936634944225342266017809445139157888
211, 9101648234440534422212000749254082560.000000, 410784593911239663756335347360779116032, -497283994797232302212335744866635267904
212, 7384531078880234209803637154614607872.000000, 427659078683019650199255568406888813568, -499858096764188867005311800192331630384
213, 12302322698768359911713429183799492608.000000, 411781852762389724010655358530547649024, -524540142879184763293757761825916185984
214, 15350769377557237029562172013419692032.000000, 380869441888658790109793323959532226944, -524465820991217205377037847598422025104
215, 17616695978410577976521893919229739008.000000, 392529358105139271931562449192571549936, -489779321261892190456265248726807655312
216, 13993559122454637139855161160051458048.000000, 426931496016742282160423537797272402496, -511653021839482457626719662640721484336
217, 17447211704852066572162882339789078528.000000, 379618452447671287769074980587914397648, -569370786542073896627500885816894132992
218, 11691782175856557122053374049962164224.000000, 407414977781802791948797754502091438812, -444467603639787157101964741934780248092
219, 19715901811843717437133397274778402816.000000, 407906716027212931522941350395372432128, -454954315636913135991652785071794543344
220, 18571760899421293592469138026272915456.000000, 502429875639257452560362209920534368944, -482701580050495764686478946912529472348
221, 18626993775136986692867251263726682112.000000, 371938227459353227823970315169587479168, -555999701167455018634894053563776391568
222, 17149745182168891460179671936135069696.000000, 439397404054663677938892794431374922352, -552803866277117795735567430286795885000
223, 19375503367086334746941692209782587392.000000, 460692026755822660142309777369294959664, -514884014604694833119237457462446076576
228, 8737909961562205364871430847468666880.000000, 383635985248263726315359970315776687416, -540667627638077825250382420153842349976
233, 845797201434610765963676518019235840.000000, 491284684962462113712390001330368238104, -494465984485787786615816074240798974248
238, -189822819787835085906107569442652160.000000, 523056635767058928754769717782264993028, -537976289696410787034568695104217356396
243, 14019011978814376036761919959091642368.000000, 543961181958895561649051231836049829800, -599969787295755366017170450192630748016
248, -9377281159095589727636650361006063616.000000, 551028627769184191179790925149030972888, -552155256462895075883318190087017587848
253, -35148645507364203543413067125805285376.000000, 545049787213440098348264908879732094324, -617597818875294737781923050540058560164
258, -58471411181755332960709868565276131328.000000, 535868743786764239831961580442463043912, -537298088095961903820725795481114839936
263, -46519600276282714509827061802376101888.000000, 571101987345545498230241857046874696392, -610094139132951521841807558344903250632
268, -52159037991272057276116794173353361408.000000, 417388559360570312577761273697496260276, -617134934930365743883256761139971897090
273, -58937242160339474179714333583603662848.000000, 535162161950755324863822438568061767690, -648436087536315001335851180604342693730
278, -27088725955333654576992249258360963072.000000, 610478687418884868645594425973611326884, -535649618859344415489039306653163695046
283, -19975999218940540957959779329970798592.000000, 537203343360890125421294947624298622730, -647303033447325440475937707558788872218
288, -13153715362630204422585390125201489920.000000, 430984710098690108824520534485142829712, -609961126236917888077983727094736580971
293, -14492198275253291965227096787141001216.000000, 534242213924881324934698041992267893963, -560885000243224282228705398134800267002
298, -11464350658904052926104836470703390720.000000, 545203811890130851500669984913151903935, -567717588384933433653485991935711888712
303, 28893838517910849420488851561537077248.000000, 571269663658697922891000060675972894486, -505243137342188258380597689074178815774
308, 69353834230005771475169431580082962432.000000, 594434971092099010617068603900470069842, -505473924758506709497834715093412661023
313, 58861338506897061301301151905290911744.000000, 495808768219538475834121813965942270877, -429638976554997118851269207278575640114
318, 44681612079059959987808830654771101696.000000, 594951292266874760017082525985836765181, -483856552630413442429475178382292292803
323, 30306063763556013965890637003642372096.000000, 585856772578359773822060720466166428514, -437359851029133383361713296387680884352
334, 18588339222143222054728386504889991168.000000, 531879506294925100973283130074161109082, -479725076505920286371472165734602469592
345, -12630575210663318437954892471199596544.000000, 476835059995216355627254889459992164376, -608670139220553464050349921355298196756
355, -44903221575337158081209497833208545280.000000, 414904398425206965648090078910264717745, -607286224208890480702622607945760075438
365, -44694909855842702266256818548538081280.000000, 565295698731188450107834901964712996907, -615683486597507047981522190190383620590
375, -36876029323931354985924594826655825920.000000, 462382688553484209171900962493240000949, -642907817141642616437029005648277868538
385, -50714114218860475516537547127145889792.000000, 492028333961633579918708728175575289524, -1223045964506728243228506802557966814767
395, -64764177711143261642897078371804512256.000000, 722411663013211224337229523796661334140, -1333331118052620761688682480100332468183
405, -3431045918330429311635250800874225664.000000, 793505715243431381054553660285041394564, -1453801207441393889412988925804238222855
415, -11658905817412800469810163283948208128.000000, 787877542827648648377454056948977939327, -1601936545374048158749717550979870537090
425, 24922179430299158505523105111950229504.000000, 597294463816219283552681650124009264533, -1420072054928715520971747258193074727043
450, 149837358891074281705476425857900740608.000000, 781325926399706089276115868697954279640, -1547989152039376317843710333595279515782
475, 86122996604824077476898014414776565760.000000, 1515625951173863118432035868791091335314, -1632951382994447425193650143198274363213
500, -242640757704213162140461471100561260544.000000, 971180459835088725112421936453606037335, -1274113518323567554773329471968758875474
525, 130175562887266747865190570031765782528.000000, 1437517496349287486520212532799689548044, -812640638787726668693232256547576353391
550, 116965570613498470837719988490897195008.000000, 1548675642970977177729254414651456555982, -815165251373137328780651653990793185079
575, 35464709969905168552662448168245395456.000000, 1251257812899756031602081988727820551695, -1771739151937092796317788107198691962155
600, 0.000000, 0, 0
122, 0.000000, 0, 0
123, 0.000000, 0, 0
124, 0.000000, 0, 0
125, 0.000000, 0, 0
126, 0.000000, 0, 0
127, 0.000000, 0, 0
128, 0.000000, 0, 0
129, 0.000000, 0, 0
130, 0.000000, 0, 0
131, 0.000000, 0, 0
132, 0.000000, 0, 0
133, -2380072707366301187702784.000000, 75557863725914323419136, -4835703278458516698824704
134, -80120850339987118106869760.000000, 4835703278458516698824704, -319911995015521245356621824
135, -2380072707366301187702784.000000, 75557863725914323419136, -4835703278458516698824704
136, -9671406556917033397649408.000000, 0, -19342813113834066795298816
137, -4353628366665573570969600.000000, 2873560004826179112534016, -19342813113834066795298816
138, -115226600794311843645489152.000000, 16464530742525018037551104, -1237940039285380274899124224
139, -16615419240586685788157985610006528.000000, 19287000644964651175929446400, -332306998946228968225951765070086144
140, -10384636371124861568958206729781248.000000, 19749012189224582198000091136, -332306998946228968225951765070086144
141, -11996738160524719396558113209319424.000000, 1298074214633706907132624082305024, -332306998946228968225952039947993088
142, -4543581402110918832397754631716864.000000, 1298074214633706907132624082305024, -332306998946228968225951765070086144
143, -6318745475277034912994501748326400.000000, 1298074214633706907132624082305024, -332306998946228968225951765070086144
144, -3373305690119936302972283989786624.000000, 293364772507217761011973042600935424, -332306998946228968225951765070086144
145, -2963426593543265378165229371785216.000000, 1298074292004959074238515111788544, -332306998946228968225951627631132672
146, -288518798924202970355048094130765824.000000, 1394509784214048629020182754143240192, -74353691014218731640554455634618089472
147, 276339870675783563633979694151368704.000000, 85071495765415795310032257162546249728, -332306998946228963614265334325837824
148, -196898882268802833211244292215930880.000000, 1394509784214048633631868772570628096, -74353691014218731640842686010769801216
149, -28848903189704820647736685491126272.000000, 1329227996945487020917092502820880384, -11465261403079637394187332876742164480
150, -24793918989417120808181155932143616.000000, 1329227996945487020917092502820880384, -11465261403079637394187332876742164480
151, -23449412664809812036019714491678720.000000, 1329227998221159953588140982073819136, -11465261403079599615471642701694238720
152, -14942544919177136352742858052075520.000000, 5005374171472831319769353890151006208, -11465261403079599615471642701694238720
153, -457895360955794074856842193931337728.000000, 87209818035950964848793712748113428480, -85070591730234615872729092738238119936
154, -733988542298227703793553762609528832.000000, 87209818035951569311704645963131912192, -85070591730234615868114029020090204160
155, -574277022272493251690430848701562880.000000, 87209818035951569311703520062688198656, -85070591730234615852045185549632274432
156, 156592321297322173135602610864128.000000, 87209818035950964848793712745953361920, -74353691014223595714912919015678541824
157, -562767815548989003717175266840150016.000000, 87729819515502845193110729076535984128, -85070595533186416513061907446182182912
158, -1123966425499153673291712913498701824.000000, 120972791032909802769643979894894886912, -85136793515254830506705098125992787968
159, -892712588436612355375132346045956096.000000, 87957508783541440762159232413851189184, -85186342249378476968725899939835549696
160, -483576065371384993021684089603751936.000000, 120980516811837364776864222465115029504, -85136694126848869567632579561786441728
161, -613207422184696783251832142590640128.000000, 116972064576679554247715048883889373184, -85070409178724417424062920662002892800
162, -400355743871208617326193771647336448.000000, 120980516773113042761368204720340598784, -85136694126737562818394976381773021184
163, -156957215249942882467026215702102016.000000, 121958291206293636893689309665321812032, -90387463148618182586162845650081808384
164, -539936981321237236447761055153651712.000000, 121958291206293777679495096547130736704, -85070591116484521687062071827340857216
165, -1079426818320481185605713025858273280.000000, 402033993444865667514345022500223500288, -172777676474326416735235414901823438848
166, -856530046301016102982173176667045888.000000, 340282448050576552891853067350263840768, -172777693845101206811853226387861209088
167, -1542730088917322793699335868975677440.000000, 121956668612906658813392841237824487552, -90741174441811249926403451789294698496
168, -813866892698847992072498343298727936.000000, 340282448050554708346020769983867568128, -170119236891683613244082035970998861824
169, -998527502432072595120055841965735936.000000, 340282729476478388848033410197806252032, -170359330970366142760948516265624805568
170, -476365348597878100403053096981233664.000000, 340365609850477114259802085455883468800, -170359290403744120873433528299451584960
171, -3012728751453909569097773113581502464.000000, 340282366710441483711853873033685368960, -232620022965821607916577075860510621696
172, 736285471078324070260401132640665600.000000, 340738748455606513795944686755497517056, -171195525138928124336926512585332955328
173, 2099133752015055413320081170455592960.000000, 404054178525876685921423479709724768320, -170535743947595789512307093813720651904
174, 1314216527532733967477220645678350336.000000, 341580738164030938272760547739484258304, -179440658073890871703513105813570371584
175, 2398558734613949674985176264632958976.000000, 393700486400428882741846251208297301504, -245937416624557501348594685750289632768
176, 2963406775248688941797318577478434816.000000, 393700477008278630850647504073366582912, -245937027548441608148447203581903773184
177, 2654894645784239360156074269699211264.000000, 341902258586200014358630089010250373120, -245937229672951635942772697736408075776
178, 1003775667225365181073715638298476544.000000, 359333529238373254158813950169006399488, -245935470354657877803004891453555305984
179, 538510164825608011435604341029863424.000000, 341989932147888434923388484106936715264, -276441122479599811471793365811147454144
180, 2003250226306517316866021344342441984.000000, 342052593613746491324910368073672050688, -276442945001053079427716737273349981136
181, -1702853205366732744684676420766531584.000000, 341687196108979500796787526968272743456, -277878365138666264779139710440449960768
182, 1098876944944336646100134324466614272.000000, 340432198818878502900781999752197945152, -352486698295907084803385872584398824896
183, 230633396358616170930981615974744064.000000, 416012339213491371378544610395890892288, -309686426058968892750448258635019322816
184, 834437531237530631585883296307871744.000000, 416006822361566625222432166404193959296, -280615472063296815392519597357208822400
185, 4634026912556626188573888255927255040.000000, 429335201674912656174818772264574846976, -276428856979757110924951724857764603648
186, 67086980811108588474616962795700224.000000, 340112539629321633136605000836037696064, -278026465865941360261624332584168212032
187, 1121301441609003065380208518046416896.000000, 416035818498025288884364561793843163264, -338416957793182970686564393256849621760
188, -1332282603517718694111926515765608448.000000, 418560742817022713570956494524508086016, -352802663637869169043380619510892495856
189, 1216345140263009915016930607987949568.000000, 354276248079845882446347724294566017664, -338181304146660501543581168579778341024
190, 358530347744414227611280729360564224.000000, 379530557574184859632095398678066440544, -338730380664824186064964868426870327776
191, 4198416008851523322621338763311185920.000000, 436189897551738915742668519561196037328, -376293582331655805796704678816074540800
192, 2535041287714807911694995085749911552.000000, 340319501595091047637038848632024431808, -359401851184806364951267948540547837680
193, 1513353102364369768651564622014316544.000000, 341437231164709013083830361951575517312, -346573012205526501183629355513021693200
194, 4744747060141856812344867903101730816.000000, 342839074457331566012584968057629995072, -356109119674358410981575430777800776080
195, 7801510728053197175824751508909457408.000000, 346022196350254166755129975222551163840, -355070979759348252734202645965973625152
196, 5718004999210766697492274637497696256.000000, 340273590864964617750534895644837666432, -407219093267795705086304798473197222704
197, 3938678929028439094314014451045498880.000000, 419835936550352001515535727811818544032, -340655236536592031695854675047189314880
198, 6462255039739765107682643467458052096.000000, 446661593807674909380058300105950617728, -279222907745190575160952344954468796272
199, 2132735017269910000284058894773256192.000000, 342390143136741349121784704079548704256, -387017059004382130430345047558739374096
200, 7210877215163223726649148988234661888.000000, 383285565797953206038977621131159986736, -343400207601132693289026714705918752320
201, 1102042629904949919908399252926103552.000000, 335300738844894913784058222908096663120, -506489146689153572375236130251080202560
202, 3689209849946102727293925323828101120.000000, 587206106055071885702194708555320571456, -501204199878103166750423022650725592256
203, 10806558124717590949532192479698223104.000000, 413982699035114599433442674874711889936, -429902410531348122271617715024088983936
204, 6233651563408695002971814981854560256.000000, 444837933244022882332991766929978376832, -511330964226269052843057262687621137280
205, 5567624925035485182559530914351677440.000000, 423570736623550979699041978181440454784, -545226277035741706758955647297692893824
206, 6064325093216563006461768212351549440.000000, 342414210097696275614164321342685853648, -505172784974184912023940386909066707840
207, 5057814583586883234247025360694673408.000000, 393369479608626991818215956883720148336, -329824313985458963972257495970321910928
208, 8173022865448354884480462370497363968.000000, 363646625436797359532471501262641692336, -328429040171457514646273965774820286272
209, 7047797109504667007207005296313499648.000000, 417191857744937601930916926981653796992, -435904818776070599579987511150954773568
210, 9742251482691737780375411378660311040.000000, 401934638489160275722840509897519922864, -524082566668505795641601569447080792960
211, 9326606637705404120100476400693149696.000000, 403735808590779450630824621674368911816, -524058869533899772966425568967840219008
212, 10813773794910588829015285893760548864.000000, 418897016975926305881032758674293780416, -500982694712353647472576499462397053488
213, 14805313398466897867618707584059441152.000000, 393482723388438564858396132729091351328, -524052880791475529534965812075221675392
214, 13791787546957764029514630880777207808.000000, 428428522946458574808448759282637592128, -511647210852958905052180708745490554992
215, 7098263269903529789930724831700975616.000000, 427066442763446970179295195728201411136, -532505124923342691000118354514094482824
216, 14970678859683654418580106343880851456.000000, 519357959481764851483499076851652775488, -511751620740021765739636704865460152648
217, 18952251340867835283754599604763492352.000000, 437455014134248112360628253395177924608, -553001058942480849636722591601587460944
218, 18140846137412301479543018506019667968.000000, 412373473586174030723908722730785360608, -561408635463717394166599303719450534864
219, 14745999039459303870932355975431061504.000000, 466439820617998253881280346821823158512, -482304257981270721108117685792896482332
220, 15622934242299097398558728621408649216.000000, 390169537286705922628264261932608034048, -510138384601520879188401708664857782736
221, 22183759474144670365360532627895877632.000000, 373826125694205776203651983996498814208, -552843601423260797088678059871652702608
222, 19111818225841996846146569583040921600.000000, 481870443368485847511803285101109427248, -559319364977713970473047290314912262544
223, 13952575332653740754702710659509911552.000000, 494605590428445106412278936508269306528, -476056810728682166141230362740672786160
228, 10065899752181015551444215915775787008.000000, 470623670865836541718236730772149531584, -469109512027027095498415751482458621136
233, -3235767400636651094602433558453682176.000000, 492587394134124446899197767707663487448, -495795220223003898927048175612488539432
238, 25126827004888643809679029600757219328.000000, 550777520828147923850166056161184300080, -516656199343717709930433098925459513080
243, 16905747494429624211492570201872924672.000000, 422491995421620164041530737998350674624, -496989411821821379842471929704116663464
248, -7448455856584737016298220645490098176.000000, 539462122397621462887810630192682563272, -530434024343701590270327828065095527580
253, -47608650734842577470064091102634311680.000000, 487199690558182691106147291896426814572, -540017168280940110695863016751184383756
258, -50316534286707721500409773057537736704.000000, 534004062849308858081217383067169793096, -603957403107803928198599103430577748396
263, -52132956621683519300544672115265110016.000000, 539185944803279740286918835996370082952, -531932219505526746243436059145253546356
268, -44847597771454895579545001455169568768.000000, 566299226854939465839389851922150999380, -613486846149074030067810971826356174406
273, -48644824680913995887015322851148300288.000000, 490111587749900012296739885598581769108, -538095247422753962985698552374422003669
278, -21387549511233421841680505081360809984.000000, 610502696685923062650130301847152328084, -491356804007692424430703098749823786588
283, -21942919965366957576749513693458333696.000000, 443478402572577490182055564859235586926, -554827092656199750604639150915825903642
288, -23762496106543110870274558081842020352.000000, 450786389525228096103808786405758909072, -560906803866797674307665628858291551206
293, -3087411512816747853666734052969807872.000000, 565620367285723118359927939732815381395, -568908246831054512563995864402129467130
298, -16292443704557005905556111806492049408.000000, 539868551850333288661819666379450549139, -557763882177639980881388722314428990792
303, 34522382279245190306560412878704214016.000000, 587585393705452530388709924383523086364, -495257799889118541233976598302699590110
308, 67144959612176320697351506410946428928.000000, 594927115103688193632194357451327900178, -524559106583735799475057557737519375374
313, 63684502044951592109169199121837326336.000000, 602910639503533392948096810593362649874, -428212802728005413633347300683310718514
318, 61317231333296667244293023884894011392.000000, 585377435812090495402930990341143658882, -456220663826886845995604025869703978032
323, 37994502998690020265174799432800010240.000000, 548523515414174707748740482767517031165, -430748334254890726841798929804429833364
334, 28938873883297786950454891939392126976.000000, 573667864330462574490361559143232032557, -419243091964043285495941625748349964363
345, -3624171880233948399193292580419796992.000000, 579570926469890489473046920526049807461, -491501271546203071069945558061594979927
355, -61574979525107409816775604233643753472.000000, 407427896871210426607818223458890514843, -611930468323933759758511771710663813892
365, -48865439366489339405093066273691009024.000000, 553280878161930423815586185059515615003, -625162005956739581299233009985591238126
375, -46495627817711164050814098043127726080.000000, 462798551167327861456825717862816755773, -677295772955682454013599476213077233896
385, -50844789249901506905483628052123484160.000000, 488843086541113033303820060513031026612, -1252644638182712069657306885414130567232
395, -75197516736021006272538773164709117952.000000, 791545023924773876153539283504857225479, -1537321578907148146016894335985218943885
405, -17363164839466908356310241358490107904.000000, 718894605777137373701478501565228215635, -1558155743301387838302437830166100446969
415, -20618185245911444458831936480344014848.000000, 817320318990637847818426941435171694271, -1573522462445275601735967152447786429826
425, -11770974186435715201553932034575958016.000000, 576968531951849545711472115325732861423, -1362510144111095615036240752390012386528
450, 145585255565480585900219890248657666048.000000, 820547930368540262289230834137649960925, -1209927186580394947036634498442399786028
475, 134376388844992598326805855492670226432.000000, 1286836194522994031896680026496462039423, -1567406320785174413749728878943973011803
500, -212431510299841069702752155544699535360.000000, 1012644068437815596635499011352293092883, -1146422092155242919241569786896161809308
525, -277303477747876552886779230588587999232.000000, 1366384500183498353406066569881124659937, -1231118588512690093352971307707704777854
550, 77292441976681251571093036492054855680.000000, 1295340692153970597033848043950009878387, -1232243009495019353141891207609242654214
575, 92579485099630644648812245502155292672.000000, 1360542333557977196873071980157813194149, -1124695388160595970712974640067722837522
600, 0.000000, 0, 0
121, 0.000000, 0, 0
122, 0.000000, 0, 0
123, 0.000000, 0, 0
124, 0.000000, 0, 0
125, 0.000000, 0, 0
126, 0.000000, 0, 0
127, 0.000000, 0, 0
128, 0.000000, 0, 0
129, 0.000000, 0, 0
130, 0.000000, 0, 0
131, 0.000000, 0, 0
132, 75557863725914323419136.000000, 75557863725914323419136, 0
133, 8270044303125466180485120.000000, 16464530742525018037551104, 0
134, -80120850339987118106869760.000000, 4835703278458516698824704, -319911995015521245356621824
135, -63248543251666304487129088.000000, 4835703278458516698824704, -319911995015521245356621824
136, -3204912719707532372738048.000000, 56668397794435742564352, -4835703278458516698824704
137, 798318611877625031953481728.000000, 5091995552216818083862413312, -319911995015521245356621824
138, -6190813636267405281935159805870080.000000, 19287000644964651175929446400, -80480601307289828242222693102911488
139, -18461578006904248314744673251885056.000000, 16464530742525018037551104, -332306998946228968225951765070086144
140, -2262357360602606867972624348086272.000000, 1298074214633706907132624082305024, -80480601307289828242222693102911488
141, -14033920079557313481261592174657536.000000, 1298074214633706907132624082305024, -332306998946228968225951765070086144
142, -4268170467833810115967025556750336.000000, 333312879697510068256039399063552, -332306998946228968225951765070086144
143, -2717699128589352957661920735789056.000000, 1298074214633706907132624082305024, -319929658485600536349737954972794880
144, -5046394219031095042771069454778368.000000, 1298074214633706907132624082305024, -332306998946228968225951765070086144
145, -4664868554138191564980532625276928.000000, 1348319687054772671563479130308608, -332306998946228968225951765070086144
146, 1273375772471712537122013999792128.000000, 1394509784214048629020182754143240192, -332306998946228968225951765070086144
147, -230175177591631582417462612939767808.000000, 1394509784214048629020182754143240192, -74353691014218731640842686010769801216
148, -193640919211979253549498625496711168.000000, 1394509784214048633631868772570628096, -74353691014218731640554455634618089472
149, -368014227124531328602811757731250176.000000, 1394509784214048633631869322326441984, -85070591730234615865843651857942052864
150, -344967980236278917918171482898300928.000000, 1394509784214048631326026313112748032, -85070591730234615865843651857942052864
151, -22192762648204347382013738455400448.000000, 1329227996922459581354999395347595264, -11465261403079637394403505658855948288
152, -13114751664579761066868535680040960.000000, 5005374171472831319769353890151006208, -11465261403079637394403505658855948288
153, -10024784379636261910862453809348608.000000, 5005374171472831319769353890151006208, -11465261403079675173442329107167707136
154, -123401552739492020664917179173437440.000000, 87209818035950964848793712745953361920, -74353691014222496473456643213541507072
155, 104561189842368586129741692350234624.000000, 87209818035950964848793712745953361920, -74353691014218760011635019050886627328
156, -485149409606542247804983941076615168.000000, 87209818035953987181793222938711818240, -85070591730234766967575886369021493248
157, -543785282143356630696185885089595392.000000, 87957508783557727051240241437520691136, -85071098795424125128330381481442803712
158, -732691014351601782047416060318056448.000000, 87957508783541421891150178108105818048, -85071098795422916196748626564607115264
159, -459745781961888805680495696390651904.000000, 87957508783618812014614568681032384448, -85070596945606487904714361936036758016
160, -822124457023065888867571776836599808.000000, 120974738145800640473005111579092975616, -85136793515102316386011042986570285056
161, -767235994295803792984165405108994048.000000, 116972064581130703428041946803153665536, -85070419319929219060801752343642374144
162, 404525418803080792483767921280024576.000000, 340282366913196358442883020784234643584, -85136694123939898921171334875455684608
163, -227840226128798384264081405577789440.000000, 340282366922713291389546878091514593408, -131759796141874173541430723318263152640
164, -640767655759304844816614467492118528.000000, 340282366922790663035306425260309331968, -170152866127917385476303607848929263616
165, -631453482058834590299077781663776768.000000, 340282366922795347407386603346517147648, -172777676474152302543445874201099042816
166, -436176646798697525546674249080504320.000000, 121956668612911488251593581323507662976, -85085416824296374522047936086161557504
167, -1380962985170323185351117158767132672.000000, 121956675882090547642629234833731829888, -90741174441902699743672476873843605504
168, -405255792780173434017083226956234752.000000, 340282421430801651710083924910441103360, -175364593612585665648431193121800192000
169, -1517574983308377043783487985618518016.000000, 121956662645288351008793319233913700480, -142769978931649572343878950308414291968
170, -1883085282433112102052261435981955072.000000, 125666443230418943046763966736735395840, -119627911983611861044556350707489112064
171, 581384519496917552680344691090128896.000000, 340739478576697171191875227265568407552, -170545584335247475613518218513304015296
172, 236491491585357617444685088917815296.000000, 340287467859509544448840640134640963584, -170675938361793489067142300072183795904
173, -1151642710431473916742124361352216576.000000, 340282361872732428118463018962441963392, -172697664451288336714673624304295361280
174, 1676006112212940375014324317311729664.000000, 393700478315068408155125856417746191872, -170141486921606324618990745660220763904
175, 1683473359117413001839176420025171968.000000, 402122920109861799705592651519786975232, -175463260096385859306095698112031129664
176, 196205406621976445467584982901850112.000000, 390160190170992199692005716062128783360, -245885505158795766912436368626889927168
177, 117672313936974320896012724771749888.000000, 340277265849812565616150055297907889088, -245907180987219829715946031031440187392
178, -843209421397191156996506133381251072.000000, 394335118669551440534048813008381231104, -276099353216143682282263695127677314176
179, 172321298120239041255770334326423552.000000, 341540211312643609686538841961481654272, -276100416948269741492484276375407894656
180, 2236414070727700859452847579591606272.000000, 340682530023447578673634372645082892288, -276441122088417665284365212557900532112
181, -2179459128210201786531681541141037056.000000, 341677946843010643088010992669646089248, -276453187947311659140401712219053435296
182, 1833260584279365359582838482949636096.000000, 422623380234739096395223490852730734336, -277876504744310567487690128984017922880
183, 2000378244410973761309185146980663296.000000, 417860522959184657840020194779530785664, -279101876965709430222474584033555827600
184, 5265838119242793256774768671441551360.000000, 420978059943398104108500810882092051328, -278024978759242010628813314520629675840
185, 703645083172527782163670898902564864.000000, 418354763171344319296310054984987540352, -309733547761434798331906734724483386048
186, 1955208796263481991994851933196124160.000000, 342399253611095948836410273712311502912, -278545682278911307523355177886583262016
187, -105360055630240450970288564459274240.000000, 345118130076793130907115610434745183744, -279191641453928909508070176200828526144
188, 1499885055054722944485504639966380032.000000, 340456951234597268265982629754182688912, -338270420045850025983517733869186730240
189, 704915564611492447536116293659787264.000000, 375551408176662460688279036700101773664, -350527844529536267088668225255365079200
190, 5734479212737421407317024538626097152.000000, 435612578552863167812121721837068657872, -279862956894540244452437530240255144768
191, 1448522811709654675137489009329045504.000000, 435693323068822843513391198211542361296, -364194042052127108024418173517422028960
192, 4082278685671362257013110786555379712.000000, 339547272492094731758633695866890040576, -274302628333839582346867406277437228480
193, 6853846111821301574284263580841803776.000000, 387167245911894303404669104113112653312, -181163875476498763849082537443150938112
194, 2921041412404124793026521324029214720.000000, 346700104999806712137672432669282421552, -356724000578012652179352105705555905904
195, 9260476904521467903710504828457189376.000000, 363980537838372440020131573084656574192, -288673361845686364224946412339880187504
196, 7676669952854404408514137352912764928.000000, 423564703271551148957025985678864666624, -355403101135708169153067389023325263168
197, 2986223944460884988916084615541686272.000000, 373746261883096051983182599523744629952, -406645254075960035536825249361663458192
198, 4188724371191242425357889996813500416.000000, 347519394077330923651843558530920304944, -408088809553289576503711871684349869424
199, 8026845323134797155272689051223719936.000000, 424828784393143012370845879355501794192, -348763484808068256936721527020786334112
200, 9654849803391434573493433846334488576.000000, 455521756402857276891099089731255985280, -372690077472971415533899307629037536800
201, -632378695125427861202216439343218688.000000, 324184177102877441332933795415449714496, -501171808877300856050398017521663203648
202, 10587223306748316513007913199263023104.000000, 443467712648531383077854529554595986336, -430921758027250586299787738389440233600
203, 9282885672536354156648327146440228864.000000, 442967559448446878091272556260821055744, -429792765221041838985140527907626292608
204, 2443630031189629220539566333381050368.000000, 383416248650118041428198898527236589120, -501202261693750813323210916573898665168
205, 311626136507565315016695315634847744.000000, 361230091281416834784520580590106501232, -511985314591591016314260946635251516288
206, 1075142813348461689789046684582412288.000000, 341559198232426752889712414728850267760, -505675849825471844129305616018726634368
207, 5330060456943936111784444063173836800.000000, 408743706880713812801866667348410532224, -328613509749071768699797755864712957760
208, 5732848974470593482079325958050938880.000000, 461813230634940182830443241730407000704, -507612267447505274745954789943342519168
209, 3715689020895406235141234648107974656.000000, 372387296160517725885085788945560201088, -498528967405946424208687426672152011072
210, 4085265074733515892754631004885352448.000000, 392558818462736322000231261897759948992, -478276517644324021436627518051132093296
211, 11046891559826557408616499086052294656.000000, 428802293706386064074214245644047765168, -530445368358271393914318586601599046528
212, 10291316104056405524068910094702608384.000000, 516620029645487031816857335997796096544, -498456275724950140325989074869102538608
213, 16399816001651323286863795970421817344.000000, 472985224200596361109242450207610574928, -524058895989648082611449787376516130688
214, 15470616534575367550208749556744585216.000000, 393879954380467103811961695392939005168, -528144409819136508265226498084888834960
215, 12975817099061285171024378496416743424.000000, 432568424219294172046911516719323600128, -438353646380615415084187915464077861312
216, 15949252660356060082023124933663522816.000000, 434181512212868629269325518033068849536, -476846981708642137022292565330032122112
217, 13881423453291742273960148223737724928.000000, 424980853198985735851113705557026478656, -511655935615652152249553223487993572616
218, 17621728434979177361344003524450582528.000000, 421474576715568468679471233364275441264, -513083134687966669506182913795542129552
219, 17268947687694829121760338250053976064.000000, 570945174517276651441442531334336203392, -513470634219061065639242229444480510272
220, 14661430668927008348903291720216608768.000000, 350447163505424921273182545273474505784, -552932060801367053706341810988922004880
221, 16466502308326456254981150144727089152.000000, 429769626559505403185642212692143349568, -476235903060624242242656631186823654236
222, 18749620172297063236647154261463924736.000000, 399489530539640442119469459517019526956, -563090703608239677393475088597268560732
227, 7479861033415841618990079659535761408.000000, 369747504892424646190621122141790426472, -476611185599150475655410727003699420284
232, 6919855760654079178057973408886423552.000000, 376843649840911422183992763038922255400, -513082518012120048881716756216298979624
237, 24228955065229627380292393567822807040.000000, 613512393751089382908525927728952294824, -470797711414229193870767597053018137624
242, 19032355263305560182976712096503300096.000000, 516070332328319347948913691596746446912, -613495096487031435104436101536944984808
247, -1258915250285539276660634166694510592.000000, 551603069453019714788297387150268414416, -548925081157219629859986991457679258084
252, -35525121744498381944203907020047253504.000000, 441454875251775177035108486196586014856, -524576586824867847793553039683188268538
257, -43829344280313893018347886737686003712.000000, 412055423608534768978436351216738145352, -564364464799810384007875788810382937104
262, -54668214835314412428776098838733651968.000000, 511546101456098478709451419253803640240, -612597024311437900652582609096327333918
267, -62850017619907154814377683245686849536.000000, 420607716877692189058607329579064368820, -609806099952466015217515620468901374622
272, -57553790202895032885582307208089042944.000000, 557776180664863531284429569805292605418, -600713623773963577037902213543015737420
277, -36755168929778038585131886893250641920.000000, 574947272555875597164237834023056947064, -648454651603502950886177447134987577242
282, -9956798216400997725929493939095601152.000000, 540041798912218710389283148536592035128, -540127360405602933216595725784869192496
287, -21883740074141538061166787047039434752.000000, 445935277186095392364301616066821929616, -468142928023267007060406065083699729936
292, -8537841904653059391248206795060019200.000000, 496566387511648384802482985571559844132, -518979792605448728096147878892819809688
297, -18620290647415446727376872157227253760.000000, 482367159911332240209488176781941934006, -550276349077036246422051047491911183699
302, 22837600938899159890330574528884768768.000000, 587086819494152315445668607712261316636, -565960473816601866774916898667406151346
307, 58559126646357242864469726529262190592.000000, 551871863508372087959344935071681327924, -510902913821623376276873697748060246204
312, 54822458973252040566189223641989775360.000000, 573570145957220728373186997729364512507, -489815460790959666754413386132933488214
317, 62277942711047618850300786113368817664.000000, 592251263193582043593741799190628793428, -446006637817800158731523033018297093516
322, 31419552033971619836396063108546691072.000000, 479277848793762045391393561616681931714, -415032289158120746028911104193079055880
332, 16933182859154971993564004743605387264.000000, 470126509406847385213018194481193906466, -422198534408465132111345296053048277899
342, -11842765041780367528453147704246140928.000000, 468495790286614232598968290529666326899, -645434424640517653758050923861825777002
353, -56008087000763709944729791886102888448.000000, 405343695297769709172312077455136170395, -672892968179295591103346518478874412313
363, -30093258226428571531525831951634137088.000000, 438740889907728722582527783364486202420, -665152622968661130115887636167345822968
373, -44994334684953648483596357119319736320.000000, 531504628625966499269024585613954493998, -643663108846997339655227157452791217274
384, -49913916755458148719283488590114324480.000000, 457529717488242457880044897182840021653, -1163630025212846276691586264727997907567
395, -102600945576203964060492240135271743488.000000, 707223730447309914910588631234663350991, -1343011644348275152003438145087077018993
405, -43286642488009270007970525308296101888.000000, 622688311268368291295595195701329229224, -1252502411556903791296867368680804806940
415, -63063045467812640061159518364197978112.000000, 1095789272940478569838502109804998723315, -1601011327288256962677328647562739975119
425, -4647476593697704330750880818378309632.000000, 677101015865029017067294289825748399927, -1399003491187611641149495227928828909940
450, 137481968152509091105090889184568147968.000000, 1145485980990498413210563156339719836063, -1670140053089917880374369354860571236224
475, 207322093502923278055029598542117208064.000000, 1344519641992842213006022323004378753668, -1815718680448206238035564025132219487608
500, -240877272286695119527199203875914514432.000000, 1130056771843786700924859369829755409972, -1194857164414856908710984062396525308549
525, -331588741828944500929384700029268131840.000000, 1392228773819223981902904467811983199567, -1296030374582904994639565311734487696177
550, 90978056584935491727305707540273168384.000000, 1451250177628961582743399573143248870572, -1396912415480830158388615630152431598043
575, 91952266271788867628290043422420500480.000000, 1251950569072035966576268929803391580555, -1549959705239977880121579033841947953025
600, 41017727923089667284330674256871424.000000, 380367601903388017989636332102162006772, -368091836728584535114534506410534667865
122, 0.000000, 0, 0
123, 0.000000, 0, 0
124, 0.000000, 0, 0
125, 0.000000, 0, 0
126, 0.000000, 0, 0
127, 0.000000, 0, 0
128, 0.000000, 0, 0
129, 0.000000, 0, 0
130, 0.000000, 0, 0
131, 0.000000, 0, 0
132, 0.000000, 0, 0
133, -4835703278458516698824704.000000, 0, -4835703278458516698824704
134, -80120850339987118106869760.000000, 4835703278458516698824704, -319911995015521245356621824
135, -63248543251666304487129088.000000, 4835703278458516698824704, -319911995015521245356621824
136, 795958805993081137952456704.000000, 5091995552216818083862413312, -319911995015521245356621824
137, -158333864620894899547406336.000000, 528905046081400263933952, -1237940039285380274899124224
138, -6190815214734748302206388360183808.000000, 5091995552216818083862413312, -80480601307289828242222693102911488
139, -3770595442964840618851180715442176.000000, 1298074214633706907132624082305024, -80480601307289828242222693102911488
140, -10384636399782542570252648709095424.000000, 19749012189224582198000091136, -332306998946228968225951765070086144
141, -7336970692015105736980516571185152.000000, 19807040628566084398385987584, -332306998946228968225951765070086144
142, -8750576974469324185020745377644544.000000, 1298074214633706907132624082305024, -332306998946228968225951765070086144
143, -6887028065318236456322305661861888.000000, 1298074214633706907132624082305024, -332306998946228968225951765070086144
144, -2115172489771222762801740396888064.000000, 1298074214633706907132624082305024, -319929658485600536349737954972794880
145, -2797707038843564341787343814918144.000000, 293364772507217761011973042600935424, -332306998946228968225951765070086144
146, -3390334902273730869426702725939200.000000, 293364772507217761011973042600935424, -332306998946228968225951765070086144
147, -232563891172243915820018177172045824.000000, 1394509784214048629020182754143240192, -74353691014218731640554455634618089472
148, -194701295369511045206712285719953408.000000, 1394509784214048633631868772570628096, -74353691014218769419774548967931510784
149, -169200402889266499423147887415001088.000000, 1394509784214048633631869322326441984, -74353691014218750530848486494681694208
150, -24576715533087670880764567136239616.000000, 1329227996945487020917092502820880384, -11464591132824766717891291494922321920
151, -25453787984884416991421585678139392.000000, 1329227996922459581354999395347595264, -11464591132824766717819233900884393984
152, -274268765801432261006070926073135104.000000, 87209818035950964848793712748100845568, -85070591730234615875103052691815792640
153, -163193103372518077480115833908756480.000000, 5005374171627573831597555452158672896, -74353691014222496473452139613914136576
154, -324361236139111462354018365224255488.000000, 5005374171627573831597555452158672896, -74353691014223756164702437892520148992
155, -387869290166295571495073697474019328.000000, 120974738138661038497519447343533916160, -85070591730234615865897413578493788160
156, -728107860794302932966901233257283584.000000, 120974738139372785328119300145114251264, -85070591730314556071861854878715346944
157, -363117077956613952059334213706448896.000000, 120974738139297824820668333801269100544, -112652072632868099895863039627857559552
158, -694750504461882916754423567750266880.000000, 120972791034567410065562152609598930944, -85136793515257852821254134699466424320
159, -607119900491498550823059899337932800.000000, 87957508783850906900971523176834793408, -85070596945606488043713496110839890432
160, -794218494445578918629899139347906560.000000, 120974738140691100084124438539137974272, -85070596945606487878816481034826678784
161, -1150005812805006369927125238852616192.000000, 116972063309028954007595581702227886080, -90387422583740678613514856006296797184
162, 143105622203876405708420417492877312.000000, 340282366941669130448354395781576245376, -85136694126818434533004132724565868544
163, -853054898817548563417101480551776256.000000, 340282366945561116562202812770892628096, -170069789382507554833698892130090614784
164, -494472694002359141710190397695721472.000000, 121958291206294080796393715742484987968, -85071126421950561823787024803178741760
165, -165205695569626106852755063701504000.000000, 402033993444865616342756222395087765504, -170035517723397493235268038869257486336
166, -457982896151718457559745505479622656.000000, 340282448048722814664063319139239772160, -171044602579932733085342185793750499328
167, -1104479749257758860553102080174194688.000000, 121956668612906668523235687941765021824, -90741174446762364300949517883121664000
168, -1823352295370315616597053833046130688.000000, 121957966687121319866386594836554924160, -85148331354304976005396717734486605312
169, -2146934563021762614702713523329302528.000000, 121956662621237248788137755403300192384, -121502330999018961353558707939066052608
170, 275006499818634605130806853522948096.000000, 340365790015310800236811572003523592192, -170348905811885385400334744702986432960
171, -1363726851422363915776604372513849344.000000, 340365790017661083495077523163401093120, -170359270202127138063736517829718118592
172, 1706806870055504681827615965280468992.000000, 401675846597004084599887350423267515904, -171195270331455124610512855121544812736
173, -2442811483646445114523646813917937664.000000, 340282363892957988056055744865445201792, -297715979180540060020520699872674234368
174, -360962406626634087828379656599371776.000000, 340282363857680666416200827825001973632, -298572717195768808344605548375679139840
175, 1844384159507763495373141290575200256.000000, 393700486510092596126253082395202586112, -245937544880764643894062738472520424448
176, -321876824977354845466269172031815680.000000, 394315239534064317900702273437834641408, -180764059911110323420627247905822929920
177, 338006987300897926018832275469238272.000000, 340235675887176414209044358439109099520, -180758766259448766474592873947979573248
178, 663413998899045077684919269825970176.000000, 345541944023898472562701981099317397504, -276454001185752299560103410493358555328
179, 2106552110007432313208496436755300352.000000, 340627900312287772180471012963073991872, -276441028311604671604881574618411056832
180, -1190294053871785749450188453029347328.000000, 340895469825307513548711294997522618368, -276452031545916901174293312153483822240
181, 2189199732855965596396626246497206272.000000, 422653571321800192473617329245141176064, -276452028845241346841689601121085898912
182, -1257837814447363866582957895425458176.000000, 342828471235542737052680665963995617280, -277878691305501533792917450519354452800
183, 3310376600372035596959548509798793216.000000, 339768798720978807663511974697202256384, -276431453229142995309150162252285634048
184, 5434952174525469573260951795949109248.000000, 429334340272637403842628510318807394368, -276408080434686172335315917576438054912
185, 1493181426736800188352425633903542272.000000, 339892990428628125123787888889506413376, -278509434893104586353486689714470684480
186, 4953895888791288771168905204363952128.000000, 345034328276364847145184334684993925120, -277996005374923206731112802130312972096
187, 2440706561052420306807841494189211648.000000, 416032291369969795682084490127670884672, -338309175714748764427040800119295718656
188, -1153023162182922229237977293594296320.000000, 416043031061034441731937588794754835776, -352796656170859091002660025296678257520
189, 175300153041398111510346756775739392.000000, 340752051680153561732369711333548752704, -352797823854941809501306800341127625712
190, 53710513121043846909871104609746944.000000, 341743092324579255531316147306764583040, -352245271710954643551476250253778652592
191, 1953752617302278381108129525554741248.000000, 436192141777067045487059435514856235728, -339296941270707843703091575384503836736
192, 5277160202467907510089514501546180608.000000, 435687109017115599168733951734938394832, -362554788737242464474430696016800886848
193, 7431557748720467829328208652815826944.000000, 338648610389569604303985948131318830592, -259916772652735344612539390498415268352
194, 698907769758994412731861120826998784.000000, 346450056812239729411437473838507027392, -351407952725027951182083498934260025728
195, 7904846074232936494074375401258352640.000000, 375483689917976545628413696760744316480, -286009598181138913189723521337046724064
196, 5331691012480880708550035116843335680.000000, 345810136159891281738813042569302251088, -397158526223873770038401987593351705968
197, 6139677353129654550886115680958021632.000000, 424244371526737578501319849276392731536, -346327516269381135678651563410410044784
198, 8890995493394024767934997687049388032.000000, 424846954270460719288416569526918382480, -338953923773508155517065476486344354944
199, 5198795156898598926464112403333251072.000000, 406124302281678082710397832312515812432, -427347462063550817311316924844632312960
200, 8725993445628194564276837228182765568.000000, 455597343899836378697764526545436909696, -372789078397515880119987036713481780736
201, 9399807245004676105495618310230769664.000000, 455572113681203614094365798166134637184, -427953969534992990848994279273210589440
202, 10073758037926238913187302792117616640.000000, 506739281926546279687987264150681256576, -428876746239867035436376366275551137280
203, 6234635465963671761445720273167843328.000000, 421270540469172630157785528133555888336, -430087390333535028871159938690286882944
204, 5263052998666880472483511087906422784.000000, 361196897850914145499968336580712466544, -505607986509625743933853462094300055424
205, 6025757032114516961746884281331875840.000000, 512416763001929604177324427302428200768, -501196534490394304338345993356046626000
206, 1779644461286170973552301012793950208.000000, 393519786426567298389137385329997919936, -365520256588890364759758636392633227392
207, 5929558798522878693891085400537038848.000000, 432044866328929889840520845904359490176, -505315137413576083906224510533423465344
208, 3127907981152953239041233994989436928.000000, 376929209288680896032678451515717288656, -331837126930054676221800327484612501376
209, 3934664271568393362177142566267387904.000000, 418710711660731583993507486324481491584, -356248940946370554736719634524073355920
210, 7068262769108382015737267818237788160.000000, 409218645514099640412129330685881497280, -457538777315869011811683133531576181056
211, 8840585179022525308466171432784625664.000000, 372137054258102336546716359833184019584, -497206742926610470946116669841872348544
212, 14604160080566820194426035207548174336.000000, 421283896759273678848485210590518909472, -498698409074441209088344734720217927600
213, 14961671403161818083502630488466522112.000000, 393940316398834379990260361652463232816, -524051418462919411116548767350535170944
214, 15265770192733697127189469159414038528.000000, 502906043781409186868665716279238792768, -503296135454942902503407013713588290352
215, 12678852980945509062881996210442338304.000000, 395962554732390496046087469025872626208, -524546912124328937234453022738077447056
216, 13213924704508263321686665665661894656.000000, 518751000744910088283290745543106431552, -431527799024532172830555011560790687724
217, 16270235116119644509234712078989656064.000000, 376524630510792787916875628782360065664, -555325737610790162840466615064104856464
218, 11620460257714354311100101079852908544.000000, 529489120754842957888996764613261573616, -391133200370122351862605531636025210908
219, 17468807210471524200649463583874220032.000000, 390143527373109788470184107492295902464, -552838883238174577963086216358024681360
220, 20491615025279262662511227622603620352.000000, 402135849855430908718094852944719910880, -562928895523691251848505105400640693712
221, 19887861129838436109071887467764776960.000000, 466443356169817331633151736405988663408, -498775296290595518676743022249647370688
222, 19815072688916439866116674776899518464.000000, 478632861947676973872593111164883850288, -538177079099499842836233491124933622696
223, 12612776636434415608111772680874622976.000000, 402709375403403118749638772583510961036, -488847160885073555422092336123891429920
228, 7162666429071349332594337829890293760.000000, 465197877372025954263492124489543658488, -483161001583076636633555805227395851376
233, 18914558746027570161987434535624638464.000000, 533071357753195485446068143974822633580, -489350379870818926166128253880155128632
238, 20540580049565492909611076269016875008.000000, 575624573240558242710891376405267139944, -529009568796473883601485193036130126552
243, 16279671523475485318588522102159048704.000000, 486426658391685711494639171672782741232, -532546117297139126072439343013411100088
248, -15697654103790630045974821580476252160.000000, 532720873035245028086575491998501174736, -559795333077568689952686155107125407880
253, -47358803075715627765274638527567495168.000000, 434073284828187363847447238985626756044, -562564474433648720234516445267755310792
258, -60987422909795547392250153681750589440.000000, 535862627023716940009769182123373463624, -542821715690432241640206505625368963380
263, -51408043802462287255273277119214387200.000000, 571100011311634055156909277774178300684, -561300345496095934663253833324237161275
268, -44434831546882361438042176043742134272.000000, 570874298971585297251457909649327768916, -587846512284745092735174085725790682694
273, -43309498690668791420794469936059645952.000000, 548291106941247852620841493610439088800, -582535546471442852356833730972351572072
278, -32550183449186135745597941274608926720.000000, 514139211929144891440392708894037021347, -535126953572397500199456406572622523334
283, -14896305527419424516803256893466214400.000000, 534730052824884395460356357943161162424, -532158121381074319118149976519286145872
288, -16300376190481845339387082535168114688.000000, 567324092184574762218086751586131193743, -608475592689102952801396303882521956715
293, -9894187438369516905718538260858273792.000000, 530401099252081476417946633581897938870, -540790261921506520750719595763370020936
298, -17625481230117798649145922585068830720.000000, 459983096896749890666290361978562970515, -557686479898794072453033330804940589896
303, 29348924618533610025226404050956713984.000000, 585595717211032370127921989391887573020, -493720758978046059083876518564473901534
308, 62250079819005915946970426182180274176.000000, 597505062785355549464833766472872905234, -522534068058782943798237020772055311374
313, 56819804983582817265405532059220312064.000000, 608954810928045541538814664617090727117, -428217367394049791837782059572629823026
318, 41570614873191319371982819824033071104.000000, 594978474323580798741333446507679534077, -490855657486151234741980400479931077827
323, 42051724322409636146542485398114795520.000000, 523320490643766950146522895273277491226, -431514091173106000747704148409964776985
334, 17634792137105184386806106178541584384.000000, 530635984221961177145333805749834567791, -510889383466853369340665483913353687256
345, -9000881498844614344062845210268270592.000000, 454070749868144664881834954217877278491, -492332776117742432370164402850094110984
355, -28474371382590030116797825557473525760.000000, 548902794120369363640981700718322494932, -625881364136385127245023666684113955734
365, -21904542180160828497794819710240423936.000000, 662781800824286323604236397063972355156, -709517216504781524340183721420748084079
375, -3924475185790573066797411515045511168.000000, 686550649143248497731534477677330439897, -709803265682135239590839793692110972947
385, -56472862470649926118582231551835111424.000000, 798239133522753596780759022866898140944, -1368030992044698622877843390515651570453
395, -102576468535774565650893640488047345664.000000, 613293903055248809695541482027621793938, -1373566686105961593720636000366950826385
405, -86577826751314009160191929521314725888.000000, 632915290124177576463932661884781750213, -1477621626110589930054113545625375802437
415, -85055473948862001155649877885117792256.000000, 911507033918514003783818250129670419175, -1483724740051407918032689327370174349689
425, 50987886718200749184298650531029581824.000000, 740418739515734856427779593976678874633, -1434251160884528082350400617892977787887
450, 170544042658874359140797144980026032128.000000, 1115255708787088938636115204011802833347, -1502994956791801963170979346422399820060
475, 135495581491115929029558394262753640448.000000, 1221988151389202384333304762220127182743, -1746284946410512993655977758480360428399
500, -242093771703161879215020516624622944256.000000, 1076464601197831196424946786413962717538, -1185517743328643259591755487173759643686
525, 448893102771900063716971891063208804352.000000, 1506972495106191070434904229844519405598, -936762446421529621825252197051967037066
550, 117851078314082664396242605179089715200.000000, 1365518460755651693983681019092728266532, -754131771580150753346100693980802072631
575, 86868263604617376366434754781220175872.000000, 1409598622295454919896006997285410259914, -1448643083285486170830187717570679745341
600, 41017727923089667284330674256871424.000000, 380367601903388017989636332102162006772, -368091836728584535114534506410534667865
122, 0.000000, 0, 0
123, 0.000000, 0, 0
124, 0.000000, 0, 0
125, 0.000000, 0, 0
126, 0.000000, 0, 0
127, 0.000000, 0, 0
128, 0.000000, 0, 0
129, 0.000000, 0, 0
130, 0.000000, 0, 0
131, 0.000000, 0, 0
132, 0.000000, 0, 0
133, -319911995015521245356621824.000000, 0, -319911995015521245356621824
134, -80120850339987118106869760.000000, 4835703278458516698824704, -319911995015521245356621824
135, -2380072707366301187702784.000000, 75557863725914323419136, -4835703278458516698824704
136, -9671406556917033397649408.000000, 0, -19342813113834066795298816
137, -7248832551204905403023360.000000, 18889465931478580854784, -19342813113834066795298816
138, -142569555886302050882945024.000000, 2873560004826179112534016, -1237940039285380274899124224
139, -3959125153873846932307942716735488.000000, 1298074214633706907132624082305024, -80480601307289828242222693102911488
140, -10384636448588974933961527793811456.000000, 19749012189224582198000091136, -332306998946228968225951765070086144
141, -7219136238553690239681883663237120.000000, 1298074214633706907132624082305024, -332306998946228968225951765070086144
142, -8549414341779294488352347622735872.000000, 1298074214633706907132624082305024, -332306998946228968225952039947993088
143, -6047146706167596075487357332094976.000000, 1298074214633706907132624082305024, -332306998946228968225951765070086144
144, -3140800950345685124003190315941888.000000, 293364772507217761011973042600935424, -332306998946228968225951765070086144
145, -4626505009370273313742301134061568.000000, 1298074214633706907132624082305024, -332306998946228968225951765070086144
146, 1230563199809503434721109362081792.000000, 1394509784214048629020182754143240192, -332306998946228968225951765070086144
147, -228271376350062573592649677177618432.000000, 1394509784214048629020182754143240192, -74353691014218731640554455634618089472
148, -199001848331000134041071459982376960.000000, 1394509784214048633631868772570628096, -74353691014218769420926344572631515136
149, -376114690851342151615179611210514432.000000, 1394509784214048629020183303899054080, -85070591730234615865843651857942052864
150, -343143060744106868022256092015755264.000000, 1394509784214048629020183303899054080, -85070591730234615865843651857942052864
151, -26246359498588540078004601303859200.000000, 1329227996922459581354999395347595264, -11464591132824766718107464277036105728
152, -25754964565478863941766002660868096.000000, 1329227996916241405288680790012461056, -11465261403079599615471642701694238720
153, -256165248768535759661117613411401728.000000, 87209818035950964848793712748100845568, -85070591730234615875030713622801154048
154, -600529956902410229786530346451337216.000000, 87209818035951569311703520062700781568, -85070591730234615872797772632555520000
155, -516217145824691491940158583622074368.000000, 120974738139372785328121551947089051648, -85070591730234766981607695433561276416
156, -79961799053107478932908260336861184.000000, 87729819515502845193110729176935038976, -85071098795424125312796168553051193344
157, -570676502923745579294646920359706624.000000, 87729819515502845193110729108748238848, -85071098795424125275908345089535246336
158, -659923402956047962759063472206512128.000000, 87957508783579975309556314565898928064, -85070774276874103812556235653366677504
159, -604547855918651355903939333394006016.000000, 87957508783618812033061312754710478784, -85070595533341159013324865130738483712
160, -155151908257202034637144116948893696.000000, 120980516815391604408365094535081492480, -85136793515254716523107315777912438784
161, -164452909748388516539265811465895936.000000, 120980516813534694164933493015416406016, -85136793515102316385795151681580695552
162, 433351833993032438890116096251133952.000000, 340282366913101915268365461715987447936, -85136694602217759083997444964656611328
163, 119270498052941130198196850020843520.000000, 121956668613525722549374023457373028416, -83741323169692394888795144259016589312
164, -315340864436349729146649526409363456.000000, 121956668613525335315704671165640867904, -85070591116484533142994333653242347392
165, -580491236688363663124380532743340032.000000, 121956668613207844952834273192448622720, -90512119311840623571333511952288579584
166, -948506165450935004205252983423762432.000000, 402033993444865516227584426931057246208, -172777692894363084850499771873271808000
167, -1012224536191005988381407903890800640.000000, 121956668612887087891232369704876572800, -85107263412001304238814768698514996736
168, -444204116121736944849558247030390784.000000, 340282386588408623606870386869232599040, -170120605954660139794568243384156225536
169, -867193026041793560174097068940328960.000000, 340282711096182340117904219746633318400, -170359290403734907681693808791782629568
170, -843448760434013045817064500574027776.000000, 340366112386414011433048240751097217024, -170359290399744174445248087497173574080
171, -3952624391221085260928765515354079232.000000, 124037060972130698399347655114689978368, -232620031145454515371402541679192866816
172, -3082708084440843230715598853545918464.000000, 340282363885525386261992429923874766976, -232622067500394333790455919376737533952
173, 409088262682990524913837297140498432.000000, 340739163637283498273255431142280404992, -170193052347046654190732218136545400960
174, 2708083738099473109604901495607656448.000000, 393700453678357107203144632534710822400, -170141466567708713734177184302860566528
175, 1201243239304814269451617523577389056.000000, 424055180664341167126180568169265397760, -175473743447583760010601425550526431232
176, -36769353297229076145596145281794048.000000, 401417538379327396561195388055159619968, -180764074947560298099256060056783286272
177, 2207846014495458592714175030887448576.000000, 401254334289596965662354086821409766528, -245906891755826619678727507109023976960
178, 1921308734673113355669384135700381696.000000, 394335238017179064590725328216899600384, -245944845024318042120909758465412580352
179, 1052321053615373740895200474625474560.000000, 340896688559241270769211183151495135232, -276100418210203004971804256312263255424
180, 2735367984673262059097868212136574976.000000, 359333529816539144846351819426964883456, -276442946120609767719790106589138374288
181, 1866546140966699827162094258249269248.000000, 422650944634875915000614875053364059904, -292222062085735284250431612640009039872
182, 1766350325083829665267720030515101696.000000, 422624687302938439153629434673523826432, -277878467715622962775760741177065417536
183, 1906107123896321487589809702626656256.000000, 422624805192719615028657708151123255040, -277878484785306137275472040232490543936
184, 4455010669242385179922248179208159232.000000, 340027667543415643847402343276335140352, -278032186779264982481862093740717968192
185, -1029187200947038658502607579042021376.000000, 417857615523177801340020534901676701568, -280539587175184842039623955343486870144
186, 2975884336296855527452817930523246592.000000, 340567576651395585762648119198170074176, -276428736668460977986477819766301521328
187, 2120736699957801863551472532956643328.000000, 342398885776967202242194557269241894976, -278032271077493266459961158030799472448
188, -249509904292079240676360081983406080.000000, 356851833804906784006356061687303848384, -352797144269707093304972805115642872816
189, -1221930589116509610658293014436249600.000000, 416011973615911572101372585530676415296, -352249615840802096611614898687328468464
190, 35491789926439672932007824565731328.000000, 353851129294638573680414287357189853056, -362557139913284548789337411662867612736
191, 4884826790616269724460029780202356736.000000, 436438510998254603728670980516265501904, -340364811414333212471393630920993951808
192, 2813060344243877210881538483197837312.000000, 344110500093295904095443110611395296944, -342186126751531262297288699076532849616
193, 5336237752773835053809814139373092864.000000, 341591706567993410106218425293512281856, -274331557835066447236663245894995420608
194, 4869691946030061197804004903619657728.000000, 384547478650170418874803184250098292096, -200657587563589237118446379403018752064
195, 3876054451214378251108221550904475648.000000, 346571679278425682006009711283599640896, -344623728599089054620053958277193374064
196, 5007395959428334975579204188456878080.000000, 375247605987799086561818695179088239664, -405805483996348160579108592667397795472
197, 2889144654978796869186554003902693376.000000, 397248089667841227393668814177499945904, -405925278948111032049100620951270420096
198, 5588439954772396621590232757119746048.000000, 345640845370600678960197467008262938928, -405833366035276505984695539532388742288
199, 5365022606014306468507826137207930880.000000, 424812482405040699217152228135596781136, -341275445126705766138266571255379414976
200, 5673818430677862462493471475798900736.000000, 358199931803636496298580881229211946880, -386891606363966755867761970696120016912
201, 8787337172592900542157955791050506240.000000, 419417563901711904395320089185644823168, -372701982641536270024904826028766794272
202, 6524802609364628981881503417582485504.000000, 446105443678798621378075736914972238976, -429749602500397201881663847232586289408
203, 6151953640338917186569854204017377280.000000, 447299033784239473025590466659931669120, -524534101153386145489055809368108039552
204, 7209158671303396779783359334698713088.000000, 515939430451924354354744404240841829184, -501204323453301193492011892124463131856
205, 4034866467592075954037157900777947136.000000, 513289229041417639523272637715866970944, -501882578555585880880637791173538221264
206, 2476112269254852917022668592378806272.000000, 390035905560412830780787414893439105680, -510493796754961080008104900029570239360
207, 6822182811988789850136926122546298880.000000, 409181514268293811659551164787825218560, -332858262171132341389683478899012295296
208, 3548885489673224855870274888668282880.000000, 396109515748443977385839885886216257904, -328440745754137873832158264017394032960
209, 1928719881958859187150422803103088640.000000, 356051016426323137977803617269812350192, -505628166069439824777829619078719869824
210, 6394599599073856514048159176252719104.000000, 417610682693612863588896521931934907136, -524059483860416234285589111032513664896
211, 7390968335923794055358443872197804032.000000, 368332398621270156831116825175423886272, -497245043265979448628493672534158502832
212, 14424382177560031465216920239130804224.000000, 427469394353253728126669249688230045008, -530040272987062920499991854280364829056
213, 8937889751776211139007825012708081664.000000, 416481428928076888112351687766800561728, -503913787155851935964366313232563365680
214, 13862641800886776473467910910338138112.000000, 393880566060991423694249122735958090288, -524364530825579153759559251554019177600
215, 13920036537200980906763184901831262208.000000, 404378243169541862461944916899789170192, -532847415721745275309896674014988710800
216, 20172860970704159179739442820635688960.000000, 371573283542228654602494559165459093888, -476387986727008584703099234032954240768
217, 15462150346015270081675980829974593536.000000, 387442478673207459098039297442986864888, -553332013661565868598669496237153765312
218, 16918028397571750703258057579012554752.000000, 409837427053334487910208805453689584592, -558253102725518500561259976822861003200
219, 18305068867114021221684438647412097024.000000, 561638646438946107255307970700730124928, -512963877621690998641385752092929416080
220, 14913311882236582860708479783739064320.000000, 461146945249064813132794392632428714096, -491090612150519096265264853058007814784
221, 16184879794122416327418994552645615616.000000, 375089514101089378651304595260002806032, -561318274777619789878737049902942767424
222, 16814819160018850820728087329535688704.000000, 478975342392191352711654935950875972656, -523389603319184465082181030340536381840
223, 16131035125515312804070224373347254272.000000, 561294109549463661794576995094750912592, -540044098088767435010855617442803977384
228, 15710556923210943348907625905842552832.000000, 478418837850878584305411430908175623608, -529856899742991223114448913294328654600
233, 15766275904370414875578482686079008768.000000, 573586840711069997911052407939339575416, -480336544946235258247142343975079871296
238, 17169679444972667273884735242734927872.000000, 573525840745536168961797114235725790568, -469136310158416319316431154562547687768
243, 13209304412441960665621334886765821952.000000, 468188698226031929744958313971738300000, -537972870471901951176699536819627525112
248, -17543196227082006588240692965231558656.000000, 602474869786485033051529032781519911376, -546923602086243854704792882294390389256
253, -43196708505096114496852703546217332736.000000, 546423416314675570534699107548583903464, -617937542326584598574105588144722429620
258, -61890196953221331932192898659716694016.000000, 558512549846425524165972388729625425588, -580347658579630915457458215008995151608
263, -44264244226034352456795789418536370176.000000, 538455305492407203728146687313469913356, -588073882711138277432562678812348608556
268, -62034023803238122109391993480981512192.000000, 564750413779098509011600208237085817240, -651796473475268218243226231526175227298
273, -60126807970401137591205262604913082368.000000, 412909595995366702219178395303019602132, -582534172421549095713158652655184226408
278, -42592694907670267096642036464168730624.000000, 426327159756035058978165666901725563734, -535130972463028610852763713739491748806
283, -14368981800002588395410771195625209856.000000, 474477232445911463642158869608380735560, -488104537960638904527372745093463797346
288, -11749739766384791161427862616576884736.000000, 566679001790953832482343989605727113172, -576012502094523183652263392978540078072
293, -19702456692854093410522629950754783232.000000, 499505707654086659380056159573231839524, -519301356315148070850360384989694568848
298, -17377985644071486582195698446586871808.000000, 539736801390288068266653819186310972307, -570163027918630827450885906997373421052
303, 36621550328756852163142002490623393792.000000, 568274694224294934202419998891831018960, -536251310038755274494254652955171747155
308, 64602247223204500245447359016890007552.000000, 601740384604381461222503800041444706886, -523201784250255246714636117071735911374
313, 39679963649435477968166740567957438464.000000, 553130103764723247886915631652102166503, -452446594199106776622133747575839170102
318, 60230744595411395758905880110342078464.000000, 584233759941529524179734266758918184020, -446224475122477170992944233440030887308
323, 29012711661918593099404700455150813184.000000, 572205589517052970799752603180642419801, -438857834182778964941340723148217021056
334, 17334523659524132720418435466132455424.000000, 479913794360169160880867633509154201663, -567930790460302373796332017698686036578
345, -14786413126696808557880933187141500928.000000, 424312765922420225790824598457609371363, -619567924385956702215964909336481302200
355, -62805346905544399073553912158985650176.000000, 398239372637471294647002304801270358939, -566914200689192507577284753332835796872
365, -40736214532883480424909379865405292544.000000, 471078866791176072454203960296610124125, -622347671357392318210808971759607912393
375, -39861423020561256408985276960561168384.000000, 497107033911764381029656078523445191394, -679306501606009144624720629680933136711
385, -44181917920940427470781788820068106240.000000, 493272689015110308699399831599055164084, -1201876724113633152481336928734098181009
395, -94223977175566327357851409162832969728.000000, 783596945793205419318482410086171507015, -1505620382320232811840591993698917501709
405, -17415638324237908621817786220748472320.000000, 852936604260040788122332419017440744063, -1406597312000367699037879552046667101045
415, -20610979281657360348397832906939039744.000000, 677374551636816734770331923156691211081, -1449669523804502552146034422788458172577
425, 22219683773231270639672513696486129664.000000, 568364772680063947095256554799827231608, -1363315714635683626465838218027665665368
450, 122652852240102960348772546869855256576.000000, 683900048235091297462930813707751989832, -1596440575695500475644257124457798847669
475, 133712957576716426770129864299806457856.000000, 1198305690042158268427756985056077718245, -1554077348355248642974341290088879105986
500, -249786790072918000189276060944229728256.000000, 963009106510321741920812480327670390678, -1249379222637019416454765793068741360433
525, -334961639057691036441759699417484492800.000000, 1417217698941993069833381268026122218556, -1311966868591409478678431256739236570017
550, 7138182367796802836215710846438866944.000000, 1319906987760833674907277842111520650673, -1444066165528532050480025011385474090813
575, 83109972986892498869319794941923164160.000000, 1288419771943058490767038209446132162278, -1478850870287947376292651268619158553753
600, 0.000000, 0, 0
121, 0.000000, 0, 0
122, 0.000000, 0, 0
123, 0.000000, 0, 0
124, 0.000000, 0, 0
125, 0.000000, 0, 0
126, 0.000000, 0, 0
127, 0.000000, 0, 0
128, 0.000000, 0, 0
129, 0.000000, 0, 0
130, 0.000000, 0, 0
131, 0.000000, 0, 0
132, 0.000000, 0, 0
133, -2380072707366301187702784.000000, 75557863725914323419136, -4835703278458516698824704
134, -80120850339987118106869760.000000, 4835703278458516698824704, -319911995015521245356621824
135, -2380072707366301187702784.000000, 75557863725914323419136, -4835703278458516698824704
136, 795958805993081137952456704.000000, 5091995552216818083862413312, -319911995015521245356621824
137, -5224354039998688285163520.000000, 2873560004826179112534016, -19342813113834066795298816
138, -140485673061161868460988301312.000000, 2873560004826179112534016, -1403575493555235078808470028288
139, -3832408516041425088137497122177024.000000, 19287000644964651175929446400, -80480601307289828242222693102911488
140, -12469378586894999235202502235258880.000000, 1298074214633706907132624082305024, -332306998946228968225951765070086144
141, -8229789950783581106812793410027520.000000, 1298074214633706907132624082305024, -332306998946228968225951765070086144
142, -9659727757745115771922541789052928.000000, 1298074214633706907132624082305024, -332306998946228968225951765070086144
143, -5826822044788499151874795289706496.000000, 1298074214633706907132624082305024, -332306998946228968225951765070086144
144, -3306739122318342274090677617819648.000000, 293364772507217761011973042600935424, -332306998946228968225951765070086144
145, -4696670856286060570813482439540736.000000, 5275951894629576485987079547781120, -332306998946228968225951765070086144
146, 4404073329519078496021055398739968.000000, 1329227995789522541407846399186305024, -332306998946228963614265334325837824
147, -239358118046296122318452546825355264.000000, 1394509784214048629020182754143240192, -74353691014218731640554455634618089472
148, 232065127456546795814149921404092416.000000, 85071495765415795310032257162546249728, -332306998946229189586880649584705536
149, -29514753982911644704450258822758400.000000, 1329227996945487020917092502820880384, -11465261403079637394187332876742164480
150, -26261207503136649605270637807403008.000000, 1329227996945487020917092502820880384, -11465261403079637394187332876742164480
151, -140852897643141517015386402676801536.000000, 87209818035950964848793712745957556224, -85070591730234615865843651857942052864
152, -315921337521093279857351314439667712.000000, 87209818035950964848793712748100845568, -85070591730234615875030713622801154048
153, -27534059108716540383849024178880512.000000, 1329227996922890460403075301540626432, -11465261403079675173406300310148743168
154, 38855494504192798400575591654883328.000000, 87209818035950964848793712745953361920, -74353691014222496473452139613914136576
155, -220308592792356702038933439600656384.000000, 87209818035950964848793712745953361920, -85070774276870446521445952302825603072
156, -402728132131466958683268039110033408.000000, 120974738139297829556869874726191759360, -85070591730234766967772637378279112704
157, -461162586677426135399554734178172928.000000, 87729819515502845193110729108748238848, -85070595533186416679659064861872095232
158, -916760788168507978620819624788230144.000000, 87957508783541214125471675916894339008, -85071098795428960837085217076304674816
159, -846206647544510730357177534239473664.000000, 120980516813053843878712690465534640128, -85136793515257852821253290275610034176
160, -472252269750709325332311680500105216.000000, 120972791034567410081669276127125307392, -85136793515257247176838475874326020096
161, -540285826733289624409279922807242752.000000, 120974738140691109530116169172519092224, -85070596945606487883428255015260131200
162, 30624493161199960020930952718974976.000000, 340282366913196494326222285048888950912, -131640302246461413208881905986752053248
163, -87813130409759588474599577860702208.000000, 340282366922790432075007342127704359040, -131759796181336344625075954627880779776
164, -573433763838964459339415716802592768.000000, 340282366922790432388613461486604304512, -170152866129097452781539073607795343360
165, -300464768504159335541533845095448576.000000, 402033993448520566263938896770837168128, -171365264821638973893025110586023936000
166, -736729374486226856611941644276596736.000000, 340282366708619478803916416769417396224, -172779391535010275708237817836059295744
167, -647757890913598088418266152123236352.000000, 340282448050614478813403090135498817600, -172373830595525875810912941617600462848
168, -2088722285299904295964384595669942272.000000, 121956668612906662844431201361353064576, -90741174442685460290787326807937975296
169, -2370176592522438550279606325282340864.000000, 125666438208641713081653315486555553792, -121502331141687398232524064029474066432
170, -749369133485513108697646671041921024.000000, 340324261783509962141348500364862488576, -170545514513261095273317636832518148544
171, -1105843958949965739977724389094326272.000000, 340739455771637049168685664633500925952, -170348885774808340251227125376038934720
172, -1471612112680147364761701656691736576.000000, 400886232368461008080711872803405348992, -297754239298939959508203361242704363520
173, 932694011157147139538296746952097792.000000, 401675846773076658033462915786520935936, -170203562307554309145116351050075216320
174, 963589790188417150947390220637569024.000000, 393700478426500969138835530400735200768, -170187964747739457810680443726382111168
175, 1879176154254529389402803088264265728.000000, 393693268364711087151105077172888028672, -170151871721132655160874562735486497024
176, 29084331350853125914065073424302080.000000, 390159868122395266155404772644034674688, -175448430826665946395538418733039648768
177, -694290102769969839737315666325143552.000000, 339545535902134619366014613979509981184, -303056736141166525916588293057989491712
178, -150831006140369102427001466034061312.000000, 340279331194572233356932852014655137344, -276100739966470913746693883824124633280
179, 754395877897225404455242234641514496.000000, 423580711199159295500440327960994922496, -276100415512174410838820790466521154816
180, 1771640800032756451732680822692511744.000000, 342363742541992446816739463361972668416, -276441608615192562163538385501411854096
181, -300710382801827937859576671519113216.000000, 422653893889011532626340142686870474496, -291854244474951409929689609044587212800
182, -457557708419861626829380636972679168.000000, 417864091997619859736362263922610927552, -352476535502287808834924655322241697216
183, 1009188488364217549409127813458427904.000000, 341145343333372106004626836684550866944, -278026380313362036273538956326453586752
184, 682507669835144491899194153612869632.000000, 416021619812351433536019400683421191680, -277107550572404674431895572429416793936
185, 144722140198157119385245517306920960.000000, 417855856068906935549083030337275652992, -280634425563601351324921624725065407104
186, -863213250673763877410772050715344896.000000, 416074000267212240622209192483235740928, -280487167159354462766511844361620537984
187, 982947218384533882928816686534492160.000000, 345386757321622917813080116435936357888, -282774410190736009974165218143606449792
188, 1047563739323193423424687761960992768.000000, 340163359445711020028057897969221603328, -360247875043581244230178949294204856672
189, -144749755023836248240272788061945856.000000, 410324511493567884134574190317619677680, -360530885555846365636767806250215026848
190, -1621048569390774889371223986374967296.000000, 338854049640784582251044430342670304512, -349067266149227846623740281109472886192
191, 681934247779963586903135905214627840.000000, 349426170609135143874826638475636361136, -349064304768089854314387238079799791024
192, 3922646857870942503017098649670778880.000000, 425920401976754534278894250323420118736, -362554820434398583387606778247117986368
193, 5651440250150714418623798811830517760.000000, 357535187319355886343051978969148308976, -275090234578351093587467658585375073728
194, 6520700992094880728113076471288823808.000000, 350544804253475688150104672409052034096, -297663237276974467742173605960177023920
195, 7954273691989090364255850919505166336.000000, 423490170911969218196930224632434896928, -346599276316149642905294603409759961344
196, 6764001899665573485013761987400695808.000000, 423677159093361202004090737160610754464, -346287859841129842715779394867281546560
197, 6531812168052635325569714970689536000.000000, 423437496886703043497180607672757131248, -406182383684403147539953942414291119728
198, 6182248260587587475659349416973697024.000000, 406217119939318400045554699932391986144, -279193434273934238036559600399012562800
199, 2712855996382815791787988224166592512.000000, 339469342502943427882023441363427966464, -397493353627848855798274623107979861184
200, 9369222672673452095993293603568877568.000000, 449124848215369620987728833953095917696, -372320138785350569191082469008351227424
201, 8293511643052436279204951639919165440.000000, 455473662533837884231306805600869524608, -341334590386664411501444138986193551840
202, 6986088210915634429510501257558622208.000000, 440653988973698507212328211819292632192, -426227078447742490385993453184669720448
203, 6217454268707107648465524694385164288.000000, 382412215002332984930401745584691625024, -428212123495115941752327009635133985664
204, 6270177867997187413005817538970386432.000000, 479871037624059088643931697924073177728, -425905880251322733148724179189201012096
205, 973379418455435575689189998804860928.000000, 509906095191971206975999795956794010432, -501197019802533393131427396006797722832
206, 3492348029681087141829338460565012480.000000, 361281401260315626175535478738702436464, -511324769090394836635655815079724256128
207, 9004614881194254634504363046049153024.000000, 419676137674067566971473038776883400304, -510600307882865869371936459037936912256
208, 5749160837216502570988566911784058880.000000, 357365883789532550187966535081812893104, -524069614600021199543977992613928193920
209, 4683125253978918909766725985506426880.000000, 364902083268987053173081089530666770624, -476886008371612469038390921918836927872
210, 3974212129441351007983429063872086016.000000, 423491835931718094465104339440530344640, -505610322817439471518425984973593220992
211, 10339205107089130306958771122948014080.000000, 425852937369891527561147131171006858160, -522437693237974774465305205680889222016
212, 6571003345145623504666798466202075136.000000, 461354222481062838813519600932583834944, -506130997059671389735146559101603947440
213, 10945805127557639200882594866654085120.000000, 359608417989764750976801008705579101776, -507950298786347862477985377683446652976
214, 16006272223537448238521180674779512832.000000, 504215773237589481401860694238147426304, -511622345130804862302496967463432565680
215, 11518907827567186514355161601813774336.000000, 508192092704874180662241731828926760512, -511655035767212890026640850845563269168
216, 10972662313699875777257006175463931904.000000, 381226784085591537110529143254947469376, -474229583570979069527553852737421359116
217, 8171929413382282022772944028250931200.000000, 451181624602899825024749188520077046080, -474350182100025849629534204096521367580
218, 11129620806418477668999012653281050624.000000, 476462538819669746328891398457922580512, -483031808786138829177863949599219941372
219, 17355587496476186321139840354502049792.000000, 568207391514418288253284484390396817920, -515240974898134163277264978080508582288
220, 17444258892600260387293003139791192064.000000, 401999186929123124775894238588097127408, -510422359056441859554731519943485049232
221, 24748656371118773368492236502569320448.000000, 421659042106346859244268707540189894272, -552833577633184378481739026267002251648
222, 21207714242620960383064529667375497216.000000, 417636685539129446360427466887045446652, -513431204098577937480975710103840774528
227, 12057323992359107632783095263215484928.000000, 397043977543404011500019561763531544904, -538284250374732444253044189812470299632
232, 22447807974648545543183317386244653056.000000, 586173457522948374984004147558894518388, -517479653552164331711305824638621841336
237, 2948492664728124578628906845497982976.000000, 543571861232304465685779790707543083560, -532422826171917456349583759137416517400
242, 19303618282596772856688148860171714560.000000, 516446289994135037266421632971649861760, -550427050377886127242337245051005359224
247, 5822699014170162694277983576248025088.000000, 577190010184953820006271918248227489012, -670231699720443527568825527983595691408
252, -43430490611602124033512928748956024832.000000, 388406370704384182865420580620792887060, -533699239051809805150620508721314374024
257, -42220354907012198465949263985530372096.000000, 551151263417709791773702903557238884020, -553253376135961532881429844563126564956
262, -57459753396708585443530346166099116032.000000, 509751865974901127202818109080822484360, -529069835638667459046651527324465497716
267, -41723649534975618576602834040084496384.000000, 433802008581211571877890842253821411798, -612416626801165807027029950740394950134
272, -54799362009231737310832867312511483904.000000, 417720814261971530058527943822690177642, -582539262791735245010350395971005951080
277, -32027274557564289433215096289652375552.000000, 545116455935433454315779480412088556162, -536312286832575400619127362837096541126
282, 12339684507962821953404993199952363520.000000, 481530057392800053740032502389280144768, -489174421773811731012979297700287213186
287, -17257459867826888797695910843810578432.000000, 568759301978419687317512374925823293715, -491359945046454867860139148483308184984
292, -15713222661626016005836022305892859904.000000, 481694841374103378501607606116267361107, -526981762435067553713171319537556928250
297, -11876089386286260293794330920022441984.000000, 532225012350590316035139556698456228755, -550767260493753155943160172274463786312
302, 27699209296979048542079670761417605120.000000, 571231677765879359735215482648433233686, -534517162671549195978626803106873031784
307, 66694490634271850133493814510626013184.000000, 572859969233607685985673797550285743412, -511911320851335899651870398003440199868
312, 63056098545269640803727051672157945856.000000, 505017291696562727075708641527199855645, -428723559941413043703486561781400231474
317, 60055808629841667188902128374480109568.000000, 585485176780913238442571987480279265666, -446265003004609658349325558446531153292
322, 29516517051620906672543967380485701632.000000, 564371696338604654515822859655007089602, -530807260066973307198475055944932813049
332, 14740232618885808047643029472469319680.000000, 480674198550598653395173547474453758655, -532008605529185517335908422332428787694
342, 5518356565263673331886987776326893568.000000, 469495371910510679049495353760164115539, -532799512020972570791890330354400730316
353, -42343568020620785008252526601055502336.000000, 507821198028946332635773847512450789115, -608316244855682898080958444845761600012
363, -44874918788911323110925476695180836864.000000, 473874140302943009041520882035938469533, -603676852964397342351297654961677396922
373, -37196067842892764519045376486026510336.000000, 496928565140269520805035823642019144797, -642195396647384703988997773529636708603
384, -47054586153732188632783266836729823232.000000, 444465505149156872443674893518328307829, -1218350932235832992115618580969404434569
395, -119187025518315111062790407509296283648.000000, 712537786750230474993273882295308507919, -1365218033192216105204063763126377445621
405, -19996886218078672982754622719049859072.000000, 748748136892564149993509132181193603972, -1540735196540880305259595057812642302219
415, -45546169153128596945941734085974032384.000000, 673176756086693513692126084688972466749, -1573860698223720557338204122612564727294
425, -17196531640273905630118552756516028416.000000, 541553456005413372645659999385766783306, -1381535046172350729975687954060881428600
450, 95937148106795801777937161560451448832.000000, 693876264687865572316983282310064243201, -1396387920689612941047593884437626511904
475, 69092217941277754748955038896416096256.000000, 1270779891890619784590710060751740012846, -1585190860016689290929990182708390585831
500, -229029420253942661303351937292514099200.000000, 1137417667759944162510127255911986787859, -1237139842085923189670654915954142072457
525, -355680932521894521134306110526466293760.000000, 1097494417683672070758366400819506169222, -1328874329075174240281957018645466690430
550, 98503036665686805187114453510804996096.000000, 1527605894143127787779679137711296080989, -1105410311044027657349306136481096209480
575, 53676782999940407138635642046462820352.000000, 1303998682310695547341517682407384253354, -1459218237345362784271918228063197708779
600, 41017727923089667284330674256871424.000000, 380367601903388017989636332102162006772, -368091836728584535114534506410534667865
122, 0.000000, 0, 0
123, 0.000000, 0, 0
124, 0.000000, 0, 0
125, 0.000000, 0, 0
126, 0.000000, 0, 0
127, 0.000000, 0, 0
128, 0.000000, 0, 0
129, 0.000000, 0, 0
130, 0.000000, 0, 0
131, 0.000000, 0, 0
132, 0.000000, 0, 0
133, 75557863725914323419136.000000, 75557863725914323419136, 0
134, -80120850339987118106869760.000000, 4835703278458516698824704, -319911995015521245356621824
135, -63248543251666304487129088.000000, 4835703278458516698824704, -319911995015521245356621824
136, -3204912719707532372738048.000000, 56668397794435742564352, -4835703278458516698824704
137, 681230205320670898320048128.000000, 5091995552216818083862413312, -319911995015521245356621824
138, -6706714772664736914258814474125312.000000, 19287000644964651175929446400, -80480601307289828242222693102911488
139, -20769275256871284677400289370701824.000000, 16464530742525018037551104, -332306998946228968225951765070086144
140, -2639417577682207929424879951020032.000000, 1298074214633706907132624082305024, -80480601307289828242222693102911488
141, -15179520331971443950143259866562560.000000, 1298074214633706907132624082305024, -332306998946228968225951765070086144
142, -80017163077413783805667538108416.000000, 333312879697510068256039399063552, -5192296858534827628530496329220096
143, -6524553027449226347110334606606336.000000, 1298074214633706907132624082305024, -332306998946228968225951765070086144
144, -2573776452302892771979222897917952.000000, 5275951894629576485987079547781120, -319929658485600536349737954972794880
145, -4695248006552695920124030454071296.000000, 1298074214633706907132624082305024, -332306998946228968225951765070086144
146, -1943570460130487129111509690482688.000000, 293364772507217761011973042600935424, -332306998946228968225951352753225728
147, -228215862423139313617544599109107712.000000, 1394509784214048629020182754143240192, -74353691014218731640558959234245459968
148, 234363475760767220957706517735276544.000000, 85071495765415795310032257162546249728, -332306998946229194198566668012093440
149, -28204888212683927100689679246163968.000000, 1329227996945487020917092502820880384, -11465261403079637394187332876742164480
150, -348120416663772846731777552276258816.000000, 1394509784214048631326026313112748032, -85070591730234615865843651857942052864
151, -319014466262506161182116041271017472.000000, 5071427067049487954913061790654922752, -85070591730234615865843651857942052864
152, -26173440676645926787773836755468288.000000, 1329227998221160248754060559936126976, -11465261403079599615471642701694238720
153, -458317072900604066420777967778004992.000000, 87209818035951569311703520062696587264, -85070591730234615875031558047731286016
154, 221003738345540212680017860880236544.000000, 87209818035950964848793712745953361920, -71967526291121339537231417569848590336
155, -352027658231559686485591712537247744.000000, 49409896905819837564771460986787725312, -85070591730234615865424852139525537792
156, -498184215522787934805172076205309952.000000, 120974738139916799576545215960928223232, -85070591730234766967556183121188618240
157, -288051410393433894570621990875430912.000000, 120974738144231771030844567856956833792, -85070856593711418246396951054784004096
158, -846270893795755178297789540034674688.000000, 120972791032931563426362867775413157888, -112652072633487069362107911154184781824
159, -537606787738805305400464106458185728.000000, 120974738140301863749126880103161921536, -85070596945606488117534280138206216704
160, -620836990315245751422554939710242816.000000, 120980516813534697174090145232920510464, -85136694126873604677723880176129933312
161, -574098541481839691936491764359102464.000000, 116972064575751077983290165531882029056, -85070419319774476454452219505689231360
162, 525788080811072895930294445916815360.000000, 340282366913196359222257676423486488704, -131640322608098348146081962101441937408
163, -125669115378895613636302513018765312.000000, 121956668613525441568569137138410717248, -78922912251432759772178310836816707904
164, -95137855060491143829006429959749632.000000, 402033993448575120052517939669870100608, -170035517722581264440692374859201773568
165, -374336571080293330134899934766301184.000000, 121957946577241281398688930840852299904, -90512118244039921042705032564278427648
166, -981361119544759909500071646662230016.000000, 121956668612879903932907115035450933376, -85086169580336245561585892389584633088
167, -528227475900759824603649832011169792.000000, 340282366708012971390858511715142909952, -172777692873236061382152354885621841920
168, 9058707939810953338362491572322304.000000, 340282416367542802951867562530185281536, -168790008894899937128149814603621138432
169, -383055608641157825990127534456438784.000000, 340282723408662417645411439865814122496, -172373830626358381226431343960436637696
170, -2937914472980644699015810596355440640.000000, 119027846622325939498816893547204969152, -232620031019335559156228550417452089344
171, -1051868351164031104263231887533670400.000000, 340365769596009219338442777175120609280, -170359351250680386324500470413716033728
172, 273386156233848726280002517761785856.000000, 340365871527926021280619188484692713472, -170193209056581467991543193591924070592
173, -1580722907151116848750402290120130560.000000, 340282363895264409983943344907386226816, -172697664430098153984534679791412984576
174, 529891973423066170871074437218697216.000000, 340282363892967347048471013110021474176, -298570445564311045877232809941229682688
175, 2692667602468393376077259653016190976.000000, 393700476421008910267977920750130511360, -170141141901643234176799689577869562112
176, 632120639259698205817457977130483712.000000, 381840492798441382776654855148646793216, -245906425386996344174243047495849900032
177, 2866287967940610104609366224444325888.000000, 372432829069777337883303444379804243584, -245936906105236645785070533646299004928
178, 1236545246876807437156166859260690432.000000, 340932783787970751142040081486648304832, -276434629562710279815355161684361656768
179, 592648220485707070828080479361564672.000000, 341118691772096939205973529906580021184, -276433980528386599017290635387155922128
180, -634924908937106041371458183052132352.000000, 342344151836999972795462336229149263872, -340303238620964860639459305577839824384
181, -837191459353849730500757343654903808.000000, 345873885438695360716439654912082843136, -292260662041403875181710139815392227328
182, 1725303431869494330637704395061460992.000000, 342240293711661083493830332596006422528, -279101540268421035738352002634074770576
183, 2079433728191257178867278854821511168.000000, 422624775910477004411918314934065253120, -276436344316590422082329845502950406912
184, -1010780488376941262099571230327701504.000000, 416011803000297623979641249356543016448, -309701899121220391590069596293781194432
185, 6197019725577492539463828898773467136.000000, 403506249306910003899967093965424330048, -279568733997323475550974857469717744448
186, 499407875021261165946952071052787712.000000, 416068911281902449463955490820003316032, -276132179069938295618037859967817419536
187, -651683025689378273501940630396338176.000000, 340575109697797770059272233127105936400, -278034706390560000496481940325160421184
188, 447729371917618003719166630320668672.000000, 416045594123769753917719608892649048896, -352802667371504042713068397812355343504
189, 1487999920725477241236372044004720640.000000, 348048902228891225101919083006703780864, -352805782075684574721741655848725420976
190, 2794641861863145008164215048309309440.000000, 450131463340413556247462456644084007488, -344226421138265523468612340881751222496
191, 4543904672099407723736377687923490816.000000, 512759092985334393128801173152045108096, -344225897764416129651601968937149606048
192, 4626558387529851460821354995435700224.000000, 436195243877779409416932180502885891280, -280026426777185340303325195632358732096
193, 4737701879217405820355161468495200256.000000, 436984828943745850070396039696039407824, -349994348408538681339383108627531663984
194, 3223123174305491547680193807852240896.000000, 351714949159799057404079402017728053312, -341343246135388284172360935307569089392
195, 5779370979736049157780281114572619776.000000, 338953974590466893639416575165738461344, -356722423612774289743035770033892776176
196, 4689733396715560353610657369526632448.000000, 334444379987312275389934128387141395904, -406696646923764759054555893413099140464
197, 5480669495596524758261134913580302336.000000, 423787398297800268985980611622322302352, -365647635093727696608033967186321689520
198, 5575371010851457778665105831548157952.000000, 427120335776618674810101207271155519808, -358906646587215084361304778091530796592
199, 3505813154698260545997447462687604736.000000, 424811536648554067956197521678349284880, -293263168636706307216171695342594332640
200, 9821236703541422192422890941657907200.000000, 446853678254852315198588383768460230784, -348402025902887879785057983734992877088
201, 1758248991589186005148786594051784704.000000, 398118822653476946652770237393019522944, -394259394443979100225296893541716729984
202, 8424668099702276451954390042431979520.000000, 423468116766741431548565297602237312912, -441184337923640466488753457841094425024
203, 7465038115141751712949014053697617920.000000, 447959663610624681904828340641150124160, -430893976429185594877209265496217088640
204, 3844076517703653194665383624758525952.000000, 361211614638330510284611387971381235024, -426323863289703397874369403828596900736
205, 3190524798911564607451919643643478016.000000, 445305911810655675742486925380800954496, -513284209706361860421488076044581372800
206, 1705734976117138885286730881669529600.000000, 346175589342145983433430590469036872704, -423436673900702343946638275568024092544
207, 11343658755649175157956482015355207680.000000, 361185718410072386111292577093234530672, -505315015348546146865369037221949753216
208, 5743392255128522647795469142290595840.000000, 391967491308194508032467543589206148080, -510210229716312956361062869666209059712
209, 2053693975624097743220631415751180288.000000, 493908632886116554340429379803935280288, -510621524895698465220714134593654035328
210, 4848452293551718169226317202997641216.000000, 392634482939540522418871019942411139264, -457207870399643933054979323428310837440
211, 7599695992402000075111599787646910464.000000, 372536767849875073532774676280121278144, -479307654267005528378604923273810075568
212, 13647522963168739979394770829511229440.000000, 435574838117024011249980074995067835280, -524457466777755088850263792034184811392
213, 10345231207029082891520998853960531968.000000, 414987143962532750603227278916683602496, -511647332704550404904760919971661340400
214, 13924747683677697536598801470967513088.000000, 439992704459826662654402752272604050368, -506457142677870717918421457659029642160
215, 14362348591707982149260146759107084288.000000, 393846955006688549973317533004872913696, -437829414092890839942601219664788760960
216, 11348347204995143427289475994208960512.000000, 381116318596128963562518543967935541280, -427010696204894017606384765194019986120
217, 16029864889040579343010588741053972480.000000, 521494790498236989733407494982453570112, -474760072485323142135081451974755737372
218, 17413433889444715847127952260834787328.000000, 405018146981190009975837675746104352736, -445320171194202831012280540515881648668
219, 13512680278539964306070201239060086784.000000, 473283127237498015891388895923319986288, -482512665490704453952191673213854692124
220, 17523624791942203251396117627058257920.000000, 475942627709086876785967951582726312048, -524954848015826214273598003766076060224
221, 20649530033215111183806039644295921664.000000, 421046050929049339305667784654003795584, -561408816976179361428806651538784508552
222, 20206285946939047026681856264836743168.000000, 513366804074977487619316524739876865788, -476180061583951514496962345824178359024
223, 10947625505123485027854627677830905856.000000, 476544888003189948850251686251287418352, -476520199050045626815533327336105144048
228, 10215117648196704818898588655973040128.000000, 596537490433055519006070804959804905696, -540053686161096071214390721896407750552
233, 9207701889195860627529355108355670016.000000, 390745223516949164703627100884382460280, -502220335759738708306160530382057677488
238, 19604047494625349059775446382760951808.000000, 536348091274631796517399466377626795368, -549941504944964156690729867849150401240
243, 16204824112352776914693213977864830976.000000, 549161442234924896619618039344092000664, -564382719040648684794843727029849634600
248, -9158625084283205025869126223456632832.000000, 463265636656459440995796637281520683816, -538904363047032889160289124831972566216
253, -44099304015217112961077359706109902848.000000, 487731839683348013676654519553959711492, -504122695366369019926043237952207720216
258, -47687895042270680553935985637565923328.000000, 551485882949687043262187905589953885876, -573813186154074266874989966453824210360
263, -51377778861580530013223651866576945152.000000, 594197188104973406456837647298051618500, -610034106593591252525475264213032143006
268, -47262463037181409219068674985217228800.000000, 467323648884676874350950659595771496220, -540598774957260360714498304511775956757
273, -62223136873272896662462483915528470528.000000, 556969917322668129471212242474300018698, -650469603832198685472631614732784989074
278, -27224772307061037108933735071174623232.000000, 611103741806235301368711740352015850916, -536316037020562214189379079624601217990
283, -12093130149682360469667093241619546112.000000, 605280863993875720346093883896596254616, -650591103659028851851832483249707853850
288, -20836840592713804286246132978898960384.000000, 561929921920887218668194975045954908055, -496884884342192812654878491856053732092
293, -7672736226530511304906171088132636672.000000, 552542823127790468510318109361043047379, -520071391169015205972244626743661351616
298, -239378953155543776972733422017445888.000000, 596880211055036760323722398148408561266, -515695167348501851307134257911101138398
303, 34586339973992962067721449949909483520.000000, 586230252787428889414744841972119998230, -528904412898296952113914360938008016211
308, 65594123892127100521560378373427953664.000000, 597634257369945585248714841496336484882, -523198320314936741161939859575252247566
313, 58871561283278788450929851232375799808.000000, 510562541410170311104269276330683658822, -430167549897898626522220622094163467826
318, 63777468769185262951851669500893069312.000000, 573530474358796495196193009227757244633, -446103275854010361413326270955425762700
323, 31159586017860052273066572716821184512.000000, 589877129896624112779033969487994508130, -488946681856625214428600691143354460332
334, 21074191596754644222067670296668667904.000000, 515654764744516335723724984732190183215, -535699720892784634665424443136777392122
345, -5474557617080225737343639524665720832.000000, 525535102372428290817005035472614454398, -477428580087391300594030272004492451050
355, -27576626613421112298063283130246103040.000000, 613450774233628984094766473333911633733, -635535326101219152607422997959506024278
365, -24498646838275581035115783698186764288.000000, 701092536336713421624063277936212492679, -643451049804602780313376809562189784393
375, -11747145368476415297823796845575405568.000000, 577668355061172193101257639352821006292, -638651755237774142437338930562272517639
385, -55796033597239293382001743652915773440.000000, 714838079214932708879391048959808529273, -1235043653676261535338160887166197233888
395, -87514726781392902897341702720108625920.000000, 685473083413454823092166919055819973992, -1342245755176249286374175252774663630703
405, -54508587477443140971883460151463641088.000000, 594330676378414250646217941928432328051, -1333191743345408153858593539291366711287
415, -74405199270341578102871640440366432256.000000, 1286935670787769029156217434077281854390, -1527617576025233424285129640699723148403
425, 13954810702986653607225313883177615360.000000, 1128660802445093777504619187836222255963, -1523022882223972336588236501547021883427
450, 160170037642544491387906965927951859712.000000, 1230904990460356563879177922673538082877, -1324834497467217980325319126712986067471
475, 114032047221391169482980291822210777088.000000, 1226599161355552288980413229324757174154, -1686352163573731186443082279242345483562
500, -224670083496918182555920553570098741248.000000, 975575711053425647259485234389530616627, -1165707099596715224236778660006021749528
525, 373518926633679606217985048700344336384.000000, 1357495140653858921336384956098471944724, -955940261431159499887175002118819066938
550, 85618358424642963058366285944052514816.000000, 1471182423546460235330770168796112520017, -1518405224545545980256768256540415021423
575, 84996057823405579613229868556054691840.000000, 1333080155778618006774835913766190226973, -1114624237323928148783393312886743091397
600, 41017727923089667284330674256871424.000000, 380367601903388017989636332102162006772, -368091836728584535114534506410534667865
121, 0.000000, 0, 0
122, 0.000000, 0, 0
123, 0.000000, 0, 0
124, 0.000000, 0, 0
125, 0.000000, 0, 0
126, 0.000000, 0, 0
127, 0.000000, 0, 0
128, 0.000000, 0, 0
129, 0.000000, 0, 0
130, 0.000000, 0, 0
131, 0.000000, 0, 0
132, 75557863725914323419136.000000, 75557863725914323419136, 0
133, 75557863725914323419136.000000, 75557863725914323419136, 0
134, -2380072707366301187702784.000000, 75557863725914323419136, -4835703278458516698824704
135, -9671406556917033397649408.000000, 0, -19342813113834066795298816
136, -9671406556917033397649408.000000, 0, -19342813113834066795298816
137, 794768572874127776164085760.000000, 5091995552216818083862413312, -319911995015521245356621824
138, -36923000018614678420055140161552384.000000, 16464530742525018037551104, -332306998946228968225951765070086144
139, -3658208170479162568685644333187072.000000, 19287000644964651175929446400, -80480601307289828242222693102911488
140, -11430263704586127954693842159009792.000000, 1298074214633706907132624082305024, -332306998946228968225951765070086144
141, -7348049380076613787365747130892288.000000, 1298074214633706907132624082305024, -332306998946228968225951765070086144
142, -8357292668927126400313004419710976.000000, 1298074214633706907132624082305024, -332306998946228968225952039947993088
143, -2775154897027321895492143621865472.000000, 1298074214633706907132624082305024, -319929658485600536349737954972794880
144, -5079368673993768167637898389094400.000000, 1298074214633706907132624082305024, -332306998946228968225951765070086144
145, -2454997665148291063460958287429632.000000, 293364772507217761011973042600935424, -332306998946228968225951765070086144
146, -132464859079813378982815956205568.000000, 1329227995789522541407846399186305024, -332306998946228968225951765070086144
147, 1221756817153420243741387471716352.000000, 1329227996945484659733851067998273536, -332306998946228963614265334325837824
148, 227587522722903315299075533102383104.000000, 85071495765415795310032257162546249728, -332306998946229189586880649584705536
149, -170856984501017967379254739438927872.000000, 1394509784214048633631869322326441984, -74353691014218750530884515291700658176
150, -341844323118585917558602835511214080.000000, 1394509784214048628443720352572375040, -85070591730234615865844214807895474176
151, -23646641629993912832018136019501056.000000, 1329227998221159953606155380583301120, -11464591132824766718107464277036105728
152, -17727949813667560388914995412336640.000000, 5005374171472831319769353890151006208, -11465261403079599615471642701694238720
153, -369361794602254985122511964881289216.000000, 87209818035951569311704645962595041280, -85070591730234615875031558047731286016
154, -606651349478109106695068667560853504.000000, 87209818035951569311703520062700781568, -85070591730234615872797772632555520000
155, -58198697716296609858920831002869760.000000, 87209818035950964848793712745953361920, -74353691014223586159518066182593708032
156, -573601358335721612237564637498834944.000000, 120974738139375203179764440380111585280, -85070591730234766967772074427788820480
157, -338844199512076128454003009270054912.000000, 120974738144249589723267383775573573632, -85070856593711418255689565935909601280
158, -887579522026006978449548794312785920.000000, 120980516823576336694804112826856636416, -112652072619869732453292342608117628928
159, -303830842263676463925001331631194112.000000, 87957508783783068925843065431790452672, -78938549660694004855277473701719703552
160, -429955727844973204595612883659784192.000000, 120980516813363331377838995291295186944, -85136793515257851639478067211271143424
161, -462760837219115220187105903226388480.000000, 120980516832534583282142195894030303232, -90398212829563723671815110260449280000
162, -530957332621018306485854975150784512.000000, 120980516773113057601791756050513920000, -131640342969756513256467749179119468544
163, -530877761820444695364640592422240256.000000, 121958291206293733702253999888763453504, -83741323169693557769623052753194452992
164, -887775131951284042471093771347951616.000000, 340282366922790411761731949774101135360, -170152866130992999906200526795567202304
165, -357309383127023942338460962877603840.000000, 121956668613583296873857740468060422272, -85070591729669084678514377519590802432
166, -943519607553199337217293424812621824.000000, 402033993444865616588281695979696144384, -172777692874408129152120844753450369024
167, -660679141356429294641937770407264256.000000, 340282448049316767564817396728358682624, -171044562009324079019548198972233809920
168, -1425667140946750991798994682588954624.000000, 123852019267875837388694376845899432448, -85147948606712336794602108441182862848
169, -2258957474667394311228793430640427008.000000, 121956662531662651456393859655657144448, -142771836526952305999731339982918164480
170, -2260329514441026740925002223659778048.000000, 125666438208173808021949425855878642688, -154086924823135543224993785613330808832
171, -1819656421840467387318900432769646592.000000, 340282366710449070249836327876301291648, -232620022945484766948043108717307117568
172, 307666006884088763349578871587471360.000000, 340739468486563750515414939337616662528, -171195168046033612748486495186062612544
173, 1367018160609529771035508531863224320.000000, 393700478902131314740930523949846840832, -170354159240772944685780467816034146496
174, 533178089304040384755166077050159104.000000, 340282430794175579486025298008406083456, -303048370603707310783435488110265286656
175, 2077377171940080426178327460848861184.000000, 393700453600341104649415084739089282560, -170151851356401088721248266274962128640
176, 41905652879763018697307932590080000.000000, 341113916491906841707454829510942771200, -298578378830324386976273750869081899008
177, 2614184291631793276927812937195716608.000000, 340932905188914413408465404315911393216, -245937230561918746176273161581542641152
178, 18384747105094780941253087623905280.000000, 340284523031193598236147442086825451136, -276099604214066041591564316063079285952
179, 767562946079364381035980052724973568.000000, 422653892883049106580702812604893859840, -284949784503974844906663114008588548096
180, -909445828527212965000826891137974272.000000, 340896203450040047429839116272905414528, -285575549887702447008677034708297345024
181, 1429501752348713502497277683408306176.000000, 342011834643629656233255737216881674240, -274597040399377613295465379124221005712
182, 896010745894340386868338294570090496.000000, 340288495842873872357990821261800444480, -279101360458162352655696735141230201232
183, -799553110668838596964023832839979008.000000, 416021984807056398083672325887954831936, -280469132751450644268366136287281136256
184, 436850103225988204243487962666369024.000000, 417889559485953379709438202386459655040, -352292808956734449296402808663431188160
185, 1664409861662315902607520789314928640.000000, 417889071416209283284915825534357994368, -280630484082326984164476172061264962176
186, 3991631333591971598280487311878651904.000000, 420985986026885632636133820437623197568, -276407955163550303178312701019587995056
187, 120773684643385865301714550892003328.000000, 339829108412033327561750453186931159104, -279508053669288594970348894292281335744
188, -25076588678099987247582609227644928.000000, 341816569767819685470779206573874617408, -339041229804033178223013571988213983584
189, -603181274547770760873176484332699648.000000, 339817956684879806215377596732861509440, -276580299103097753551211968932098944320
190, -2023320888108014247183837780009549824.000000, 340407576825385259211399424481056356160, -361544836494031128136887671140551042368
191, 4510548604692370910151362892292685824.000000, 436163156990294887453808199471602918592, -363982110594859217709356785992710318240
192, 2439249140113798155004880854500507648.000000, 340398326176458580763849960018311421120, -380656395253156636738625774566435117888
193, 5852247169653800444725095059427426304.000000, 340379224226591913750185148219360104256, -273638562364127777309469620662645631424
194, 2544128688509564506796653692774776832.000000, 436743860065197120204715180388588279872, -341435668330820892627102588228733782736
195, 7049465855857731402512748577703329792.000000, 401998347003250498143330796503379021504, -286016572898079993588678091676340094832
196, 3218973899368667469245995728859299840.000000, 344560714549055061370427467634220254800, -405934506108092915425432997888673222416
197, 2926888453613165384735635235493904384.000000, 373284950442965804987447287984930249984, -405950190149048390470504487326478206592
198, 4060208504766980570060009869605339136.000000, 344885130314536996282880010288761609728, -313242807906288175844501158901690522880
199, 5025545685030794355031533291225219072.000000, 424827776755229844116888750700999500560, -279721611554995661377474649579172351088
200, 3908966732018323054251805757547741184.000000, 424515957189594989586392300366680575488, -386360282847469230462368109438067444752
201, 7302192490644494344193374934190260224.000000, 406333956883972584120904626436857295888, -370180513962314839243662746307242201344
202, 8773097420008111386265252250314080256.000000, 425896883416332933850641379947801769168, -451546692454522199512365214445546943936
203, 5447570824027262887982049228383846400.000000, 361217639465068509479372577278405753936, -429746999223731399391686138472105809280
204, 3828935349824424766170238184893448192.000000, 382906170370338692480551879086315722192, -501196307018215853853510550732510926032
205, 6271376228246522857784293194769367040.000000, 480009889227642488074578490125072163456, -510839052724177122401121512872965948288
206, 2212301639138109810793195777604714496.000000, 394224662557431133889649817336037858304, -498388312087331017278228362890645689552
207, 7640059913605052689252637052818685952.000000, 540330092072620938851457651637075802304, -510663100684287368179600964571467862912
208, 4699372408106186692653264054809264128.000000, 399215397108059455756296796251198064256, -330167552667658025338205428996613840512
209, 4730176391986783649473302665596239872.000000, 423499486038993281972191598239424355008, -524518101348154558494146724333627805568
210, 7023408439500779953037215020275990528.000000, 376068299561534308878127704532086763216, -455929359906851602025463986704790696768
211, 15765389956972684308580407676323758080.000000, 467426167537178451449879680757932373280, -524051421568062778460101576739085194112
212, 10613426002867720998808075611433598976.000000, 473772693763173621440373063566311173040, -530164983024523835007550597150780068736
213, 11250109403867457075481129008840572928.000000, 439137756940558377831665526120259576768, -498478824084521068550146598479956537264
214, 12908085072337545790154264131603005440.000000, 459576187803711243959155257958825680768, -506425946783880937322536456348954390480
215, 10150009612093623926175163168965263360.000000, 522139061369270977734885430525264931392, -511647419507675773990783206702235407536
216, 10641518542436217922532154748136587264.000000, 519361722634234483188973888145425655360, -511647816940189753552619727653836035400
217, 19053840075834417345470407020245942272.000000, 346256287908052755173161316831371680640, -480064396129285638434439129894016505600
218, 12291956329961065065250511562920165376.000000, 373244930203687704810901368884740776264, -442834992314210391084155235796353021980
219, 13935609403328914198197952396727943168.000000, 447345976408775978934848869762156255472, -461038879323450326749029592984965057628
220, 15909352481498944892396683053689208832.000000, 460037322378585500413132516226825556720, -512705570246878424303532772144562663040
221, 24285233553800863985654430115066544128.000000, 468770555545878826750952295376854043264, -553041250579412833572427049941285493000
222, 21658007530420661832260160771804102656.000000, 455425816764432857964781586904224611984, -561469127768986394618668845362756934016
227, 8686575283333560766563388355761930240.000000, 443745998050282012940094584711192276264, -540970614466770710705924618229039086792
232, 14071042742452627476779174581363539968.000000, 607020443282599018882855481203219742836, -490007460881291989117185413955925402688
237, 22817599846843568674339154041315000320.000000, 605455454918332525361287718045273031080, -497073174369527802238119600667206852152
242, 14629152550891578891589510331671511040.000000, 596993675291601371331292673018794776976, -600321694999706591319009419187821679440
247, 10367062776176561666704229854156423168.000000, 544678892709889417062585437327056292208, -559392801608113074745496024384521393608
252, -42444981945514814430833179683738091520.000000, 399487637197713142716198635498032152316, -538397707348456056459031180760027406792
257, -46281833062321409511297518470038552576.000000, 551152706671546685326263941395032721076, -576554364941642591004843143590856007772
262, -50891606792542154959321535673844891648.000000, 592917188059485273105282826608996169396, -610114497943244168691683005369810981022
267, -57442668108479617408582948294129352704.000000, 592240340278617026160490756239269693400, -649231399422813962030557646928962076066
272, -64556882392751944415604133225113321472.000000, 535035683048589536516957797838498659752, -649937566186319583679176857106072302418
277, -45830720530418867200650877189893390336.000000, 563990546869631335889251014864627390644, -576778789223625462287311251906742229984
282, -9861113757942476383700725589008711680.000000, 562968878418627138650773694249611646932, -587424999658795816813247849405787875354
287, -20484163659239909396256673912676417536.000000, 567612088624884129576951878678000865236, -650566544782664204074904756865562507290
292, -153235796360343614418058994222366720.000000, 544031252884722314731966877598864122637, -564240886859272012390381357553304833344
297, -18546021823063343440437014259390480384.000000, 481184666368007798350244192507248149395, -547638879665224026561432829958308480328
302, 31706040417177268514677839592551350272.000000, 571423786591118967321932316341035306774, -626327710839461897640610880984583664204
307, 60534899292528108218254875291188985856.000000, 602941475701487716177313557403698301458, -502816217465799260379206729033313468127
312, 61374757132654149816595156417185316864.000000, 597857853544949390522738974058079582413, -433520066918248570677991299401779211836
317, 57261758037885394693292258422488563712.000000, 573626817087183734604090334783694914574, -446141436988960929329426582568716078476
322, 34627436111106170768442406386534449152.000000, 587256742890297242557767437977743962978, -510561882488901595915046687151582768377
332, 17750215993316744093973939715309568000.000000, 511761435395475888568505447967089598319, -522347565348727973691187160432615949452
342, 3923142091695745615274825817314557952.000000, 476925650805969629412051301013482326296, -589685854631637099905088306249457964059
353, -51813663771375287169989158518782951424.000000, 461053381457767504536868291413974109336, -675120481761970294227928496208787625881
363, -270615521922398403196921955378790400.000000, 726374008135768502640524577641789264199, -669348575562553823707230086473930543960
373, -32963092802395482644207283499108925440.000000, 787281395757838954573388682873672381979, -597341874892129598013182169230421448840
384, -6166715816899552169160731015629504512.000000, 668318810836289057345638698882659774272, -1189958085829945822259635869828067663329
395, -126072330330887707074895750241938571264.000000, 704558362454002542659927578113635242879, -1477796627752880491544618834179267596959
405, -19447827361024830251318649216110166016.000000, 771419955189700166886072817162205328735, -1463096439225314930339311639889148565017
415, 2102928971520850061462425165518340096.000000, 730456077464256698634787748653003805865, -1473388609707978372002905932099734550455
425, 37607177965112261320419694761979412480.000000, 591864310770210284774110980927733880327, -1388019995064587056962786758470679144568
450, 115146271615930831183613487715629137920.000000, 636762510704407933662180899058916935083, -1296655793232165302155720109644300423713
475, 99248593383205936912152557918800052224.000000, 1275797666492898367794440048897274363020, -1637831193850448298150585337973696063321
500, -202683329512209485024374844537111052288.000000, 1060649125781846425112269930831073047341, -1162767751907109271955630987161360178148
525, -210951903858565666066893359545646579712.000000, 1250377494770204752157541064701159551365, -1059000585608104833018991396221443922830
550, 91836584249116219426790702935422533632.000000, 1420396721899625711306154047215357141931, -792631597480245313911554986888572521937
575, 48183088074093014430758972879760523264.000000, 1281835781369645494870188742573067188442, -1403297487898525507413911292593837603205
600, 41017727923089667284330674256871424.000000, 380367601903388017989636332102162006772, -368091836728584535114534506410534667865
122, 0.000000, 0, 0
123, 0.000000, 0, 0
124, 0.000000, 0, 0
125, 0.000000, 0, 0
126, 0.000000, 0, 0
127, 0.000000, 0, 0
128, 0.000000, 0, 0
129, 0.000000, 0, 0
130, 0.000000, 0, 0
131, 0.000000, 0, 0
132, 75557863725914323419136.000000, 75557863725914323419136, 0
133, -162373849146989881027723264.000000, 0, -319911995015521245356621824
134, -80120850339987118106869760.000000, 4835703278458516698824704, -319911995015521245356621824
135, -63248543251666304487129088.000000, 4835703278458516698824704, -319911995015521245356621824
136, -9671406556917033397649408.000000, 0, -19342813113834066795298816
137, 953820748790121190987399168.000000, 5091995552216818083862413312, -319911995015521245356621824
138, -7316416112545079172112000938409984.000000, 19287000644964651175929446400, -80480601307289828242222693102911488
139, -3499155601189115161024295021314048.000000, 19287000644964651175929446400, -80480601307289828242222693102911488
140, -10287237933140960696922860710526976.000000, 1298074214633706907132624082305024, -332306998946228968225951765070086144
141, -7763976709629930193447421925654528.000000, 1298074214633706907132624082305024, -332306998946228968225951765070086144
142, -4360424690742058025953811408879616.000000, 19807040628566084398385987584, -332306998946228968225951765070086144
143, -45751976772238289019238675906560.000000, 1298074214633706907132624082305024, -5192296858534827645981944885280768
144, -3012604424004090695766975084232704.000000, 301153217795020002454768787094765568, -332306998946228968225951765070086144
145, -4224032387634051125487489372913664.000000, 1348319687054772671563479130308608, -332306998946228968225951765070086144
146, 83660192862477151923053597940514816.000000, 21267647932558653966463164764299198464, -332306998946228968225951765070086144
147, -4502865158398471761095006055563264.000000, 3599368280697680379242867295518720, -332306998946228968225951765070086144
148, -32122807593485465255639178165616640.000000, 1329227996945487020917092502820880384, -11465261403079637394187332876742164480
149, -29986164604680550414494331696054272.000000, 1329227996945487020917092502820880384, -11465261403079637394187332876742164480
150, -25730007519012839851121573225299968.000000, 1329227996945487020917092502820880384, -11465261403079637394187332876742164480
151, -23585332869159218318261661686824960.000000, 1329227996922459581354999395347595264, -11464591132824766718107464277036105728
152, -15513438521635461924756188125200384.000000, 5005374171472831319769353890151006208, -11465261403079637394403505658855948288
153, -156312745510652314910414825393750016.000000, 5005374171627573824680026424513396736, -74353691014217660770164673897960570880
154, -126720128810742684607339875264364544.000000, 21610643841822591398607968670771576832, -74353691014217660770164673897960570880
155, -440155615434828788604484914228756480.000000, 85070591726612674109411844521474392064, -85070753994472176548181562306640478208
156, -40997796933630882639649475211034624.000000, 85070592995344639584597228299516641280, -85070595533186416513638368198486130688
157, -507192650086601412459598470935740416.000000, 120974738139297829543034816670914314240, -112652072633547761769543570445593542656
158, -743669837513379374091174903440998400.000000, 87957508783850906919418267250545393600, -85070595533186416637545904711970324480
159, -774289312702659209834414356782120960.000000, 87957508783618793143598758975845957568, -85070596945606488098968195032152539648
160, -222600702419570592745616589797195776.000000, 120980516813457323020910199072232833024, -85136793515253621630448019540246790144
161, 61788962441960063479478457175375872.000000, 120974738145801078407908033030214385664, -90387463148560154146138070178586427392
162, 551210720149820794949321311645597696.000000, 340282366945561149079272986364625272960, -131640302246457257545256070336901120000
163, 84791624654106586925132631670521856.000000, 116972551304073051605603784250127023616, -90387463148616974249166364578487994368
164, 78744909189538422574719652285382656.000000, 121956668613112179848682746787875258496, -85070591037591109757010527597620236160
165, -477134982048711013461504490484006912.000000, 121956668612879685638614325473352089728, -85085416824260106766700531507399460864
166, -285301278663139261983557437781704704.000000, 402033993444865572314912164995687170048, -172777692895599978863661843534856650752
167, -206351177585346756084210134065086464.000000, 340282448049330784230801729662317936640, -175364593586138751678283274251823677440
168, -642824741221768644314372302394359808.000000, 340282448051832655642972705160107786240, -172373830585797257603737023291852783616
169, -1150786145118163352979141290826399744.000000, 340281721370132549533869679626107452416, -142769978931699486029118302066172559360
170, 307100766757473546227278753143193600.000000, 340365630680210396773713431405583466496, -170359371535289677677310240997156803008
171, -2630490208772459884011171773883088896.000000, 400886169762888727003330672307606438144, -232622067500046305308415256597899100160
172, -3883261331611585265384332595172474880.000000, 126030903055237356020530228499846111232, -232606490609347557886030419259287437312
173, 1050045093374875005561903987422134272.000000, 401675854199137697622118122575277032960, -168858696397703460851388093194286536832
174, -207456505002270837507331793373626368.000000, 340282363858158952402212271079660570496, -297733470222913283245895577902979792896
175, 806456533777269593052295125085978624.000000, 340282445022712038510467850111029462912, -298570445564301925235181571620536631296
176, 2794604479727341861288288200010235904.000000, 372425504590557418949589542471680161408, -245937544807418027263195688633529277952
177, 2183748487429129506112158315612995584.000000, 342196556516547591497200267016726441984, -245937230268239182368556012507187781632
178, 2866381023519060155071037290095575040.000000, 341083390046889804329016747066631620608, -276100376718344032763241433818014367936
179, 224504661720428384531394171005566976.000000, 340723177838407961684193971437662701568, -276435319176636611050816564296768041920
180, 1550946872611917047918367584485900288.000000, 345884635925318246932575736854723696384, -276454001282344860148411860541993994400
181, 453629454754777827838710667980832768.000000, 422653914225597344544129841026022668544, -276453512104887438837158706427606157472
182, -773052866261528394824002945847132160.000000, 340288496060615729147771562426373839296, -279101847065654476741245179285331364048
183, 5504086589938386321019058789539643392.000000, 354345524469804072351158326964223796192, -278501555912150128269662841899358399296
184, 1292917075458634431753273176705990656.000000, 341154864058321680883011642160053315520, -277871253308230758312459717203204769344
185, 5859512264002900756691661853326049280.000000, 421983713118896307813635171328845335616, -276399803685686182757616819487229210304
186, -385027039485456910814091286868393984.000000, 416032609482650098036552647342182252800, -341969349189979159018251822817287111312
187, 712642110180639017984619971851845632.000000, 340117938915354738634282669506220923520, -278463072666316754480699843544345642816
188, -2034078823948963894763451050306306048.000000, 418564342132776119248603544430527286080, -352797175339673081992797621784670206896
189, 1599336756888753431734880001501167616.000000, 353531153527347164561748426687995394880, -329259007623723495577902404863187937440
190, 812024416673267599009027990707240960.000000, 346378754781540106004872293048621082016, -369045684281970434620321483031506340928
191, 708352076392806125159567281849630720.000000, 339510061006601559491819920138743178432, -274623882740451944779397357956204637184
192, 2654545944514856417075629533337485312.000000, 425655809014919698493776711494319812800, -362554790166299464529097181486795578944
193, 3731255868123930092633594513349148672.000000, 435574310953752366278168901893911900368, -354805497746714590727311712674192739120
194, 4032045823883277328818555183435874304.000000, 342844479898229654206167513526399281312, -349257863901479424932711354443056335696
195, 461262560724394657942701892677140480.000000, 346646402580633836511428924741212154560, -356429451948347064958395262719681499456
196, 5877865324281233484342075935778930688.000000, 346583432617373704345114491707905358144, -293127874184013642784250772407221732352
197, 4670444035513745486182640860029517824.000000, 350057354783673395602623241525934851072, -406057776415074575913224840027115325072
198, 3296810117557149839250987993159172096.000000, 423792604069692178118418182062261398848, -357549506205677908684077095869291240176
199, 3551906462593717717834477143874076672.000000, 340147268667696987961336704919374065968, -395655784279431025948876209765112539840
200, -87345511501523506333061811294699520.000000, 339550723012869121877780747790947299264, -347250306751310515146459358264302499008
201, 8858007395754205197156276899074277376.000000, 447170683902715782061453447193856426112, -430921520604647429053603982709367320704
202, 2837459775947735379983707409574002688.000000, 408656702140468317491533553080740376064, -501163797178904006212890588758094167360
203, 3384041297353481399657767637459402752.000000, 402216266776641563860974004918559364736, -506527611299638225570592214149741020368
204, 6228751338160452243581417017216860160.000000, 445999561515269343950562663293013820032, -427273074493891552923891326255504037248
205, 3270677626244513214505272506618740736.000000, 383466645882259138848676525839224034880, -501196666897983208464670869351876267216
206, 4300177630642761019393417049431605248.000000, 450826548095700283554192411571155001984, -428231823968273768932846744396504943488
207, 5944489822575985609838072327328235520.000000, 390555827559570185851680506571424435568, -404630755721283934169861351078632913040
208, 1614102131583752350364418205361897472.000000, 397440344678035465673855062979051786608, -457308682907678644664272087500697046080
209, 3715718213508203829552479292987801600.000000, 403731939406235768958298238997775049968, -523933083647799634882441806573009538944
210, 10296943626646260484099508809167273984.000000, 424020859326736964834201165274299798512, -524084552040213184584437403212510826368
211, 10592703800506522483452916912495788032.000000, 423163730909833503438655487141543041760, -524084237441902142846126421944634119040
212, 7422784207806603134557635096761860096.000000, 368647093331717525739883605534980098688, -503773148567866724414498231009078896560
213, 13511183761124481251532275443866533888.000000, 393970939368878558427930951309504948528, -532253621044526790885770621748653847440
214, 12932632740402057948602639016563572736.000000, 400657207760707982702049020215421395488, -535263810820432142078440181128942248832
215, 18046534750460850838603260190257053696.000000, 432808819507294645044340390157315910016, -532160756669780127626639871944291775376
216, 10874452468986410100000985131660607488.000000, 519330699909637147818213797704927995456, -511778029896593007528644262190149607880
217, 17595657895433682854205443970336555008.000000, 587188898941219891483399780635569051712, -511746681979358284858831200758459975112
218, 21189805482018282437756168972768641024.000000, 565068956417763586283199460112109980160, -513118209827357248519102162498781776336
219, 14691148995054146139671335920451190784.000000, 468090047610261569785531594000130398448, -524863736938954567311689592123247931968
220, 20084867933195358071999462242934325248.000000, 461122275988011425301908940733816021104, -493458038090325541511037690833213583984
221, 18123028102499091819376116432564649984.000000, 459200323190922426550208070007397460476, -561318959482688794179574109777461807424
222, 14050289598469928928397365246244683776.000000, 385478916475792264507496937544552276248, -554868926763563855186600337736460954040
223, 15619413000391504225575626856202240000.000000, 574096960845994872117721419342129048884, -508479201014123974448298361528609644600
228, 7126456111457738602582100016791289856.000000, 529509053723876454334749464643974804320, -497130446398079839793293845036959673192
233, 14484389003902674597036740590214053888.000000, 577641383043628054692316852560899833992, -464024062559345309180811433265938162496
238, 77868548440322682237256405899804672.000000, 533419935250433234296906988714332312836, -555702291941554130721941437287694330416
243, 17229226580396695996195016495549382656.000000, 507922617824744168054085011619471513712, -570175320551314793245300790034991983800
248, -21334777303370418834257873691738112000.000000, 443250729193955703414732079384950983464, -560366384832384902841819513478075377096
253, -36543822376367059519866947804237660160.000000, 499397072605835559118480991530343673592, -538842372663220839597681855148342567624
258, -52112658489434231271272119624466956288.000000, 600176667492465082255588613287223097012, -585048305963258463413111367239552493660
263, -47817904838855127303498339503174582272.000000, 593698607232247798934516931689257023172, -542740314813259038390130121832696747080
268, -43576467764033988009921332603288289280.000000, 431241104335523308919063911692169439644, -633766419575203422799589570552482471940
273, -57660773601421742243299860474006339584.000000, 534588972485802720704924441248280547306, -649961510875650982899191587248714642258
278, -25665537507570634214602798619328249856.000000, 571248440692324479384831703957727328136, -536946200569996284408064953716373574090
283, -8710157962119156950449118074057523200.000000, 582581610068056243846922187421909526472, -524984264295285965947734350510153213978
288, -18775076210902154852701362947039952896.000000, 545979360862591485249141043002802053015, -485846429967663219387387571440130201596
293, -12908576147493609488608375116845285376.000000, 499597871516751424198336659111125625124, -517173997246518967355896157162504639120
298, -8969621575100107873534111339193040896.000000, 539881698025498596141369899406970487699, -557764871330284275693295270824701515592
303, 29421385784848267087600267768308432896.000000, 571423008610159519198253361935614185238, -529500936270768764922924569185472877907
308, 62731197495688605376863202855664746496.000000, 573049767284415785433906676898923557627, -523905065782741272483778762981831357598
313, 45277653157860596713882190054015631360.000000, 554515710758418072235599915702732806119, -447260366057461876191063609431571126038
318, 59373904838851171473581219586273968128.000000, 564421072087542509094334196746550501762, -456470224090460709959211791558952492080
323, 40485050596767261174840573565343891456.000000, 594502382133864802864156170669613030781, -561565428428621388671300629068963815284
334, 15431555852699767668313252201620307968.000000, 479821063674394391768099180142001812223, -535404831793345380363394558411897370606
345, -9855959354344893262276477576967880704.000000, 490915045922681120381880649961606748385, -502440686875371458424356467514545870875
355, -39762600619949515588451540734566203392.000000, 490277644281623240217731473353412386784, -559462911875982694257160354156093540726
365, -50765242563005150262876555036638314496.000000, 554627392479910384573882141752240191883, -632860416213394632894899517825840448520
375, -32789686210737419731874461978609057792.000000, 479187600957515131064986959739520911009, -645505688267733593257870323707974867962
385, -59248886101793653340492141903078227968.000000, 518728738438911952897656094140503257778, -1154585310030635635635078280664994033775
395, -136455229997383056628633782107468988416.000000, 695184382260191954207920670853409584569, -1459972908232508024783080161927459791788
405, -39022023993524797409461839921852448768.000000, 700461495561873431633614038855093629243, -1448516244680674918788061324775886140935
415, -32882816983332517869127169938131255296.000000, 693843650872948688021882472975260099099, -1474772193572442243791633747152999304375
425, 23140306249582242371247943401600974848.000000, 602882021330766253098731568374972518855, -1322778675804145993868784209794893187704
450, 140356575372063145133380247187628228608.000000, 888375645742030978809555456042245720876, -1414937443529338230151514246151242261949
475, 105562195291582274124402094460937175040.000000, 1181985900782986306934818389415210290082, -1442952275722248842335289479662979843218
500, -242246355476970826335685541383089684480.000000, 948124972370522081440200812842906840472, -1182424015689244603289513982677800542640
525, -41996262468181885509040394069071626240.000000, 1495553906102515015788254973795531669724, -1152762521249037947658879983445736644462
550, 80412319966555255810178726140712058880.000000, 1496900873788397796419735390091730539266, -1182264371911145595417493152883170914619
575, 112067557621768153132094859466340564992.000000, 1388940992938281414730267155977187046579, -1117379264255757071570487719733940101839
600, 41017727923089667284330674256871424.000000, 380367601903388017989636332102162006772, -368091836728584535114534506410534667865
121, 0.000000, 0, 0
122, 0.000000, 0, 0
123, 0.000000, 0, 0
124, 0.000000, 0, 0
125, 0.000000, 0, 0
126, 0.000000, 0, 0
127, 0.000000, 0, 0
128, 0.000000, 0, 0
129, 0.000000, 0, 0
130, 0.000000, 0, 0
131, 0.000000, 0, 0
132, 75557863725914323419136.000000, 75557863725914323419136, 0
133, -105215899360496646182928384.000000, 4835703278458516698824704, -319911995015521245356621824
134, -2380072707366301187702784.000000, 75557863725914323419136, -4835703278458516698824704
135, -63248543251666304487129088.000000, 4835703278458516698824704, -319911995015521245356621824
136, 795958805993081137952456704.000000, 5091995552216818083862413312, -319911995015521245356621824
137, -253387073898039993046138880.000000, 18889465931478580854784, -1237940039285380274899124224
138, -6190815119776767804914524030500864.000000, 5091995552216818083862413312, -80480601307289828242222693102911488
139, -3353357439376497549915286776315904.000000, 19287000644964651175929446400, -80480601307289828242222693102911488
140, -2639416810497528970371441841143808.000000, 1298074214633706907132624082305024, -80480601307289828242222693102911488
141, -7913283948790282035426795848728576.000000, 1298074214633706907132624082305024, -332306998946228968225952039947993088
142, -8648810960838794260984479157846016.000000, 1298074214633706907132624082305024, -332306998946228968225951765070086144
143, -6356085139212639607203614387339264.000000, 1298074214633706907132624082305024, -332306998946228968225951765070086144
144, -3061295999003521497902436872880128.000000, 293364772507217761011973042600935424, -332306998946228968225951765070086144
145, -4671021157833158045480631767400448.000000, 1298074214633706907132624082305024, -332306998946228968225951765070086144
146, -4533378686962126074254906982662144.000000, 17864959056995140520292518046203904, -332306998946228968225951765070086144
147, -243193059610931134750626703009120256.000000, 1394509784214048629020182754143240192, -74353691014218731640554455634618089472
148, 230512438181734936765002927044558848.000000, 85071495765415795310032257162546249728, -332306998946229194198566668012093440
149, -28662647272776398439714096112730112.000000, 1329227996945487020917092502820880384, -11465261403079637394187332876742164480
150, -25690017649692605044278143106416640.000000, 1329227996945487020917092502820880384, -11464591132824766717891291494922321920
151, -331945069378690634987709793203912704.000000, 1394509784214048628443720352572375040, -85070591730234615865843933332918763520
152, -316878553460699963671501010546720768.000000, 87209818035950964848793712748100845568, -85070591730234615875067586844750249984
153, -453194546852738566580732797286088704.000000, 87209818035951569311703520062688198656, -85070591730234615875030150672847732736
154, -589544793165560443898570006226534400.000000, 87209818035950964848793712748100845568, -85070591730234615872796928207625388032
155, -107156091584675853614441176017928192.000000, 85070591726612674105376618155838799872, -74353691014222496473452139613914136576
156, -553638644816821620519273251259547648.000000, 120974738139372785328119370513845846016, -85070856593850463614339122177691746304
157, -609041135905764841084283956945223680.000000, 87209818035950964991744720318133960704, -85070595533186416605836059770014400512
158, -587902627033642013226419743973441536.000000, 87957508783850661337907658555842625472, -85071098795424125275620042145618198528
159, -212402859741188075944741882036224000.000000, 120972791034567411201158308900195794944, -85136694126851920216404509165292093440
160, -484112093010898406765579161894387712.000000, 120974738140381624519036068007943864320, -85070596945606487878816533811923780224
161, -631451572372205376611546124506890240.000000, 120980516812611077247260612139339612160, -90397796021886213320808776069555879936
162, -519059240956063272859121736457650176.000000, 121956668613526629243737608529884217408, -85070419321012416545325288976071720960
163, 183910557737677589487040681446735872.000000, 340282366945561116276289266017298989184, -131640373353644786350030872171270635520
164, -580567760181030829174850642004410368.000000, 121956668613525788662938818047836422272, -85070591730918774642908591311860794368
165, -588039211048679466826987494604537856.000000, 121956668613445837028966473304688296064, -85070591729669663411609158274055668736
166, -372009588077401652258574749698883584.000000, 340282447840114762443124231067018313728, -171034177415600208297726113236981841920
167, -482437303248231373347945623215669248.000000, 340282447839991565471591233080933924864, -172373830583146483443572831009039122432
168, -561261656127202092813993315414310912.000000, 340282447837648503500045997079836934144, -172373830586795114030091277915991769088
169, -2580536424178010117419169917129719808.000000, 121956662690097651191019993384785625216, -172170083390739406918474692444114909696
170, -1083474601508507397486713067888705536.000000, 340281721399800033840720369085647141888, -142769979082173998783513373515141943296
171, -3735355190661358546274113325522485248.000000, 125666438297923484588795429543825096704, -232598998160460082839622226034265456640
172, 142820898424788915241019227934556160.000000, 340365024735513559042788451233925300224, -171195168047386430793165932499181705344
173, 2766300364148929474206276925037477888.000000, 393700486208759027691157676370298766848, -168858634476033693429752232657235613824
174, -71227491826127283293420300028346368.000000, 401513993021897195927631642992071788416, -172698008934100524380120737266427525888
175, 1942797464186207677841804478631641088.000000, 393700476504093991632196402272360891904, -245937544870933091773642166246855639040
176, 1534445831546741067624243990345285632.000000, 340770189048296353199709139401242556416, -180764074942901552706525676877246361600
177, 2303580099529574791874759314391433216.000000, 341590762518325889183357493870452809728, -245937027555440645400337012705972850688
178, -386831344267129679892621616127934464.000000, 340932912410097690843240561744464568512, -276433331018653957431507008346992720832
179, 1280547527339851904962999843087712256.000000, 341560979144253954911153406519187357696, -276098794349375351746032241090698225024
180, 2886002988705137654368114422702931968.000000, 342073363863222243852905774645245855744, -276441120695910731409560273991024364944
181, 1153398160680400997032520990215634944.000000, 340477185054162247170443727722854421824, -276441595556004230243909792269434079056
182, 1387590913188758654376138950936887296.000000, 341907861468813363159613407535259648000, -279101888901954600448146488542422288528
183, 2432076225691251583826182245678317568.000000, 444954926569947046468945248188152324608, -278026642612253734114521806957033614144
184, 5332610234887442234462358577577197568.000000, 422624806343384580815598350462355145472, -276428697793103153494081568170064242688
185, -625356423814668509447456251290058752.000000, 416045082003221931215771447517354734848, -276091149806737931507400035938450376400
186, 3434799928234969487695733596054618112.000000, 339949524114484423085392907341847505936, -277871035708421884632901901125140371264
187, 549560469444874009465917566053515264.000000, 339930971140047570419873300447411607552, -341548441430980096834922347421556436480
188, 671613953766586447592032561977622528.000000, 347160899445035783270202430781796895184, -350527886480257948861949398770975758688
189, 2644263117804266759598095490286092288.000000, 339827549209128376185126538415252143104, -360328350011925651523127622120410147232
190, 1163288304419011448148582377069740032.000000, 339759863469581123153494106968174699968, -276061913230065701818103115334253366144
191, -253174335389363799938572619631034368.000000, 341664186830171532419202599734715563072, -342367014290426394272719084124740602960
192, 3424518323126245323351409870264860672.000000, 349600627632008200528359085409482259952, -273801269252881460813600973588843291392
193, 1993222417284360502503577024206995456.000000, 339080836752420038456453533832081676032, -278296963532642331634222585048854184256
194, 6430913846858872454490980424628568064.000000, 340939960905777917328724428909176320400, -288675479555570544708714040016188844160
195, 2565790360597473478586930383235842048.000000, 345946139334471327014028992550670497856, -354926464422251924292968592323468642368
196, 5584470213552323993811183644755099648.000000, 393431153172169724075893233700135312768, -279733142132194131027345062368601644784
197, 5635349163504625513642961230360477696.000000, 424738161307710228478314522405573547216, -292415733184710714601055998095866966016
198, 2828922840634721452492057875947978752.000000, 352024990659633151916051551923796223936, -405931082705010981661924110526642733696
199, 5096374864206497795194986163337166848.000000, 424652503797059302935913794162921709968, -287602298470087127435034647322498780672
200, 7122282899427495402649399935264358400.000000, 448707444342365324057033385969420838016, -372701585276759689829821717477907839552
201, 7899347791479711093467188310512238592.000000, 423466300098950150802456888223011822464, -363201349602633921172148796124979012736
202, 8580458700319453386205796786094735360.000000, 479873724649232514767370316050130125440, -423541035386693432846570743516362084352
203, 2538939487248164064058347669608726528.000000, 454098176169667345819047613294811271488, -506482025104251399842985448257654151376
204, 369876554651354242704254216116895744.000000, 361172356580475985375489114469470684560, -425278355773274467860186489717132005760
205, 3610942219153987252532480470629220352.000000, 410339849347029116926221178171578910272, -501195046426927653044595636213374471376
206, 2536565116432098043079354415327477760.000000, 426061805846518909255803976729790535040, -332998489674737787178367026010705739520
207, -12107037580750617212239555405545472.000000, 419961613147418517323102477378692334704, -506967740167672178679406413249372964736
208, 4548085359364015212270199381113700352.000000, 396111105403628883837655711560885622320, -476722569771742059952983338622442608704
209, 9112853342752156611280234477191692288.000000, 401903499014749390924053707870177590960, -524059513145878212446150038864969110400
210, 9386007622384301515404704351122358272.000000, 429187651842989888170043362881048241328, -524053642048033091703966839317446448000
211, 9159244943083676655807820427335565312.000000, 388708319340526563771086596634850887360, -458407503193619087518961465789559793864
212, 10824555690201467237280708975493382144.000000, 463391586655523580214292166730154081536, -479511361756618772811843323264646213552
213, 12732698718098334371794865161362210816.000000, 464147844145954585954204259310697035856, -524526113652341563365706639286055990672
214, 13775151878678750150830147272836120576.000000, 473659679661731386359638021307564934736, -504252208721264506924012938706882130816
215, 15118156827369015662046006055691878400.000000, 427066088297840151897247843622125241920, -511749065309915380727149959203574670480
216, 10218736309289728126358045515097047040.000000, 381174860782635290705836715213685600544, -427141322168007947287775870644587665420
217, 16110111807306696306080430809369542656.000000, 451538228424547563099279969505723100992, -474520496193393129524391072870197612572
218, 17829036749186038343583355441480990720.000000, 570887581894716657213453457591617999488, -560145339409106675985124719806642002880
219, 15837678077049228517142253850509443072.000000, 429362057991776083782829314601631336192, -553676339013772711378179986208051936144
220, 21706691916069886813613889758668259328.000000, 602763547423681438457904339703064881792, -474726916374652601331856220650275113712
221, 18740031343014112620250319583751176192.000000, 484411392999234420968157203771470427184, -440292343269341845075188703673630942256
222, 21821482502674665854050144537628639232.000000, 392964387790844654813658741850461640812, -523440808749525700415030771409467814528
227, 4347864064734254893292957222129631232.000000, 369732875239491928670232195414280746216, -540645598588261174781133688632580619704
232, 19153751838890928540161651191570235392.000000, 578347687355378770598344336127739871412, -481089012651735173135820782451434808256
237, 28859113971366293892072404045636042752.000000, 519195086151716454190472102423403707752, -476363974638230611681037942291567907320
242, 16601414551867218749929432239549972480.000000, 434737275877549875508379785555155685208, -556917363568820872651094595022037111928
247, -8291969134634802390417884233825517568.000000, 551643892660491772726108025966861534580, -528744100977016869286788712232544662172
252, -26060364352220264354116513617636491264.000000, 508327451396704373074183266410431985012, -617598062695131105075396931765478508212
257, -46116580254575851822904185679138258944.000000, 551459919517186099329673454088752072372, -576561538451952761390809518202086662240
262, -55933404055062916441138169382357172224.000000, 593736403597268162826671646997022160564, -560017777685515264002604432246567199512
267, -44930413489847474156222940944919429120.000000, 435323833496222565303648021043900629462, -597907975987532612506100994886439048296
272, -35801496492785061999166131504699932672.000000, 474136127324620229598118373156207753451, -582510791781747098934860177552578586792
277, -26832750551207768352241140191232786432.000000, 577231924338553300109844451944736733192, -648442623091661825878940001930096702362
282, -7816458318108500919258337183310807040.000000, 487059042106478176786610373773756815316, -510025349093995301035533419497752569882
287, -2852220188960146716524262682192248832.000000, 505556737620901613998090292242672746360, -458887614919163025440481022559576101206
292, -12149298502931668455232136044378849280.000000, 499640160870486091623096321421794650404, -468585067144148558801869305261014512402
297, -10387996623499790423622581970798641152.000000, 532225016365966063932463745298586305427, -516976853346593317472736072992280848784
302, 20203108526783944156784642197773352960.000000, 594488509734096782641541188150813551116, -547893144376592384961398521623228754962
307, 59958496012093543905675193648091758592.000000, 566935321809148779773279248672409254210, -439489203453315627175540787835144685071
312, 62842614865272008990485377411966828544.000000, 496753202136144261912573167765223084957, -430175462301693495905351280323813383730
317, 40143008095470599716942783135403212800.000000, 574373944989606552471251938684422409213, -479954241637936218139504313175514081016
322, 37614661462438894760207746160270508032.000000, 572569533271060739882255870166107578098, -423699254267864455400911195659575145928
332, 15683583814297343168420733130773626880.000000, 575576568823464340651109609422033656941, -441875356508312853272872555421139280541
342, 8820011973647708610931663511316594688.000000, 453863457967235510987352110485802862335, -504726884926966930806179446276810576923
353, -53232284959527067706152288049455693824.000000, 398960457614159142118889996138454252315, -672805742225067321710762487054009915225
363, -21926062137689389033827606586229522432.000000, 619520390871703833167939163263365149305, -598220494696895621365074950001606520494
373, -27389849623058900864485211427917791232.000000, 613083814053995810165593063541016757497, -592908890238570974662647633115461500275
384, 4287172080335466793036617551353741312.000000, 719657542023414668298378514548260974640, -1157070524935986677529923616120006631119
395, -124754346226783435207133770018952577024.000000, 709063092606657544093263890402340248719, -1398081073461438788780056241555475412540
405, -62829844197818082413841437632912949248.000000, 613397385159926697107185944152102422973, -1348078260742588257646396651914132983159
415, -57056373693132284763213046401657208832.000000, 1407142973053901715770759387426909979275, -1442802604084723491932370080683457936793
425, 1735299054909942141780067178445275136.000000, 706065255595111848348576242537383809081, -1556921099647429163851648321063980188309
450, 155989254273178688700188051746316091392.000000, 1235922196760636413237317072070615963039, -1706899312374677777234082364873993773639
475, 119756346717862270384700908459276632064.000000, 1262348628643040523365041644596151024041, -1635913218414352423459993495175326226143
500, -248081581563073458218036370748517384192.000000, 1114725268052703218546004396510916944557, -1595273637494341331413998419575765150355
525, -214180239420146385986709772058732003328.000000, 1254313256103429037283006191214992697221, -1007711478901484483412096012360998495409
550, 89475598455427341215859167875622240256.000000, 1563452918928206252814056630759863702910, -913905698169214212269751208415133602655
575, 111593838021512541180046803316487749632.000000, 1336645298745123710816211633475150107093, -1016950481804813960975141949607055529557
600, 0.000000, 0, 0
122, 0.000000, 0, 0
123, 0.000000, 0, 0
124, 0.000000, 0, 0
125, 0.000000, 0, 0
126, 0.000000, 0, 0
127, 0.000000, 0, 0
128, 0.000000, 0, 0
129, 0.000000, 0, 0
130, 0.000000, 0, 0
131, 0.000000, 0, 0
132, 0.000000, 0, 0
133, -2380072707366301187702784.000000, 75557863725914323419136, -4835703278458516698824704
134, -2380072707366301187702784.000000, 75557863725914323419136, -4835703278458516698824704
135, -80120850339987118106869760.000000, 4835703278458516698824704, -319911995015521245356621824
136, -63248543251666304487129088.000000, 4835703278458516698824704, -319911995015521245356621824
137, -8048059654364867710899004440051712.000000, 5091995552216818083862413312, -80480601307289828242222693102911488
138, -174817284829351396165812224.000000, 16464530742525018037551104, -1237940039285380274899124224
139, -3299271013142373984404005000839168.000000, 1298074214633706907132624082305024, -80480601307289828242222693102911488
140, -9773775297857378075698717788209152.000000, 19749012189224582198000091136, -332306998946228968225951765070086144
141, -7348026743630971701061874094178304.000000, 1298074214633706907132624082305024, -332306998946228968225951765070086144
142, -9070704441989042403286406605570048.000000, 1298074214633706907132624082305024, -332306998946228968225951765070086144
143, -6250411991989285337380643443572736.000000, 1298074214633706907132624082305024, -332306998946228968225951765070086144
144, -3905731804922970483281752880054272.000000, 1298074214633706907132624082305024, -319929658485600536349737954972794880
145, -4346996489101984966256050187534336.000000, 5192301843455442212762244616290304, -332306998946228968225951765070086144
146, -282916222259294274537272015107129344.000000, 1394509784214048629020182754143240192, -74353691014218731640554455634618089472
147, 959572305117560575330291764166656.000000, 1329227995789522541407846399186305024, -332306998946228963614265334325837824
148, -1046338956605975735716444435906560.000000, 1329227996945487020917092502820880384, -332306998946228968225951765070086144
149, -30579054559626152845915610106822656.000000, 1329227996945487020917092502820880384, -11465261403079637394187332876742164480
150, -347314046811215325881198230919708672.000000, 1394509784214048631326026313112748032, -85070591730234615865844214807895474176
151, -23919099157733776705122042252361728.000000, 1329227996922459581354999395347595264, -11464591132824766718107464277036105728
152, -26169364515361861397040735788728320.000000, 1329227996916241405288680789475590144, -11465261403079637394403505658855948288
153, -265270832462707070306909113102106624.000000, 87209818035951569311703520062700781568, -85070591730234615875048728021310636032
154, 33514165446985079525767061050490880.000000, 87209818035950964848793712745953361920, -74353691014222496473452139613914136576
155, -445036771393230333975226112012189696.000000, 87209818035951569330149138237026729984, -85070591730234766981606851008094273536
156, -220063574337389870950810561250590720.000000, 87209818035950945959327781267372507136, -85071098795435400853411441270577168384
157, -885303028799702657372574120595685376.000000, 87209818035970298360125588645638832128, -85071098795424104062148578936388583424
158, -597776556107755769616720231422492672.000000, 87957508783473514261119757210496008128, -85227880627845576665825716940008593408
159, -785335107931010788380686577303552000.000000, 87957508783618736475204060764847210432, -85070774256840917612126405232311926784
160, -923874232678896130793918737500078080.000000, 120974738140691137863056310294539927552, -85070596945606487906486649922488107648
161, -1054917095799603205811533627040727040.000000, 120980516775838274496064235057522016256, -131640302243984739791184263810640101376
162, -416554306632313882807007977400172544.000000, 121957946574928559237375017107296878656, -90387463148618182979652619273689366528
163, 200268956522541751202339589288099840.000000, 121956668613525441568562663213411598400, -83741323169673038519621392801518845952
164, -573669955340368505575539156369539072.000000, 121956448676146649065085866973309698112, -85070591116487124818159346869595144064
165, -766560086415567150433734753817460736.000000, 402033993448579286746915146985514123264, -172777693864908072143315341711461384192
166, -973218560885836846886130420792950784.000000, 340282447839991413175365555182313324544, -170119236891670165743046173083121549312
167, -654534359976993613715929124982226944.000000, 121956668612911521269410218004200489088, -85107262255468646463249566173466983680
168, -1562604660178035973241764105420800000.000000, 121956668612908973481234551321682329728, -90741174445133399961415868483676209152
169, -2280012965228498283977873987653861376.000000, 121956663888886037363680846592204161152, -117490401487694526422945379922191319040
170, -975506366950059027776274396499410944.000000, 340282366708123515020224019556732371072, -172170083333524331867535808683713756672
171, -3766856019913331939040250714476511232.000000, 125666446399186750406430742040383569920, -232622067500140601370620621120730054656
172, 625980815549034058241438857715253248.000000, 340739016886148035818352069539979001856, -170354159201065524915304203115029532864
173, 1215847741339810312150505008975052800.000000, 340290718198205114051608213598472920576, -170193054753673053192552826680102205632
174, 344107297899874176875646063468347392.000000, 341643045090786026230606241208945836032, -298572717194216205674552162012591079424
175, 583323228635181359918984085469396992.000000, 340282445009444988999073883474364581824, -175483948128041570123558104313175113728
176, 817866782580952042798101331429031936.000000, 423973580876084556958884965593072238592, -245906891881952586381777175258847313920
177, 2819825380154355376820172301864534016.000000, 341585528381892168736713938946732709888, -245937230035290862884586701750933873152
178, 659072217591925942044686494633820160.000000, 340230764530557899627303679799259709440, -245906423939065810602055602741966819328
179, 1345802408977695280934576043849678848.000000, 342052488842502489697074658515433666560, -276435319170213091110462899003488352448
180, 650594111345630761384010408035090432.000000, 342052429857648194490745988343453648896, -276441610714802119181839685463561752208
181, 2588719465313543184074042210273722368.000000, 340619915295957578998319056918163687424, -276443226263972052281301849825412598672
182, 724615274967300315511493070923235328.000000, 340288495874439682062138714163849009600, -279101523799359902001944116203717084944
183, 905253184363065198777673827093577728.000000, 344209741788145198289187087688514365632, -277878486835460013433927777452539317056
184, -661782462788592900889121267212353536.000000, 416012176859057246697185627635709865472, -309664029014174136848462003089992150208
185, 4920644492022813768121259309624459264.000000, 409531905088440811987973862130094275440, -277876988353504783600897839906787396416
186, -216370600642762440434479242271522816.000000, 416043030424080834772092654122638326912, -276540776531382799043189780913049398352
187, 755876142907935865173443029493612544.000000, 340585446750263799625150737212277687312, -279498213531073959565758763010523012544
188, 388495435378129885845923295821561856.000000, 416045584616132574115570618340675063616, -361673055999904409980163470869967826240
189, -432348852381130624714269078096707584.000000, 348048620799400636396927186447771344640, -350935586684320673354985746167243539600
190, 287535628305650007056514242567995392.000000, 340989970044251248965427316615571305792, -341503000050998539777645138226559413568
191, 4118877731492429179735923846006439936.000000, 436547695012442932619548571466489691344, -364042836231805907951832838687416314272
192, 3311607096059676286253079454422138880.000000, 425744842350882961248600222785164052672, -280082741160416188045722191342625337664
193, 5654843674497648951779073070773305344.000000, 353334603501381140136116642680367425280, -274590612563489485297549657205043766720
194, 6159710747083347477455224222257250304.000000, 342855188391087810826982111018250496928, -349232408463770809650857716307153897856
195, 8451547681534778078630760772637032448.000000, 378275944026426728554202636656670219120, -286043827353989470633706334005566745760
196, 6031254916963790582763034819606609920.000000, 342634841634158337565280364853686845024, -292660443348870471926234295940570870976
197, 6871801352953250100593585523963985920.000000, 427156363549353986998441953665188221136, -358908556247056014857565437533891853856
198, 8391678335646404736476942546359025664.000000, 419533408070666270827146504794103943040, -279722752608551530572856089136295331696
199, 4592717151895631010239842088155873280.000000, 364692106049394507697356871388138582336, -389643529016447860625291256174493468688
200, 6526609653856508077551442690234646528.000000, 353177764660981422794300046453243647168, -386897399351919472975559685709741146128
201, 6714503780243848545372410552948621312.000000, 381659215808382511775979679713447394400, -430915115938762669541101828115054467456
202, 283677694380052119605487768210243584.000000, 424612502817019106783234094482092104960, -506521114890080197805475883800938546384
203, 6445307725629207502329675025488019456.000000, 427368594380366542015983475151626256512, -431542508892278364877086360092786986880
204, 7068959414200926264688136212952645632.000000, 447217252661452065809126494610764694144, -510979601149641412622549020767898045312
205, 2027733238508080429966188182824288256.000000, 406020753973361208647561113765959514688, -507633497472080261354602117206447318256
206, 2900283070982534675425117527183720448.000000, 520622009076116625478873427676298529600, -501176577019359070567546525584616438992
207, 5157310716288464085172297785994641408.000000, 437331159818699958509274226506607362432, -505392369262551271934192485839716156288
208, 4698195091475388495400144403276234752.000000, 375449395119988421823987002543538620944, -332866033339296234019070685188066404160
209, 6031091686135002655644902510596980736.000000, 364742580222613649192887175372122185920, -459210955649901864332054962763881783488
210, 4100893471296797620041283115082055680.000000, 364953996308867931556930348261435403136, -498547819780345240219369968488868812288
211, 7629338638937971083728127825813700608.000000, 354985409989913063058389323570195669424, -500811597657797780087786470084490116976
212, 8135217033855531418775078074803290112.000000, 379275801605141649250868450437537483904, -498326744088706382517175394108529493872
213, 11807672736729104847254543875017015296.000000, 393431028115587037689490226407127198000, -511135320129811037707455825828290946944
214, 15574486216836423570951818162540118016.000000, 467273146568775531617615305537359779408, -530728698104061992531207160368337974656
215, 9481785996628163752034294565299027968.000000, 502792456830404278433494195925758040640, -511175480170805742721489203804185193392
216, 15841801203109978415746528406440771584.000000, 401529130982233844312833376880090819536, -530738564249644254860224591661289550736
217, 14894700633870014714416648520294465536.000000, 539099973664930855951090785448229863212, -477186253964743255369095611820644257820
218, 17017456076302893976703705529773457408.000000, 371664531390354647426778869946077963592, -476980161634218461897677969492104974364
219, 14215471792017382652382004116346372096.000000, 429339130387830335790983991141559765760, -507815088471723573429011095351921207632
220, 19629235987456764928811708243582648320.000000, 400273900717460609670874377854457221664, -553433296772642439818703750195197339520
221, 16233923574528639593269720748853821440.000000, 478871655771214388889138385954876350576, -491091222522152309202917702908527915648
222, 15794779525952796510335513211774697472.000000, 484016892873473407182292515399077982768, -553427302550460632548106483984802964936
223, 18910012362807546663650464306160467968.000000, 465996550542269069357305552260391013424, -491471032746746317097774735589504275072
228, 5841284330592407775769637776732979200.000000, 517494651212595920633781814568729753856, -528708920065859740209632214415742003976
233, 18746697125003429842618012340192280576.000000, 612903186668320812061495551380813688948, -524761577677596887834392742549315461952
238, 6403942049221090529208409478152585216.000000, 533400625726985578861547182129679847812, -596400030231285188247816912561790970536
243, 15969782197722900349319949130676568064.000000, 555543913487127714167850623357451283680, -529009659795293510432077211412155167976
248, -11490278572172130942041321291756077056.000000, 532106141756310430858783816145950080520, -559590766625019227832233921937429493000
253, -36494403248099968984927912007798095872.000000, 481759029726153856056682144056663331844, -532527371552344524316045925170044721004
258, -46127015008815089742959811545276612608.000000, 538551789469445773341882304838383892148, -573984539011705933578228978416414799272
263, -40460184863866525926708412439387439104.000000, 594197090644466741000900840458493540020, -609011787650870205978236171084259603528
268, -68629205840257424703023786969752666112.000000, 499761516670703698560709600127306898252, -655493335006625847705742464381272146338
273, -60945605486728883829356673972228325376.000000, 546336252732014448403027055029556285448, -616506366561132837956811568209000756386
278, -24210857192422408578201677626576207872.000000, 570806320738283537459793597328116398136, -650058187742788583896913280109557868442
283, -14843965100059441538980110393331941376.000000, 584014388799516332798124679295463311544, -650543732276042427997214084752205359130
288, -28884259070952553070547202565000396800.000000, 566674745683815303299039580188499415252, -646450236220979676733860216417640183838
293, -5554666382626615178744209287434731520.000000, 499607334050037120138706428967111534884, -608009078420708922249463466130861466827
298, 5632977684314649055693096482120925184.000000, 587421795669859703021617129810640896028, -547548613284821200927431513532715868026
303, 27807954908867595250552098540163694592.000000, 596295421958626356184538980246803212796, -518619495577726981556714654503287290612
308, 61946157267016305568829453812665155584.000000, 583491878070888924777744950132577167995, -474049888855568506158623633241601929193
313, 59467427833901432571214808514356576256.000000, 496746072732543167604030929117693910557, -433466127150198957235607415664169838140
318, 45904340597837310124445737795853484032.000000, 573906709936978254533091489452037852157, -483815054907680848042114610267750798531
323, 38310572798797717070814351239612989440.000000, 595134674916996792257296629758520728317, -484982409532555677872233366674645860709
334, 17711837120996144456477416625551704064.000000, 480683938678458973318279960957440586431, -545216524241447076401414254925230823100
345, -15673187224796311464438227387895775232.000000, 443781959278027503488333978302998067903, -596209637593819261468931734394418819128
355, -32799456032304862882421429069385039872.000000, 468433014177037463426260909502879228683, -573469808407497561494024932927968931958
365, -42285860825943125036630679672305221632.000000, 482841162710124748152338322767095091799, -631852701584128829492475570095943533774
375, -43372128027484755131367910304114540544.000000, 447596862896031579347526802339357410990, -641365519986879800754007322814073081274
385, -74284126962519300121199446531390832640.000000, 511545682503184719804313860839877013570, -1295275591673594946961669381337459913808
395, -75896581792081664464637360735256576000.000000, 742391107189495891415155211684992191469, -1363051257731032728554390611488400286349
405, -28757148423215659644627946201451331584.000000, 851909929538693562238987692642930623300, -1368881248135497551347511560628166075015
415, -35923030756343886465493026421772124160.000000, 722756992000313814893438774774352169353, -1499162990465976968008533717258573594081
425, -4591744481887661828272269994319937536.000000, 470583639540396531913493254283372130551, -1418484739244254049855001662771603170863
450, 146241232821869089476668488083732168704.000000, 814920625465297220192976925655872266674, -1507331305237622106780467359148099565234
475, 32813469530724253601352242440387428352.000000, 1094133233448676250009615594304799969257, -1658394004397039975731351885027744130540
500, -239810392966844053300353965746179538944.000000, 1137949816456004890582170244047128448437, -1121032474943916205267684517086029297987
525, 105625977757114486884230602881650130944.000000, 1329201428185916787929206522865349569415, -896040015327336499822986285657207184957
550, -1711266055902885040607263895282778112.000000, 1286169939908088761310560088887822048459, -1275933962040041700433602815764251319968
575, 86233558818619782393608424117422260224.000000, 1452798522762135709222846633606324058068, -1314068693094947999659238336655761407469
600, 0.000000, 0, 0
122, 0.000000, 0, 0
123, 0.000000, 0, 0
124, 0.000000, 0, 0
125, 0.000000, 0, 0
126, 0.000000, 0, 0
127, 0.000000, 0, 0
128, 0.000000, 0, 0
129, 0.000000, 0, 0
130, 0.000000, 0, 0
131, 0.000000, 0, 0
132, 0.000000, 0, 0
133, 2132148467015644813983744.000000, 4835703278458516698824704, -571406344427227070857216
134, -80120850339987118106869760.000000, 4835703278458516698824704, -319911995015521245356621824
135, -2380072707366301187702784.000000, 75557863725914323419136, -4835703278458516698824704
136, -63248543251666304487129088.000000, 4835703278458516698824704, -319911995015521245356621824
137, 794768572874127776164085760.000000, 5091995552216818083862413312, -319911995015521245356621824
138, -5748614039594373404722746556940288.000000, 5091995552216818083862413312, -80480601307289828242222693102911488
139, -3658208114871902197874997657075712.000000, 19287000644964651175929446400, -80480601307289828242222693102911488
140, -13273854655169441690202376427798528.000000, 1298074214633706907132624082305024, -332306998946228968225951765070086144
141, -8945451418760192653435919344336896.000000, 1298074214633706907132624082305024, -332306998946228968225952039947993088
142, -4530397258559937812183189012086784.000000, 333312879697510068256039399063552, -332306998946228968225951765070086144
143, -48561414021622708134507855216640.000000, 1298074214633706907132624082305024, -5192296858534827645981944885280768
144, -2168051848536287648552670375968768.000000, 1298074214633706907132624082305024, -319929658485600536349737954972794880
145, -4712133751293678850987163570405376.000000, 1348319687054772671563479130308608, -332306998946228968225951765070086144
146, -2335423852362441462062730350428160.000000, 293364772507217761011973042600935424, -332306998946228968225951352753225728
147, -232651091030190505584202961198776320.000000, 1394509784214048629020182754143240192, -74353691014218731640554455634618089472
148, -194644911311779619365255789768867840.000000, 1394509784214048633631868772570628096, -74353691014218769420926344572631515136
149, -29322228181087611954261678721335296.000000, 1329227996945487020917092502820880384, -11465261403079637394187332876742164480
150, -26284198016112284931714369716224000.000000, 1329227996945487020917092502820880384, -11465261403079637394187332876742164480
151, -25096661498541445057789464999362560.000000, 1329227996922459581354999395347595264, -11465261403079637394475563252893876224
152, -314191595087957255500612043653775360.000000, 87209818035950964848793712748100845568, -85070591730234615875106993341489741824
153, -407658970887013794020917796916953088.000000, 87209818035950964848793712748113428480, -85070591730234615872797491157578809344
154, -249066013028500136886006142195466240.000000, 87209818035951569330150264136936718336, -85070591730234615868131198993669554176
155, 136203291008501925680485435680227328.000000, 86399819726019578957947531534090108928, -85070753989520499033606340225231224832
156, -587925966610131727666990323773472768.000000, 87209818035951569330148012334978695168, -85070591730234766967557871970512011264
157, -756148333002390841511794435780771840.000000, 120974738144249584977809572876116295680, -85070591730234766967792059151135277056
158, -936139371909558749794643761021583360.000000, 120974738144502239848784725391904866304, -112652072643871745694364556617796878336
159, -505520919554479763643911260711419904.000000, 87957508783541724104147923117555843008, -85070596945606488080640756858491503104
160, -172026259251231059485289172808237056.000000, 120980516812611077285142701983510560768, -85136793515253563749176661516318932992
161, -238308327925935062719147955128893440.000000, 120980516771759045474518911397257674752, -85136793515107152683548761009039605760
162, -522296310507080025830347892596932608.000000, 121956668613525441568856523090708398016, -83741323169692394647809921216474513408
163, -148979567540062592111083525704253440.000000, 340282366913196358447434189682669240448, -131640282082979452017362068858462126080
164, 198122306660180294898632770390589440.000000, 340282366922790435939007728440460623872, -131718257806585597644476718474263101440
165, -440662815758441709750667521046872064.000000, 402033993448521429271937027984521609216, -171365264821596005048554778518901424128
166, -240594241866187249048699152520708096.000000, 340282448049280584431816329523456032768, -172777676474325649961443280323757539328
167, -1918448684351296371809593996842369024.000000, 121956668612912097175403543361942388864, -85075621280822801270566263434458169344
168, -797115858995989906612903710686183424.000000, 340282447837783707718627810281161687104, -172373830625026751850317205172014481408
169, -160134680836151048049810019002089472.000000, 340282725666505510618804344394054696960, -170545514503396043183375615636313940416
170, -2350864360532365922258492967012532224.000000, 125666438208394089299508460156709748736, -172170076359281948681502015678117313792
171, -950340785558948589519155280549511168.000000, 340739635398223701146067642046261035008, -170359270195067475068716590502742692032
172, 851306514476163392635587588211605504.000000, 401675846408608757299870300650700095488, -170187862454876037439247704662411350208
173, -940574375835910804666671461325340672.000000, 340313813384465469474816368622069436416, -172697664457506593262779435284103691008
174, 1247108955015516674919154894315192320.000000, 393700486403683539560584436833205372416, -170307059551270986959019263297663072128
175, 456215188988453698545586084285251584.000000, 340282443477621220851295587518355457920, -175447772638756690457871279622339723264
176, 1918897640097832498463270894651310080.000000, 393700454042090758978225365018885127680, -245943257252760941778016171486216064512
177, 1471152649452656866277632960318406656.000000, 380873940560859424741698647344064235136, -274597205132593299222228741467040823488
178, 530026661992561241115501158813663232.000000, 356352904293604621578310011136285476864, -245885473502431367480317938696467524608
179, 15749632618374613927438909603577856.000000, 341684914335679673311894987140119450656, -276099558133659231896700246006626591104
180, 1812468410817362123906286694388727808.000000, 342052589464224007989316885087547627520, -276442946119058293058584176170618506128
181, 1644172244940210620431721465458458624.000000, 341928991874793476132919935040781129728, -274595259163454780053762319099233553808
182, 2086311246772441772024380770563915776.000000, 422622738240282070344729528291186808576, -277877755117747535092030652009085659968
183, -348164490164634014643097390223982592.000000, 417865713710062669898617388858888550336, -352225520280228086788015791260859329216
184, -824140217019248058094916500059062272.000000, 417894131929705916527378882813675699072, -309692436942614721670841750177488046784
185, 5004128597232552396786842913887748096.000000, 420986315781534914426934084310751857600, -278365942879466053908102124500475382592
186, 1337900331548559281776769284714790912.000000, 421983233362043050540569582428217464832, -278545577545037143024664438120094131776
187, 2228829130797436969488811700879622144.000000, 448470031170714134139623464712895513024, -277908813984329039823310997648701911872
188, 1716020463250129235347574129711644672.000000, 448794449677750684059030525532003942912, -277993391963339826870705394729924490048
189, -2309663121382580511474259887386525696.000000, 341072700663044446647712316829363172032, -353533599841033365915813799627199920960
190, 3856072631319212335648905709989396480.000000, 379519177092963887100531422966143023456, -353769564174129567987540843189864313136
191, 535295736691709658676914195611516928.000000, 340494593670120326479011245092043518464, -344579191362389648910645572619703381120
192, 3331009391409049502208928990470602752.000000, 352843981257051297837626327883189684608, -274331031226017574240008464881038666496
193, 4044574035449437424773837791736889344.000000, 342447376782379335623005199306524836608, -343552167950840782980437124148451953968
194, 6470855671923471482824957195930566656.000000, 384536728872072063574946556297345768960, -229541723481695153653666241979760630096
195, 4189749857564916764223323375472214016.000000, 347003488648834928631144629637536050288, -343193159115427027661823910589579905824
196, 2961910860470184950069344954331693056.000000, 393192488159527423543145329602783944176, -404830650148849638807558890939033488752
197, 5928700272465686639315011076374921216.000000, 423829237208222770457251602533424533648, -346098829578522927297855856803146377344
198, 3929408181162508743821665793157890048.000000, 413469502605244283113133939560004191808, -398186401554711618844392639080069240000
199, 7356154901654404376161984650676273152.000000, 425502605760612225272549083377666744448, -293928741295656360986918281428751412416
200, 3027609145991093269254036068461707264.000000, 337502689904314004445757156672770307968, -386367807071336452742549499175453155344
201, -1159353448937340184519652781009666048.000000, 331796072146908554485137084775581902928, -506482153298484195027780619845611622720
202, 949351667185232641416624946901155840.000000, 281877162859865673715478645626966993120, -510126644964131593125367965556712052928
203, 2218983781291500544229081838629421056.000000, 435419703654377994134589991319463664128, -506480315275520456881104526887424882880
204, 2720952288520226723176776583352418304.000000, 511129231651965934023741383160193616448, -501197234636163200268417372520469843152
205, 7070575255430596981413413915243577344.000000, 361157720286169914097117972657253126000, -513319615291171192081712019576759452544
206, 6144965665587603344640468175787393024.000000, 342260902997397375832431205086660326624, -423435203693821137134834547780085269376
207, 5274086321285103518200687526976421888.000000, 410841536915975107834301082929684150336, -389087751228394343705979248970092551760
208, 5493567855925032667641234905190367232.000000, 391053859392546608924732283915835006128, -505556319523214635887511368407872951168
209, 5006961670494174944403003100631138304.000000, 365871431613931046941067078545559255056, -524058848771682389285540570636304388992
210, 2414907184681680433048043597552680960.000000, 405235751674591023463092324369590544848, -425096127788335381487318837828729483584
211, 7030768779833475728279281507112058880.000000, 370830112239459937761598065213345434208, -502507285732447837791092185456113301360
212, 9468891053478357547878770093431193600.000000, 406535453386350619272653498044551091536, -530063773518999810651165307013088242560
213, 17412396721426699839751384759613259776.000000, 391686825692067486103053687542991145264, -530040369836236083206571949707358480256
214, 13789354180205564726917918388727578624.000000, 365940169676440009344354911436897365120, -524439821024641445621803632689361630096
215, 13127900053794045115301902336332398592.000000, 512359572187971275896837201120597075520, -511248252838733480989270584088844787888
216, 19045181685179358011254647858822905856.000000, 481541448283011474992808564837743240528, -437862779292246575412355777863340073936
217, 14427460227843984883582736532882063360.000000, 473185668567590743591801898621409819968, -474490823465539126545321973698550054940
218, 13619078516869384202787107025348198400.000000, 399278576408828752838046502701325577216, -552882282801343564211434444961135635392
219, 16335151923739272596512756903046021120.000000, 468002449779134163668355090141101021296, -518049102973972658440031313129619157568
220, 18167822287205846589377740933345312768.000000, 427909472687271725923848783939167266892, -504085763651268085132088569211793796672
221, 21421331685009362556952721385683156992.000000, 420727900408110122468304223431479833264, -555999603558815768068003988333205023056
222, 16634707361375035483360021136747266048.000000, 385631441745798116043560617427371123480, -552806337842220370511112844863644461448
223, 16949394945329012235459030703224651776.000000, 385627262017412468720773441621934268696, -507446975831257661608151151384093368424
228, 8408883378468874488384433499863515136.000000, 516245143136024887920056770042714105408, -537842117911281884509001803460427598696
233, 3236792190657203147048511290396901376.000000, 357734866175825740879388060700792471116, -513106464428274928232881915680330583336
238, 4986660160050065479307469015683694592.000000, 540234526434743568948937824708227059972, -596359131739577115744675255716275500712
243, 12928429129640599551213936401893556224.000000, 591841712460172375948873484870063929744, -532170952924074936474898358971004254256
248, -14784388116781026569660586044961062912.000000, 593563439075083906716801151840385891848, -635443526864997447132314167555411493016
253, -40534769071467528737190497298572902400.000000, 480140349845438087083498204638962307844, -538902012944332806663450864778177356168
258, -50412373623175576775276833639382384640.000000, 551690634462849387690839897475707238068, -573876986341063641004268088239658976680
263, -51489998604016998049983792625139843072.000000, 572597183612515592911041477322225891084, -596007210390471914264364283704083558444
268, -60357034239349400098099250090643292160.000000, 413932463868917030669559810497171217876, -612247866189949329432695202199551884790
273, -46515601312368080546810052268118769664.000000, 548913917158939984268943423341743282848, -582689193267979204388224364981291377436
278, -34220719074129785339137444857927172096.000000, 514132724113796773486354092077480342179, -530093816081937517421929545213662070580
283, -15636794543705884731770532050598100992.000000, 535542790945395916654245053101073848308, -647309684220295270111482397226118604826
288, -21739233833048510054202431952671211520.000000, 450739657401893921933377541527281646224, -463740500103358976731619863078241530040
293, -13642954271894033069723943649358643200.000000, 542058121570896560307951704370172683021, -502629739200757087690762828115751500052
298, -6247131657431106161341346474348249088.000000, 539715260567824124901921086670462666943, -563564012403151758807246876057897518408
303, 31759630017146479802697895563778588672.000000, 572834448979127556375057154350953164980, -486434226360475762019048865854116926024
308, 57955299426773182773214396535378280448.000000, 594483540985971587337293104082577265403, -523896821544076040837522978198893376926
313, 55685020427049263792539238266352697344.000000, 488023838871083392701169746405625506774, -433353923913557096518158792220154883660
318, 58773774500765464576586553191546486784.000000, 586684493106975177412335091456883301460, -437286887917755934519529167152368550712
323, 35457774105554295543062927710493868032.000000, 586977120084408563573321452183307539394, -531815527622889074994550193715351211257
334, 15563215323195662029328394935641047040.000000, 515763282390624740049833924592870097775, -523866184429249189926078937546014094988
345, -6661220875583073715703099166029774848.000000, 476548073272990281708316544623997858075, -513592524035222736617286229518332652168
355, -57538873408944510611221980721593712640.000000, 399007777801143531910046676858763701659, -601970982942012723002620015137102020654
365, -45049926113411846439494509292469354496.000000, 463030216064019077568767603385803433197, -561092266913725118322275920224133324858
375, -50061972854177280696442095750548029440.000000, 490795550846370693454951864414605308534, -613189639130576241535034730080942304458
385, -71449747121884628509685160162728345600.000000, 491205112038261074307907363818034529856, -1305985402384324306895734272581261493584
395, -88554605993831413112324859316821557248.000000, 652594299610367905694336923653827016667, -1454246244873751724155029021490290883171
405, -37188535778517733079476656767372361728.000000, 866567718179102503277640991567376988229, -1440981584737582645670307984643922848705
415, -51641758945711559422990158766337425408.000000, 625055539830415140312527239172255284059, -1348183950085575274041990446082441497388
425, -16768161841516486793930874551212703744.000000, 605456659913059976882848089305735747207, -1409065564632705677870824948956502431608
450, 123740114028190422970971264777896067072.000000, 642106203203812322965987854823121881471, -1479024109885743886379981238067144433840
475, 122424058042952646244062980598963109888.000000, 986040931166270144090930131572146090600, -1538341067676190318832988229135580259918
500, -224136667896887124694309688405525528576.000000, 1143862068845211153904847021172487939917, -1239194944386654443806866097277350136597
525, 295763581379553384682116950896978952192.000000, 1368081837225870131469972504156167685962, -1065791954463242543412377780160813335270
550, -6029663680738316642505166456761614336.000000, 1368730643514048327506192205360591237405, -1082667742681083507522565524655756890492
575, 112259439721206294960421802879389532160.000000, 1514215072344102786497816381276699564984, -1079568385163549591737507902876820486503
600, 0.000000, 0, 0
121, 0.000000, 0, 0
122, 0.000000, 0, 0
123, 0.000000, 0, 0
124, 0.000000, 0, 0
125, 0.000000, 0, 0
126, 0.000000, 0, 0
127, 0.000000, 0, 0
128, 0.000000, 0, 0
129, 0.000000, 0, 0
130, 0.000000, 0, 0
131, 0.000000, 0, 0
132, 0.000000, 0, 0
133, -2380072707366301187702784.000000, 75557863725914323419136, -4835703278458516698824704
134, -80120850339987118106869760.000000, 4835703278458516698824704, -319911995015521245356621824
135, 795958805993081137952456704.000000, 5091995552216818083862413312, -319911995015521245356621824
136, -9671406556917033397649408.000000, 0, -19342813113834066795298816
137, -7248832551204905403023360.000000, 18889465931478580854784, -19342813113834066795298816
138, -6190815119377273586039223912235008.000000, 5091995552216818083862413312, -80480601307289828242222693102911488
139, -3599204741969513771526691808608256.000000, 1298074214633706907132624082305024, -80480601307289828242222693102911488
140, -10828670902755272530762674437357568.000000, 1298074214633706907132624082305024, -332306998946228968225951765070086144
141, -6750012631599546304683205575311360.000000, 19807040628566084398385987584, -332306998946228968225951765070086144
142, -9070719909022461600943846862094336.000000, 1298074214633706907132624082305024, -332306998946228968225951765070086144
143, -5861863270841458100732380640706560.000000, 12364183633890906854652182205038592, -332306998946228968225951765070086144
144, -2519517502155367690172997520326656.000000, 1298074214633706907132624082305024, -319929658485600536349737954972794880
145, -4671028238856053111339240965275648.000000, 1298074214633706907132624082305024, -332306998946228968225951765070086144
146, -4514501459035176166669132008259584.000000, 293364772507217761011973042600935424, -332306998946228968225951765070086144
147, -132945435366579599560813620232192.000000, 1329227996945484659733851067998273536, -332306998946228968225951765070086144
148, -172082500065589758109309879713792.000000, 1329227996945487020917092502820880384, -332306998946228968514182141221797888
149, -24658319525507099367066895724314624.000000, 1329227996945487020917092502820880384, -11465261403079637394187332876742164480
150, -345586644692142593925929358166327296.000000, 1394509784214048631326026313112748032, -85070591730234615865844214807895474176
151, -25803711605352473506898495731138560.000000, 1329227996922459581354999395347595264, -11464591132824766717819233900884393984
152, -15773951603707266465964201345024000.000000, 5005374171472831319769353890151006208, -11464591132824728939175601319874396160
153, -155257392642001576307368029914660864.000000, 5005374171472831319769353890151006208, -74353691014222496473447636014286766080
154, -377755318438399990521564379941437440.000000, 87209818035950964848793712748113428480, -85070591730234615872796928207625388032
155, 103209745178727525259881569698447360.000000, 87209818035950964848793712745953361920, -74353691014223595714914607865538805760
156, -454100647039101598826960181274869760.000000, 120974738139994173190183793662948802560, -85070591730295307701429926006519824384
157, -401893026509716707736735437578829824.000000, 87209818035970307805146784761080971264, -85071098795428960831320609621987819520
158, -734206862037663832499697332076412928.000000, 87957508783850850251010339715639148480, -85071098795427751838343251310049230848
159, -474564139994649232091433431946231808.000000, 87957508783850925808840007157815181248, -85070774276875198448978802258951274496
160, -379537093148279450602512437028585472.000000, 120974738145889361778774409066800480256, -85136793515257851639478067211271143424
161, -639634200519444190437387978227580928.000000, 120974738145801044162047825945393496064, -85070419410144097998745520076244844544
162, -691555058072954674864181131463360512.000000, 116972064576573145169456133978078576128, -90387422583740923343928594004757708800
163, -696859817273687834700262164083507200.000000, 121956668613506142733595149330346672192, -85070601952398052869798626543928279040
164, -233842940772950799247605837510737920.000000, 121956668613525486426675195888416587904, -85085416824267365390041900551893944320
165, -594450159772474290555124420205084672.000000, 402033993444865537193480214188585566208, -172777693885851082132268372397123502080
166, -1518101273259843553015854144935690240.000000, 121956668612880059737989101480736981120, -85107267417329702198576809249103412736
167, -1222888212290042848796042589487759360.000000, 340282448048720086761702431070927110144, -172373830595527214152874297988726849536
168, -1402254568493582089401273096679194624.000000, 121956662621235070004798539492071899264, -90741174442434938950563967408033300480
169, -712264292065413541725557752814632960.000000, 340365800158726324609798214849780383744, -170359290366016524456000527554964562368
170, -1464334662222032136475371044180328448.000000, 123851877249026759570410063948419662336, -119630803803776760304871131921556439040
171, -3430715495470713238094207918939308032.000000, 340276488526559905898366790354288558336, -232622067500082734908492867203448209408
172, 623623078373031842902926591468240896.000000, 340736633601622298164592678880394289152, -170193054751843179221248129983279929472
173, -2102329177033198069268526729579724800.000000, 340282363746842115907661927098348963712, -297728271755986962967656296890086096896
174, -663720104513140180574163669260173312.000000, 341113610837545777633669797606312244736, -297715979182411006256297765590142844928
175, 1625910819574516889822169132320161792.000000, 393700486510937315480778681730226337408, -245942746117616487254158456218247560704
176, -550000146714994046391857638356811776.000000, 390159868101490841693919971256148590592, -245906424434546801311260283250273492480
177, 1842874544663003089101583525951307776.000000, 424055684071698128450499495457606221824, -303055767185916272684889540792604589632
178, 1102066167555105976196472358224003072.000000, 348366664947318477400600213524806838272, -245865394000744269775136072122215979520
179, -347845971755428616094958548519223296.000000, 340895467882336564897362162889445429248, -276453168614721213163144289542962759040
180, -3228441739046574674043501298057216.000000, 341498660897872890139104282329295378432, -276454629898397292107943183527750485056
181, 2082669470513523244900611107424567296.000000, 345758624762438386037903799254787393536, -279101400358792279730063750932959447440
182, 177321875810545529000712292504961024.000000, 341064069103702491329345484559360989184, -276453471928162292190977076656662726944
183, 2787444100296804653291163448231591936.000000, 345562882998663055323760146177860981248, -276508347253635547909807029995561533856
184, -331450206883812196333823267295985664.000000, 417824814320532245936670248361386833792, -312940799455322685345125959958804501184
185, -1794160121716831485546154304531857408.000000, 416011877670398197350370738886141691392, -312938200807654198276414525502634458816
186, 1788335773220302322551883481353289728.000000, 423519833240023623137590424834769201152, -276428868815613126948303862661705102080
187, -1147230768144409117856031502678097920.000000, 416074655136996683028097917965053425984, -382518076441527414638435238207105679232
188, 1126168742910626009958124207726395392.000000, 348039250425151520115640350681941849856, -352795083071562712856848846527259638704
189, -194158013345243495438050173122510848.000000, 418535447131574005438965362478566912832, -353392520605658485476604735475746448304
190, -2521909948940399003020930481628643328.000000, 339541655059309179184941734661409542592, -361641069848144480115764131325740115072
191, 3188144639419029277968435479603838976.000000, 436439071765797569508198633324193932496, -364318738312626267841256844567176071360
192, 2773255392961454914039899864669618176.000000, 352843763569233217211857210738089395584, -342094875417941030718711036145873143104
193, 4457968072441364795721936478777901056.000000, 337271175692864258145754277883424990144, -258687204920229720306884586742934093472
194, 8917483008123610860438184661786558464.000000, 339425630351989038419494067936559778048, -170115148648579905399028360273529744384
195, 3541373863024040581818467796543078400.000000, 345940531904557064328414935413491134912, -354778279316927352792895730297608678720
196, 4009685253145693375924605722189365248.000000, 375642805970156245792702831855420622752, -356108967050986789489353187477919013184
197, 5544432263276578302340132478788829184.000000, 406336636422281248231243167057199482576, -279223029334921965367979844892947089264
198, 8028051801166427006652576457746808832.000000, 424200679285212618113195024065473973248, -340658184923678826878663708665318152512
199, 4350368045466373022873578851992076288.000000, 407064395404414249683061542520161920800, -339588630160963559455773828951356526528
200, 8560010402865149060279735147206541312.000000, 424769039305402448571654930224428550160, -372693984409075763542576906193355207968
201, 2965168652746677758464758782997037056.000000, 372531901328512151303997302032373716928, -510183310760150199744290973562695535936
202, 6577756793573070088719236634568032256.000000, 424837796215924743422628173105527672688, -440260477063895389044197264349801272704
203, 9485361537820531017368577070247968768.000000, 424797238972889437767722428171626192368, -431478887686152459132659974200100131200
204, 5465369960398333320010608181044576256.000000, 367040507927203465022836897580518339632, -427017736110147860252812286414194183552
205, 5178180430509544230000855826913296384.000000, 392663988985044966550695188162251511232, -501202538124358659197816421491619851472
206, 4742820105537388546258974487833739264.000000, 392666211839023636645568786052489261504, -413902694136105832485471503470248113536
207, 11391647577580426937601121176508170240.000000, 450372283634965497154005442528351321984, -505307165808370148740556412563891147648
208, 5669925100197049506892319127328784384.000000, 338064656272472524170397478959074614640, -512601899464072304247136668016825602944
209, 2284987709153923384275638815129862144.000000, 364681098678208457768298428406917093424, -524082115872021203895410828312273195904
210, 6101233292135812640443755130278379520.000000, 492376185625426018069697687065359421664, -524084166327164273991321782606773326720
211, 9544100909587397552069057369853657088.000000, 426769381472029538404780992662789178112, -498542030332308705576659677278627389360
212, 6080504458540412188342806534659506176.000000, 373393033177075227792164333973456837760, -505966957404738429953973551052057614256
213, 12530541215410801629905717481550381056.000000, 427101269474326611956135405042065193504, -514636714394738353032765361063608934320
214, 11689821928285774602801390160080535552.000000, 417875814159834289678032758547153885696, -511654112697005680812968103043910124464
215, 11815184361582443393072457578346184704.000000, 502881461616222735382502843971568065088, -511248049354883014081377996139370246064
216, 19751052627980680685078747839704596480.000000, 376056157229244990624107796188588243328, -481800063369194123727202514480039775488
217, 21035992890400925426259981336519376896.000000, 403524935059459759062043949983742632400, -484830210136674417491982494906357238016
218, 14238457215386781763894407732580581376.000000, 457098869474524527224430442735720405280, -476815493753934548565880292601131429212
219, 18678618184423500426570029770467180544.000000, 602929045555192255054685667914950517376, -510108467777020733947222468517931456848
220, 15478556618349314107218006606111309824.000000, 473079583400792520223888632638395772144, -532410027097921368365554613839641500224
221, 19963264443720516910484812558164295680.000000, 421122097275653131575059702048218136256, -508148215809247737708037361214682696080
222, 20933852711660645896243248882155257856.000000, 385604012757601278165775500158289580312, -513511367312869980379117252413266487680
227, 8608093542998520331799606758605848576.000000, 386334083936809828976172746404092007736, -562929216832310082036409173650522441640
232, 15659406075833071137086596137055420416.000000, 604949951382154217167506357175351230644, -537358007577847905314759438123404919376
237, 9968764447621793418712837003830886400.000000, 540586278433176479127792178847016636740, -481283590830404533386860684233644320304
242, 18900806749077448146824879784809463808.000000, 600953576452005649098564192692754250192, -538252973460593268810296804273773032272
247, -2498373744110040160873957588755021824.000000, 549282241355241353955062375671311677840, -528897572541025022478208733144223122076
252, -34830833905547812330594936905608986624.000000, 544964614924182858027794000014274875764, -609129436665386058732759318415150368164
257, -47322985706912187784127423416673239040.000000, 516298555353088766611459284798264294732, -561310244493790734216107004111219586298
262, -51136879748186685518786663839105548288.000000, 544336936889466394273029047037967864968, -532404891569164447086784160104707864419
267, -49848684682919384224405743557144477696.000000, 593706515469767105861687069747409979352, -657074948818047503665644861967544831394
272, -57677098902817207879561280338492653568.000000, 557070676139622760694981532451185299496, -681377083151654027757547985283467438220
277, -37720248104104625953097600879898394624.000000, 611116959004729262420550437652059348372, -508876192634399458286910379597169097038
282, -5892041555389161071983531768447762432.000000, 493650430176936489603394893279886487756, -650522164354088240240668560094569097498
287, -15569916283187061211115008396196052992.000000, 527466785422867032450977294610559307988, -573583591886169038627121604696964768760
292, -8604079534488088403731082608793092096.000000, 542729280803800871653416211750871113229, -523526322057878358360365435918336489024
297, -18782538841069307312496001416108703744.000000, 473030823917436678840779623817084892884, -551871116534112184835553538250411066696
302, 23032865421214301967016829930635788288.000000, 590660809090807764927622553009238056988, -556157542783573201659002023127329329576
307, 62430804601189966724646429802604003328.000000, 560270663104861236560876489886887031604, -504817968869918205918239535051269363918
312, 63635137673912959271069005139771654144.000000, 545678979652813902430529452013528809677, -386661282125415650509984759748510210764
317, 63842069513807363240399871375396831232.000000, 552561338649357661275714638221242504578, -453769612062112701454195375135554935856
322, 39331017680091715332119766715250769920.000000, 564327834042524990636528639011985937346, -445083738237645634703824463149555914368
332, 14162411033962895037231986137980993536.000000, 573775490872899157914658488985205114735, -455646827205546230488104498803854125176
342, 4743681122122428824734093600347914240.000000, 454112600112465999678717063388004693759, -512327483511061356207082156646486315284
353, -56249891457358096756344353513254420480.000000, 407399462276590741906565305897118945691, -673387938820403531227597809412189992793
363, -34698525310064919173066972710333054976.000000, 479347274813578215288863970449043763800, -637365766569544957596880569047518410998
373, -36023786529133449246002582353956831232.000000, 463877798592139911448931587853355815605, -611126366141649667160967978416602507634
384, -41031090846712936285981041696750698496.000000, 434432643134015942704305278208357599486, -1165663612664707149259374999505924492089
395, -74903016143946846494218226398148952064.000000, 753728985317743284800491865002808615557, -1368471848977044922590922879491972891517
405, -49238060932246197986278647516553543680.000000, 664409915348304667440089591084588113561, -1403656780963972903281020564794185820030
415, -88153647825089818457758489998029488128.000000, 612450247853659997519218274403322884784, -1498322234056832131791560720254736911055
425, 26875944024336482299584004962299936768.000000, 666821466179350737825148305871526684188, -1521061897096927174147952816517584309669
450, 165465077942814650130930295391842729984.000000, 998663708195685619602030890250025506113, -1662326446760870922891706010738728292096
475, 118949906806553920702387950270568988672.000000, 1245445648719986769856448834695207042745, -1620143526014519981661060362984485061464
500, -211353107193792613095928400745097854976.000000, 1045365624330944578581988632875870028669, -1139204633002769309955869293132597042645
525, 107047163806911872045043426715571847168.000000, 1253242140088658421446297251669927143789, -1025515712144393997561643225883066475783
550, 60857251118013028607638373525734031360.000000, 1329590837167795725728004350430215267831, -1137931458668461954238196756091289737085
575, 98726267797509006015256512703364071424.000000, 1423290262873110344547713685823067486935, -1254969128758831881855174275814576801910
600, 0.000000, 0, 0
122, 0.000000, 0, 0
123, 0.000000, 0, 0
124, 0.000000, 0, 0
125, 0.000000, 0, 0
126, 0.000000, 0, 0
127, 0.000000, 0, 0
128, 0.000000, 0, 0
129, 0.000000, 0, 0
130, 0.000000, 0, 0
131, 0.000000, 0, 0
132, 0.000000, 0, 0
133, 8270044303125466180485120.000000, 16464530742525018037551104, 0
134, -2380072707366301187702784.000000, 75557863725914323419136, -4835703278458516698824704
135, -63248543251666304487129088.000000, 4835703278458516698824704, -319911995015521245356621824
136, -7239387818239166112595968.000000, 56668397794435742564352, -19342813113834066795298816
137, 41909253896857357897943440710172672.000000, 293364772507217761011973042600935424, -319911995015521245356621824
138, -6706716480545764080118604463341568.000000, 5091995552216818083862413312, -80480601307289828242222693102911488
139, -15824208788395845390885376900464640.000000, 19287000644964651175929446400, -332306998946228968225951765070086144
140, -13273854655169937446449357371998208.000000, 1298074214633706907132624082305024, -332306998946228968225951765070086144
141, -6515907474913575693654996176338944.000000, 19749012189224582198000091136, -332306998946228968225951765070086144
142, -10189010560300578280731675388280832.000000, 1298074214633706907132624082305024, -332306998946228968225951765070086144
143, -54827798426293349161144953077760.000000, 1298074214633706907132624082305024, -5192296858534827627967546375798784
144, -5833528882350103437819422032527360.000000, 1298074292004959362468891263500288, -332306998946228968225951765070086144
145, 2206850909342331852311506567823360.000000, 1394509784214048629020182754143240192, -332306998946228968225951765070086144
146, -5725266789686089180544261962072064.000000, 1811611933517035106139470691303424, -332306998946228968225951765070086144
147, -145726726546036559033943415848960.000000, 1329227995789522541407846399186305024, -332306998946228968225951765070086144
148, -201027417668148129632271134374232064.000000, 1394509784214048624408496735715852288, -74353691014218769420926344572631515136
149, -26981947690677864421414150491602944.000000, 1329227996945487020917092502820880384, -11465261403079637394187332876742164480
150, -348311303384133967398183609978322944.000000, 1394509784214048629020183303899054080, -85070591730234615865844214807895474176
151, -503030478528784788519483064228773888.000000, 1394509784214048628443720352572375040, -85070591730234615865843651857942052864
152, -15255791438649336714520813262340096.000000, 5005374171472831319769353890151006208, -11464591132824728939175601319874396160
153, -360308875573083175207869365054603264.000000, 87209818035950964848793712748109234176, -85070591730234615868113184595160072192
154, 68527569288590800995587950341259264.000000, 85070591727758112434607233838719434752, -71967526291121339537807878322152013824
155, -481732513225471834623367205405851648.000000, 87209818035951569330153641834525491200, -85070591730234615872797491157578809344
156, -383565438962378613139090988001656832.000000, 87209818035950964848793712745953361920, -85070753994472259190747865722878427136
157, -582215551983891070791660664543772672.000000, 87209818035970307804858554384929259520, -85071098795424104025253470108832235520
158, -788930490565592732189001571966648320.000000, 87957508783850774693154495100128853952, -85071098795424125127753916262373392384
159, -985521693009718309467885901570899968.000000, 87957508783541365241188994646915416000, -85070774276875302341038889917332324352
160, -115789141440487465118938384813785088.000000, 120974738145889476386100861120729055232, -85070596945606488117471194558514070016
161, -675022220824978128466537673088040960.000000, 121956668613304186893509481113132204096, -90387422583740921243204277942974676992
162, -394159986177399005434344837658705920.000000, 120975324476254522783260496800400408576, -131640261760878830918888111172110057472
163, -209568876710418895127550452196966400.000000, 121956668613439651807175276450404892736, -85070591116332215647134391826076667776
164, -519184705140606934317581647231320064.000000, 121956668613525788370400748851739230272, -90553657686685689629576698552658165760
165, -11082928891923524832397977379143680.000000, 402033993444787101831257034470853623808, -172777693885855523639007096141435174912
166, -507331898360132739000579296730284032.000000, 402033993444865610674923232740667211776, -172777692881982708121676138813797236736
167, -1138528849815595015400064434544050176.000000, 340282448048641248179236101855990956032, -172777677661571528334233801956700258304
168, -1192259973176790588953977327955476480.000000, 121956663888885536973739177070364000384, -90741174442377627010719196343419600896
169, 575176866021301607582600795988688896.000000, 340282447837639915492147965258217209856, -170359290405550392799704687984670337216
170, -844374076306139997284954468845092864.000000, 340282725664816627714738467557334646784, -170359290401256411269903750285163931776
171, -3595040710295477949581383870162403328.000000, 125666438208369891844290968463452389376, -232622067500081407021503098437442240512
172, -2467810797731959861273607780027072512.000000, 340282364299473376153395134847253868672, -232605772485423352174219322884234428416
173, 1931097603942230094319419352221220864.000000, 401675846371622712639670596334773358080, -170306732006459690206476522377108059904
174, 789304197180646150271781108413628416.000000, 341113610802249207013521517164965983744, -297715569229200140288021173319151943680
175, 675024759906222366432146191816851456.000000, 340770317786139568622563471421501064704, -298570468616648215072799498520584043520
176, -1602131182053588108151642204250570752.000000, 340282444101837692621030873096960283584, -303080279905926248820536285915087929408
177, 922676077620429073594105467917828096.000000, 340277265879927294500333059445905888448, -180763950268944738876853109397664493568
178, 2306127428568620085778364928960233472.000000, 340535056949242958589644699723865531328, -245936906885300338652130888144458149376
179, -439194659028299830457606822147653632.000000, 341119318251533846478844365348155679936, -276433655059646196746363102241977809088
180, 1422650060666207895685330120394932224.000000, 344227085364486799697560892548815783168, -276100740726691724285083575087892611232
181, -1492658375553971478494866135761027072.000000, 342994301650963181879136148692330420224, -276453186669726632460088115436430641568
182, 1470985096272281119725452538637451264.000000, 422622744946049039543528645710276235008, -277876501547404316064918669894587460416
183, 892880987324637015773232067646586880.000000, 416037237266467236300239884061697737280, -280466454417188755894337650042289623680
184, 222657496655686314294401451459346432.000000, 417863766100177500496476600377746389888, -277107824319785597598426940670056763728
185, 877824214914744638032121833071837184.000000, 416037863486117117800660133416676476416, -274133774734885218659160923078899422992
186, 3785788100123740880291533975183163392.000000, 339892921217852733687745468868553389888, -278365920995016941177999492426917054272
187, -560713457551515263106380929293090816.000000, 416043038037472831640832584981573439616, -338335464623811468453531881752063865088
188, 1372062353665085743400354498723446784.000000, 340258725700715048298412634653010041344, -341698742399446428850894349818577954976
189, 39376446285504306048310853849055232.000000, 358191768263021793604844673194901973632, -360307607380097701652650051968830957984
190, -950591043746697081264661060311318528.000000, 339561651117839499261552289407896990144, -361631496035216906427581804830476319040
191, 1645773986918170748672051618569519104.000000, 425723826739719173736891566031838569680, -360430794011608876099108199331652001856
192, 3394352209758595827254260679669972992.000000, 437932709034100932080349160988624229584, -340475133481627197917074824371275029056
193, 6472699476557177330699695011431186432.000000, 343202728665286202387837668755029315520, -274007602178341966671213792002261836224
194, 2461183411519155433680371423515770880.000000, 337475744504741999556960995438609342352, -356730092432307672976147236112759773952
195, 1860779913594485642884205843734069248.000000, 345942802153506305316920365217968389056, -343648914769549726476502070684476248384
196, 4412584248758084411766429216315277312.000000, 423451318151468009435055506815455178880, -341143325120634074589886998943002144448
197, 5896233120879366358501877454737506304.000000, 406296799896173634819934695912965274816, -279222549762798479456463228438040776560
198, 12033151762864241249689005095724777472.000000, 406250911023025718563042205767568313744, -293846035363452002945442618417430772064
199, -474211135376855296614207752532656128.000000, 301431770306461267983309613833786363968, -398308806402870639839683589498825779904
200, 1149149060703770657722699900694560768.000000, 416598662200413221597378873515291392992, -506482657073075311861888753286502749504
201, 1140939224629006099712547283783385088.000000, 378318058911991856744969819600614496064, -510308366486495936004286352557141445824
202, 2140423707240965238981131019508252672.000000, 400649569725634946890513435248974482912, -506521116168154099023111331331003488576
203, 2592698436206465719179145758719868928.000000, 361157757710282885725719012226368981360, -505676529563536589034992970310509919616
204, 2881195541972723874168494541064110080.000000, 446832210664693661005426536231387218560, -420715074275739107409537230931417862800
205, 2116387936502306834290539092250722304.000000, 361212251515848889644819386780104001776, -412873309095785297437002202281400535424
206, 4560046871316194545212712422977044480.000000, 514471402972635334148438787096644885312, -501202848699665295287258605736154189008
207, 7868327401998139363723357124814700544.000000, 435342348591721935953877436134443671424, -524053157531252327827680648999836075904
208, 6511433419682574960751691398901661696.000000, 397260943650468848928890544559304581216, -418477452597884567720324239801797791312
209, 6843413689142161052758138685086498816.000000, 403678754983945461783824352733245596336, -505646829745739431929820586493904016256
210, 7562390445450103070849021360616767488.000000, 363368778665240458732310443271597979760, -524059205464433418138383784841851278208
211, 9131531266394201432099625537976139776.000000, 424482171607026340505398266867732346544, -523552696959689366240302547575899246464
212, 7662032980796712049302051980557942784.000000, 438131978000245571924335129789532234624, -499787879184433946009722010760325148592
213, 12072983491894813159428246937347817472.000000, 439709242227301145258468481772040049664, -497199740531937714359298139943841372592
214, 11443322481066516546016512097738817536.000000, 508195239494989333366937306106568914496, -511705193311639321351663170273113586544
215, 14510366481347806278174951750454214656.000000, 426435299541852209454622558101459163712, -511645868283192862948708527376316456656
216, 11404368587076572360822585156352081920.000000, 424980817674114233759023338964782254656, -425978339447711487644039448759429965260
217, 21892698790223204003097160999065616384.000000, 434154625323118561621486446151726845872, -474809457681153423553514657956920684288
218, 17954280743970942985149709453266780160.000000, 399699241391975713130100612120453010472, -513557888037896362718291017204120722320
219, 16910645205138414988324177852818784256.000000, 440559045546290205478186111355819938892, -462937102409274547201228244643067135836
220, 20418261536020908957871027717241044992.000000, 477068456815566205873694144442624173696, -509487597748501681150186715369846368576
221, 19754034891619612795408369333206777856.000000, 479061017954394701636482274434341347440, -522867414373707949629282378537963041328
222, 18564260868508976861068163425148862464.000000, 390123549299730358510230080903146189440, -476119693553099171602335565100853531376
223, 10934160232052998695883732366533853184.000000, 385435268460445249631945127005060714840, -474466220792053605503871133985544026864
228, 9514267387228292286771180886607003648.000000, 526276823537185142881655197905688178520, -528948369131246835195883395184371690248
233, 14943220311635951048759303838290149376.000000, 562488825646690700720696048066232246380, -474603542391405305199659306170791686384
238, 6661525656546806988403743074570731520.000000, 548678171425516454733711307762073145604, -556658209159208694286838574162317926448
243, 16244549561985006869366845291926388736.000000, 450832761002872841847124339316414505412, -538486220443497852461872162218207224504
248, -8363425814260614563391669953898741760.000000, 421516667319736947565726439701222759512, -552739655580521716978242370655737070976
253, -33559620960106734798405043196893593600.000000, 481761146213708148913339105163432481796, -499106004529642223145446041091153589576
258, -57823709512756918845941573841043062784.000000, 453253953462896497337954899615494279496, -615017146897720238861554997677147424300
263, -55525863737608508898373091589917507584.000000, 541520334632597866667695142092131146888, -682216176182453274347097477267678402116
268, -46987500539755611986563211403750014976.000000, 458797559011637558320202047635113559836, -550306965650857928478478259666560431874
273, -50659399910871076689851284530535596032.000000, 545122633122650213888313128991775496866, -582909827436361944921420045037512829096
278, -35232874227315693940346877554938871808.000000, 555558953361058475905818903303641454644, -588432918771564030864138358847083096427
283, -11904427961011599154596203994644742144.000000, 539351385229305681540583780034719968184, -650446961829689459368679623123576498202
288, -12794636193190083405121584672708493312.000000, 503647306220526348268612276342695155180, -576012819785181236274418022501042398200
293, -9098851906830423297525604543381897216.000000, 511875343719474276435603291163064396490, -523801742855882277697869808561032911612
298, -4288205338315579628181520428426067968.000000, 582937652321090824982543215416473419804, -559773406704077355150993842685474150760
303, 23844898192379785086008219185511923712.000000, 551427065669903482955883193709158749951, -508998815354934018824055835797085307852
308, 69560044244969811266263131297088012288.000000, 566965617552945955980757351957150109694, -450028375430943938155276455552564474541
313, 51772214031662535102581379826125373440.000000, 597876612539780866264310549579583455437, -484848625766775115977205073278224636196
318, 63942311028023783146609307579962097664.000000, 564397709444935427211037793729158579138, -446109907582650583393310331736085890956
323, 41131097101677429863647715591565869056.000000, 594366715338090187555000684908569829661, -473319867465921802431783141030801424377
334, 25501822568639226584812934816107331584.000000, 477980038419754855508211132877119404287, -524759352775619210483213269985320478702
345, -9368922711301024253795929584899719168.000000, 435509272092612364221212130911865009239, -545625855059066864325918941362926717754
355, -41629819486019491033271677801105195008.000000, 559478154632546321459070691677129484652, -550041506879394007421176605434005056985
365, -7333106354013694071513191591490617344.000000, 680914398170799740971015678943529521459, -725443526142016986197601710669540623704
375, -15106566399813570702072443754120216576.000000, 659428584050677731183261343611253288855, -766040431132842004084937459777926794740
385, -34852688866484733567052361254616170496.000000, 751459746529198593396215472287652321649, -1229999304114238255945050235466152760066
395, -111572380657065272064615869677108723712.000000, 774028150355558237987134402394912847528, -1412944549541786924026718397326334283192
405, -52553028472551836924429412249901203456.000000, 631283845238197986056275942861632706145, -1431775780622752013811675793044769345021
415, -65606919047447199525529425840443490304.000000, 1385813093948129986482355223088055774701, -1418881313866920966525499841030000952525
425, -10170993155261761018553799953287741440.000000, 787585503575935900261173529089219770915, -1389729590968631079671369668362340327683
450, 175305864049873955294270041240442503168.000000, 1152627983410305889757049063185424430381, -1639972695068040793798421486495598616923
475, 155272010397902015856289260071748108288.000000, 1383764832574397076108756449497495001963, -1752493578698797025773077398341840858633
500, -214476579560961542025393532235480563712.000000, 1082622707668518252006102539060136746874, -1123051107435532630277671771789113038231
525, 39763241685659235822949872556314722304.000000, 1326368115304642023388584201451382471266, -934651694029589854113702759462426629923
550, 84232557881122506053165894168068751360.000000, 1432721926190833441137224827995330878699, -1377231088847042901131638745691479866833
575, 65361643075026218553878942898362253312.000000, 1457875692530565127793664700479994495894, -1248749106385453358695350397588090733667
600, 41017727923089667284330674256871424.000000, 380367601903388017989636332102162006772, -368091836728584535114534506410534667865
122, 0.000000, 0, 0
123, 0.000000, 0, 0
124, 0.000000, 0, 0
125, 0.000000, 0, 0
126, 0.000000, 0, 0
127, 0.000000, 0, 0
128, 0.000000, 0, 0
129, 0.000000, 0, 0
130, 0.000000, 0, 0
131, 0.000000, 0, 0
132, 0.000000, 0, 0
133, 4835703278458516698824704.000000, 4835703278458516698824704, 0
134, -2380072707366301187702784.000000, 75557863725914323419136, -4835703278458516698824704
135, -63248543251666304487129088.000000, 4835703278458516698824704, -319911995015521245356621824
136, -64314145248525838211612672.000000, 4240685101616941401899008, -319911995015521245356621824
137, 681330049640604519907721216.000000, 5091995552216818083862413312, -319911995015521245356621824
138, -117162985705310353050566656.000000, 2873560004826179112534016, -1237940039285380274899124224
139, -4024028942056828960177632049102848.000000, 19287000644964651175929446400, -80480601307289828242222693102911488
140, -2140067765451678472377002939645952.000000, 1298074214633706907132624082305024, -80480601307289828242222693102911488
141, -13774032676234300203490743150444544.000000, 1298074214633706907132624082305024, -332306998946228968225951765070086144
142, -8750577241180819364086284539658240.000000, 1298074214633706907132624082305024, -332306998946228968225951765070086144
143, -2911820637596510270053661118824448.000000, 1298074214633706907132624082305024, -319929658485600536349737954972794880
144, -5038603203559874950580272791289856.000000, 1298074214633706907132624082305024, -332306998946228968225951765070086144
145, -2769833260221387861876739862953984.000000, 293364772507217761011973042600935424, -332306998946228968225951765070086144
146, -4212270801792754316202835844268032.000000, 1348319687054772671563479130308608, -332306998946228963614265334325837824
147, -235839625608987671399148303419441152.000000, 1394509784214048629020182754143240192, -74353691014218731640554455634618089472
148, -195539685082108557026775005537501184.000000, 1394509784214048629020182754143240192, -74353691014218769420926344572631515136
149, 199460250594529378906389345315323904.000000, 85071495765415795310032257162546249728, -332306998946229184975194631157317632
150, -344922443693652648574518501492916224.000000, 1394509784214048629020183303899054080, -85070591730234615865844214807895474176
151, -335737425696711471965210983698268160.000000, 1394509784214048628443722551595630592, -85070591730234615865844214807895474176
152, -25174048191691639574594404942348288.000000, 1329227998221159953588140982073819136, -11465261403079599615471642701694238720
153, -390954196221002372462396801462304768.000000, 87209818035950964848793712748100845568, -85070591730234615875030713622801154048
154, -169936238370276870071316500579352576.000000, 5005374112206451938981773229359628288, -74353691014222496473447636014286766080
155, -76005156001949920234641579178983424.000000, 85070591729925130853574357124827316224, -85070753994472139950994168866290270208
156, 670257252865456818885773469155328.000000, 87209818035950964844182026727525974016, -78938549660579761427358755029816180736
157, -751930424519628175796178180777181184.000000, 87209818035950964991744720318133960704, -85070595533186416513061907755419828224
158, -760208507878108068072555861648605184.000000, 87209818036571134499373573974599401472, -85070774276875311843562153895897858048
159, -630015057989231270286337073720852480.000000, 87957508783850850232563595641926451136, -85070596945606488099053517174196404736
160, -963296631601469411272349694147166208.000000, 120974738145889481108471847590001639424, -90387422583740699287908828373764276224
161, -147182382101017983279023178546937856.000000, 120980516782900516305549805533022912512, -85136694126851730749728298568692793344
162, -364465324926266379686177811961217024.000000, 116972063309029074451882874922212524032, -85070581668750510236163932329835692032
163, -238548644875521993684462788969234432.000000, 121956668613525743800038958968935546944, -110936170692956980766935625992443985920
164, -688278777592042825796731350105980928.000000, 340282366922792088385098445991276740736, -170152866132252529119761951176171585536
165, 27190078915229646049485551547973632.000000, 121956668612879898137172682354504237184, -89406477823345767395601581229557415936
166, -1106460176691970727912707531481284608.000000, 121956668613116713501516948197539840128, -85085529289298185126305981559338958080
167, -858011466088944699867823287511810048.000000, 121956668612911474048021449794774302848, -85097489698965390562093126993805050112
168, -1377564106935315563962352430642888704.000000, 121957966687101967588903819180157780096, -85148331357864173264217847155884293632
169, -2300616509650837042977044310052044800.000000, 121956662224653865384020798190115176576, -142769979074334124020663422642739253248
170, -883009107300105688348349876387446784.000000, 340365792938712119316187976241457856512, -170348905810017828443929075291901862336
171, -1174979393420585523994798281753362432.000000, 340739635398328407750161560104125530112, -170545522467712772047163906575750598848
172, 626787344739357305907780576188825600.000000, 340738748372785160464898596005691662336, -170187862433194736810367813575537531072
173, 1783375891963777302735001352436449280.000000, 393700478788086775583687156250443204096, -170229398423306173153547928231468372096
174, 624937783760577390731743475552747520.000000, 340313812196009810062988363874694774784, -172700077771393605404435754152018082560
175, 819632948897007530669195960044748800.000000, 423711174809077589110034253747926564864, -298570436454727066531161920913799348224
176, 560054676584347380584005503864012800.000000, 340282444990966335177847349816588355520, -180758866722532723551041636211772813312
177, 1368729865035148427619099993293455360.000000, 372432805754133905058602795731985774208, -245937027901605883284570928914568621568
178, 863680829304224865365391328229195776.000000, 340629010925334342095898177967682297792, -276591047129348708149709524587974636992
179, 1255848700222188051104209857385857024.000000, 342052413528639077315505618155163885568, -276433980027613201248534531753969598160
180, 900914336251701085034275183156789248.000000, 422646696114054351676135598569622966016, -298572415383858943234446549723995422784
181, -928889690981894487778684861891477504.000000, 414737185094723677172174286633762524928, -278498913433177331178222578187439369152
182, 1706809718170116185509170620521250816.000000, 340288495754839719856065228338191992256, -276443461917910131711290012791137389968
183, 2403464022329200536024922843751907328.000000, 417864222478139033626151948588142164096, -273980457485300855759646067493701633808
184, 5203183891465988125448165687193239552.000000, 345562593268935351383427858587897055744, -278021731689760783817597804895915943488
185, 1661237369828095982646288879905144832.000000, 339868336220297264788600431978808077120, -277869472744725465496210272874009298496
186, 2939312114834341187167538777329500160.000000, 346627073327327085025240271794968549888, -276586363844314211800401082061490029984
187, -1642623022694205669862131929838518272.000000, 416043010326824326742816951161018725504, -338393059412718116820550168145376459008
188, 151099405076883731661888538992967680.000000, 348039259213887613924900232279739990016, -352797028265933453525773279657396437872
189, 2915637538228126190501369485375569920.000000, 342887279562989053445900517761005152128, -350527890322860022407166483697182124256
190, 46186847004868277451036696814551040.000000, 340749599269466627235504771725027206976, -276570469986006409465317766422033155328
191, 3568376747100672795067534980262395904.000000, 436795806015281239816770274448183750864, -368977801449375641398741297371755757632
192, 2904676190480848391222067705598181376.000000, 352836334703872729758968170222276937856, -272973400328404680123394650434334729216
193, 3386316223955353576176290191225389056.000000, 436385920432898564337331496451279552720, -339691692782577849717497648306172893008
194, 3200676785014839934346282096681549824.000000, 326792657120035362043031428991593716496, -288179749569972521123174107782215198912
195, 3605282298735850105007133972248920064.000000, 350038348573643043635628318811706097664, -355276731982160076993531588795802323264
196, 4128829214521795727494779121967300608.000000, 381339423116958887670023919057196375472, -405948760135224968500658250752549711488
197, 7190567275107145630129389839891562496.000000, 423662695766813872314941006699058278304, -337827006286457379016552685462077439040
198, 3538859653499452708065537501392011264.000000, 350618800870051007901988830146297649600, -406784396839995817952801971864349948560
199, 5712088497626065728781417306159841280.000000, 455543171102872214781811105010174763136, -341200168716859720802796242715423611840
200, 9797543813172100006014983983018803200.000000, 454004041089323618692900691559298401408, -372695815409196667589223631440556120608
201, 7077527310359655236893904549456117760.000000, 424328463234885509478602612990097036304, -348263262900056598972398731302832328192
202, 7098032313681877330697018257864392704.000000, 426767831529622301719134903839357024464, -429228672104669476999318552293096820736
203, 7204625612267542957735790682130350080.000000, 420761610231979634468793855253836499792, -431401048880124771058706078853987299712
204, 2162425269110791472973503116810911744.000000, 361198966517481084430788713809169209456, -429100079211433966121493688572869280128
205, 2342666226397575930778037229264568320.000000, 383457690606569121632403238970099447360, -507500021968708464363455038416218167504
206, 5982529746717363116836881469636870144.000000, 351745288628161659627204803011348500704, -505277606696197711828064894074194690944
207, 6975245594715897963977219787160813568.000000, 410173704846295804654176109081835569408, -335867649955044826420689404791404595568
208, 6654923413952340297051280489498804224.000000, 466656811469621080700442457752778987096, -506187470058930661864342197102570525568
209, 2195253377013067145645158732048367616.000000, 405192308513078269227393009950541057712, -505608403423817281896304394709802488704
210, 4364451368127364633949719486938480640.000000, 403964928799261714337313473981492450560, -493303564420161543181564363027690175344
211, 8051274814248283408041288705855455232.000000, 381169516750459548297179358252308862016, -497220461418636411339550172615278701488
212, 14797405565931969287674021973281734656.000000, 466704936758028456609996972268274751504, -530414213177489190402865825001333691264
213, 8789140386679366817532246338882764800.000000, 376473317653564082029330015694955435552, -508621265923405584430996868018380721968
214, 11272852459406566386260931311009005568.000000, 414985704686102847411366729194240882240, -511616519099512740356394518981373911984
215, 13454252738120210295415018971251867648.000000, 473180229995659047309028747843069655232, -511175927196224228173511439587872662512
216, 16221776002569527985853178223735603200.000000, 402757672088612521302632004602121432016, -532420379871272264008402726919646393232
217, 13639698420361044193139896428013813760.000000, 404464646062699528417101374461906978912, -442358481168065929896964924408155074572
218, 18315775168217292691004593097175728128.000000, 390520249313267376900576043748641426472, -552967668542683318064152678264715649984
219, 13973835898790062994860800707299115008.000000, 392298701712430267460705461218900085376, -510139451501067208494676940876985100752
220, 16757135784210984992843762720590266368.000000, 510998201721761359103761843489330569856, -553107660896866867428679431451079305680
221, 26228763388400301006221662452034043904.000000, 418953434977300973992172046409462456592, -553341957499072456269440037526779849096
222, 18675009772326179282366470240805584896.000000, 467811460365116225489558609492605424688, -525322819101535008663557624693355002304
223, 11124948767225454521046925115840790528.000000, 386556610451686936699714548463118770416, -469764481339305760648153922113462027928
228, 9461701713835659152947050317445332992.000000, 516158219316285034139114049640784984632, -477505037335568110446376166034228335664
233, 21903524487118664932090792458730864640.000000, 532660940753102486328548038420423622768, -443902912434283244252832181825378228024
238, 725206598686733068789801038840332288.000000, 541844804418946694005703031771759780120, -575461888878083704122137265545123722664
243, 14253379732456499949070760542375772160.000000, 596204209283993352520575954743230116240, -600595754572624203460945838070330749776
248, -8705440712541797355919665190687211520.000000, 392798436710968293825005625051556456472, -551114200131172167463707219443236488520
253, -52410135978113914676507551914816176128.000000, 485662243939711165160095611931419428972, -535551397411855412135323781210295023468
258, -62269418988876107599084178466276376576.000000, 550989553152357200188711728310264985268, -575426160580765381814989086215797422504
263, -37323077320873461587118949419886575616.000000, 594099902317292177161183243016041313972, -543710744516471592773402961696561935432
268, -49831571969031988966974209202906464256.000000, 430809134634678036674619553758345993834, -594237709591724128034914580757507566238
273, -55074794995216804664149640777689989120.000000, 548911907953458562858778198328142174880, -492151495485133692046612202593242194220
278, -34862274883970381941132767303036829696.000000, 571125736995064907973895914942321629256, -649966298442534609732758121607380101018
283, -10643383836989969979785387610317258752.000000, 610607978120813174963606027429827037176, -523613553188158564924422469281744893978
288, -18146289262953024763036975232538640384.000000, 505635167327872462631789708976357411320, -569144167448174294944329265861056024620
293, -1871158207864499789391997557756919808.000000, 499705339280488975413853398877196691748, -520071487010364548230465898410978879888
298, -17507125949044631359594708769425063936.000000, 549703214426416037578535783875555821651, -556938225678994833250862645353646378824
303, 38976473800182185235500741242298302464.000000, 591431506143001187713185288921136287932, -532531165915229816354825754498336046240
308, 59584311763413010799226248250995507200.000000, 594942070864896709800385576652488673874, -523170682289627784236309664179066588110
313, 56582854264365243132766169664220823552.000000, 576817691358485730782266274257463410893, -430185316351061317383546695567672303154
318, 63540548062056718418571661924710219776.000000, 566242301299346989864843455054172390786, -412579684488813747885276538350307401638
323, 35139644817056312696514458359422779392.000000, 528363393142149386083103777739599420157, -484256104727116148104335269496661877109
334, 17098883506751888042606738887411761152.000000, 498599309214210825120909726728480893796, -536016398537259601223441577636443909358
345, -8887897453997925376855319999173099520.000000, 483115001807918388762049976950941982817, -545233460335111926410695413995523168634
355, -58045151492804005762136895215498166272.000000, 406909336344429252171779554285471253275, -580877377436179121881882210945484591150
365, -38149859066980333061186324578913222656.000000, 448664913785305006527056753626108635392, -662548736810216410467386087587965999224
375, -51051236839828122012560240713737961472.000000, 488684547025478236913342202559404667190, -625455345394173684743807825967931367863
385, -86339807564697260425696015671460102144.000000, 526264130473128317032903277488826777560, -1271460575377588151619902997542228292591
395, -106946621354971607647771014306939797504.000000, 708950047876353886452840536301521732023, -1476917253439370856343539994472491905631
405, -15464193965826278810701410036875264000.000000, 834803930343219069932553076542932821787, -1540701856836853006757948810646932713427
415, -45927167707216047263870182711638360064.000000, 670446397358751829555673435289023481865, -1427320765769326765329578368801424950897
425, -101245701595530656206040535192829952.000000, 588001318650045459596692971346544093578, -1426032055422159893818717774205114834191
450, 162300374562913921361001374978035154944.000000, 734535785793047409488054871437071173021, -1540584497303514592897038938005794482343
475, 69795142265209345695776644717392953344.000000, 1194594114996247701961300605420651157026, -1655923940934125072325557123255228807670
500, -254215319314432285125714237386506895360.000000, 1088665636279180680859526184451504903885, -1134959046728924313272128778574640463603
525, -12154235126780051787222530689071054848.000000, 1270144718717677587558008601542652793535, -819245260164877482467524534814940210811
550, 97044750302776459878606414578031001600.000000, 1407318589277483620296977472135647591461, -1141670618392379605971643632769042840638
575, 48767674165337037266605073300107296768.000000, 1391331769283018235707931992801405641611, -1431265178150347968752185044816404077021
600, 41017727923089667284330674256871424.000000, 380367601903388017989636332102162006772, -368091836728584535114534506410534667865
122, 0.000000, 0, 0
123, 0.000000, 0, 0
124, 0.000000, 0, 0
125, 0.000000, 0, 0
126, 0.000000, 0, 0
127, 0.000000, 0, 0
128, 0.000000, 0, 0
129, 0.000000, 0, 0
130, 0.000000, 0, 0
131, 0.000000, 0, 0
132, 0.000000, 0, 0
133, -162373849146989881027723264.000000, 0, -319911995015521245356621824
134, -80120850339987118106869760.000000, 4835703278458516698824704, -319911995015521245356621824
135, -2380072707366301187702784.000000, 75557863725914323419136, -4835703278458516698824704
136, -7239387818239166112595968.000000, 56668397794435742564352, -19342813113834066795298816
137, 953820748790121190987399168.000000, 5091995552216818083862413312, -319911995015521245356621824
138, -5748614126791943562021041522868224.000000, 5091995552216818083862413312, -80480601307289828242222693102911488
139, -4734151675597847695727944596979712.000000, 19287000644964651175929446400, -80480601307289828242222693102911488
140, -9773775213417228375460031204687872.000000, 19749012189224582198000091136, -332306998946228968225951765070086144
141, -8229789491952030705495899702820864.000000, 1298074214633706907132624082305024, -332306998946228968225951765070086144
142, -4458349238390512836389757578641408.000000, 19807040628566084398385987584, -332306998946228968225951765070086144
143, -6659706963406985076650076595552256.000000, 1298074214633706907132624082305024, -332306998946228968225951765070086144
144, -5250977815408397362760914177097728.000000, 1298074214633706907132624082305024, -332306998946228968225951765070086144
145, -1105252343441329125848778197172224.000000, 293364772507217761011973042600935424, -332306998946228968225951077875318784
146, -5999963784798506176204364696256512.000000, 1811611903138051521839043031597056, -332306998946228968225951765070086144
147, -233100488744122013385363721203744768.000000, 1394509784214048629020182754143240192, -74353691014218731640554455634618089472
148, -202091162129495350902516896789168128.000000, 1394509784214048633631868772570628096, -74353691014218731640842686010769801216
149, -172537492500492982187535243554062336.000000, 1394509784214048633631869322326441984, -74353691014218769419774548967931510784
150, -25568877567653038762138501742854144.000000, 1329227996945487020917092502820880384, -11465261403079637394187332876742164480
151, -20713301062368534889163451759853568.000000, 1329227996945487020917092502820880384, -11464591132824766718107464277036105728
152, -317772422064405050908202404549754880.000000, 87209818035950964848793712748100845568, -85070591730234615875070964544470777856
153, 70586960527132090712107817189244928.000000, 21610643841822590808312158312049147904, -11465261403079599615470516801787396096
154, -306567229599024129891055926006251520.000000, 5005374171627573813150811378440732672, -74353691014223756164711445091774889984
155, 82578661461780251539567404614942720.000000, 87209818035950964848793712745953361920, -74353691014223680680616681073780195328
156, -575518320320673129616080191977684992.000000, 120974738139372782966941969684808859648, -85070591730234766967774607702579216384
157, 43441269648448067273162668952780800.000000, 120974738144231753321970257095807205376, -85070856593711418301737183275913445376
158, -709707605152670484457918908686401536.000000, 120980516823594168347225197039764635648, -112652072633487070542691650572248186880
159, -874993875834624129080718517034024960.000000, 120974738146182041249043301019573813248, -85103265499650984308440218521200232448
160, -499641022779022792834587410181390336.000000, 120974738140998205021238417308822274048, -85070596945606488098952465455312798208
161, -320198937414067895928357505292304384.000000, 120980516813457325321114701552458924032, -90382311416906732943472489183554633728
162, -608400181065741283574596524539117568.000000, 121958291206072500277745282011624898624, -85070419410144099356002392044472303616
163, 131431175989453359341090239414272000.000000, 121956668613525743800023196370239488064, -85070683993300918795424547112968914944
164, -193881286317093465315417790896668672.000000, 121958291206214083608541257969547608192, -90553657684170188645931461918961041408
165, -388715774650377630712401708093276160.000000, 121958291206214124443842415418725105792, -85086168591259431526409883263296864256
166, -914132655507842371745345625533710336.000000, 121956668612856921322393856533681668224, -90512118240036025252355928042781933568
167, -1497327688619950825935887580979527680.000000, 121957946577269963642050406624612122752, -85107263411983114011142426615165222400
168, -1463197046341709179101784531554795520.000000, 121957967002759266166217755171410886784, -90741174445220685827754635146646585344
169, -265404228347587732311718388528316416.000000, 340365800158401995974424370026759651328, -172373830626851084785635826178310668288
170, -2837102723155452789642086086604750848.000000, 121959258842240213197425686779769208960, -232619998713821249129907653893328797696
171, 378464199196621820802772058886897664.000000, 340739615534934205511274988179167182848, -170359290401202418785754908960174025152
172, 981152702899099460855987126199648256.000000, 340736633601767981658441130792709464064, -170676011534268277549050274971496593536
173, 2030142482617156187566162244144201728.000000, 401675846276606595255977165327025899008, -170193054754076751029542568323020626048
174, -588935702441615091248223423188434944.000000, 340282363893420145251694805704482867072, -172700077760067673740629082233909541632
175, 47020337285651543372198868739424256.000000, 424055180829131357267409677665021689856, -298570436417699158652528859614348476416
176, 18651304790514246750818063848833024.000000, 340277252697860809797108199295992058816, -175630566726028162159258847333490103808
177, 2141466054340881448945351484682272768.000000, 340932889290940001024330008337845653440, -245937415958139739679699801345293299200
178, 1619266371224061149484175940774789120.000000, 340895423524605405587216746965064826880, -245865617171132266643289813652741690368
179, 591080070710969729376621708043091968.000000, 341560086087376463461984935269001342976, -276100863196465359783424640066908930176
180, 334171872891383724317661932357156864.000000, 341687320288770710330831325747698887712, -276454485472940080792575922517139341696
181, 2428301559594682259785741207754244096.000000, 342094820846377305407823921873953507328, -276330949348805388332903260475797654800
182, 1534525718271691194952358565800574976.000000, 422625045224486692014011369436029882112, -276453481546022450061079259528198621600
183, 1604428175955447068157266870197551104.000000, 345337210661098693560294131653950648320, -278499100378245459565950505456243616576
184, 503021387721017483684642478694072320.000000, 417888949302952874867165313733018774400, -277107054699574082369884173922864105424
185, 2486659143774843313846577959117258752.000000, 420977915437095849717970754600358586368, -278034104306665402014600199117851494208
186, 3803269212582572481294685564519317504.000000, 342769363815575542412080570313026611264, -278379700491241625997589426228633962048
187, 2740436611531138044967201026544238592.000000, 512590340658080581534641779077640038912, -278001519896737823139908867102363387712
188, 694046731070333508478688902399393792.000000, 357486226856832996923078026392995552704, -360515230176830013243962023329360521376
189, 5338484783946640872909621115161149440.000000, 512563442498884556095789093302530654720, -341501602416817856390964070325621090464
190, 801392963146329800020070121286402048.000000, 340751447327722699146161647815774119360, -342031990109894383663915960180593948992
191, 114398255885281734636643519907758080.000000, 341403108774331588173959142603782373440, -352219969969933787579831413994353126832
192, 1327999168265005795846284548602068992.000000, 341053332817340056284840861587453220416, -348883946922048273858777626750590010944
193, 6841174310024865010752857518882422784.000000, 438136374635625164067956785866418771136, -339847491901645473517378719394368469264
194, 7041603319857528385109682341975949312.000000, 386793268248795684721214998722136701440, -264949226461159640222698575168615580128
195, 6685906953463834500353729192009924608.000000, 345942245132840307463407875578221803456, -346285376691941156262895226796150265152
196, 7342261102144320145549833164778635264.000000, 465224830167368258036104845503449157760, -340658222960889756123497280160160873968
197, 4047864187023897743067724140330876928.000000, 427151317046971479042504211826303299792, -368977227109186829816045873033322888736
198, 7343173292012850761050363365469192192.000000, 423584179150598014650196978551902683088, -300814267032478169068094316576796566448
199, 5463939584900115238269558595772219392.000000, 425176082626675116158390554391638439952, -288258513666587731727112085753340514560
200, 9517788858738674383632981464251891712.000000, 406240641857855792524689552309176876624, -317325163980425644174367598059326416448
201, 3384229519234370213669709367969054720.000000, 425113501826831675219982233389276686240, -510252387656678938257695533150593143104
202, 5253967097145776533462303355428667392.000000, 390200549286874321487887275198977689104, -394346456369477122763067524538831307056
203, 1492405617136963027170891392691994624.000000, 475398200023487308961895334150801802656, -506482166333249297370500398088665423040
204, 3451145652544374983307229403451228160.000000, 424566098819368446565355924391027570624, -501203187320120920802721894345158811840
205, 2208506003930414910255042892631375872.000000, 381517910399431255347165406658914318000, -501264661037859959447180161755730547920
206, 6019838055909225619822191617754791936.000000, 341915668596712931495260724998202357744, -511924163411204824158315106208231637120
207, 4576286867548593358209100746367959040.000000, 410534907290946606268948632607701733952, -508682870702988634993489297278820504784
208, 6719453908460132888696976912506945536.000000, 540216966930791110069875863790287156416, -505942141748442281746308534790378738560
209, 7222429657939082137130827469413154816.000000, 366209901891474032017715300483814548096, -499931924505893635730303576256240021888
210, 6392570168078700767161000452297850880.000000, 424533964515501633900925161056850391216, -524089869568832750520975366414179324800
211, 10914692522418380014588171356194471936.000000, 431264963042827832563851217593464132272, -524056960003379257566519740199923274624
212, 10920128994994556562276277598415749120.000000, 376984234798268513057288707018739157728, -504409605583172434513014355976766574448
213, 16545659686452457594457734217478438912.000000, 397138821864284923545859072832115363272, -511015876259705624651036740679847831424
214, 12858276266958368958791307424673300480.000000, 434292757565471267613011841696161187072, -439149074870775176297853222224891851664
215, 15548367301986940211837949197269598208.000000, 402620014710174855518987001908613326480, -532077604588247442182935356174239822736
216, 17866476626354609717397172335973236736.000000, 422052330108191156755929174356117126016, -527669912107678676737182355057095590656
217, 19270682613012774433947519663827058688.000000, 462361120001601118359674433113981441040, -557929319658057267663828552649967518656
218, 18751820499851359015364816362847338496.000000, 570575111058466705776243815014298864256, -513996080789822250327690583426750876608
219, 12737259598848032253946905752108007424.000000, 430947836926349911701093002983108126592, -560187043204309219637224729118351682432
220, 17123276196710689527896175116013273088.000000, 383606145607826111051813478762480225024, -608642087965280136091950584652654038416
221, 13287768411704148253683324510684577792.000000, 399690988089440966252879734527997114156, -495705401506591670058281228132772835968
222, 17880027583910755389849712377081102336.000000, 448236550101648869704397032952755022076, -444947813558167631085142691039824082672
223, 16084784512243904303164576648105295872.000000, 437346385638851566870215653764939589440, -553434710689154937376076823236700821832
228, 9137930983262831749770569743987638272.000000, 516557609621340382014355113751098927640, -528885039357715721686853013787714317048
233, 20759877465305497876407851711620710400.000000, 578420225491399550696025504990423265404, -522716427183784633414646700579790857024
238, 6397578042836885935784650009187713024.000000, 523628551466613808877693424613083960708, -523684388952112518229880989667472957104
243, 14883633314263485197836366017577615360.000000, 589116803251561555480481567413214034404, -589323265824525253943337414622945366960
248, -17399390365844925192010897826559033344.000000, 537238821105402370214400869557764472280, -635612148987995012830268870833718946712
253, -50094771583226439243614628512253607936.000000, 489736728456651146372344845992034555396, -531203250519792863541941268569331562348
258, -43565237113557285783395288385474002944.000000, 534344498768732569297990144250784089160, -565316883811013600803948114008917717960
263, -47684233380849847016679106495238897664.000000, 410882094878226862454816575366763304796, -529288074134263397035183147001613729014
268, -75696728836867707095721362276598415360.000000, 582766512655653776702873845417085896664, -604490738363953764289652101205857442400
273, -67564821959123092843169128523912708096.000000, 508843723830099229953678201975913350228, -648598999405189985439388658237210193754
278, -21791679190388740088779611352407736320.000000, 482687562834872126153609830912226946996, -582384941861516871941077849194689568092
283, -16125380056805736488014952816307077120.000000, 534489737642415102908436842623168661688, -656579063422154957626230948388042123290
288, -13214615349237175346889460902757662720.000000, 505651511656724478595925978252656212088, -470114025781814221671631679577116178529
293, -9516473628899638929199848878308851712.000000, 496592232368933312341088375342331242788, -551858408252941189829274358194033382840
298, -8506990174677859979546382567590592512.000000, 583588050668367013080286685591832229916, -547833174758073924134505953064611172838
303, 47149920401865170015353925263666708480.000000, 571289906102398691394404403301666492182, -493881670880307096741912545836702494384
308, 67985978831640274473552540796729688064.000000, 602908770146083223103314119800310024720, -523173277735855728018839047447078071246
313, 45463703686152190178394270306991603712.000000, 573707335836129629659105906407637795727, -527623313185080928917326516987479728127
318, 63599483071367203725053310321668653056.000000, 585700555798719516168067473557727989698, -456882620699095971825267272030711791176
323, 33512594561154433866477695550277812224.000000, 586997188934465067772285340015736566626, -439009459845333654606808407699200562816
334, 15543908471828426769764199532939182080.000000, 479703249460190069067399060144864621311, -535310112500154497548446101834253841134
345, -3186132306532566287686837701984649216.000000, 526267110751924606145787992212009295806, -449297366715705828614853457102386128700
355, -39891630993918044975714785553394171904.000000, 490153338532468814725813345881520678752, -565454419131043780986988301643869929868
365, -32383738690276188596431079826253676544.000000, 480131067695947194211184353050767176774, -654995216485943740313755346163437691000
375, -27923186271535711896317228497542053888.000000, 475668255744363168941737859476387471657, -635873609763486597676333314401754880392
385, -52261172079810385722807391446164832256.000000, 544858250795819534865865484745251471448, -1260414897181817131689335296420014173408
395, -79087871990841800556946746529745469440.000000, 811108721579089038810512690545161245839, -1423475242337680968396546451770351604067
405, -9229541158049229405078906631427719168.000000, 875865404346152590018783387683478985087, -1451486442949147906798028385492807358949
415, -22040312195767092322377803342282752000.000000, 683818391677573562395558372423766043171, -1578156353816997475765049488547647351138
425, 9871746679655836896468365893055807488.000000, 511907636853695870767602675749027423486, -1401142888690939047805593382655090609553
450, 111962475528004074805250525247026757632.000000, 621036807467024119082335952948142780504, -1569165177121871348075488934873009795959
475, 101603543358339689794181300303104573440.000000, 1101581168226520775293277122401825691691, -1698999180091550237796525385673775798873
500, -200978905408512007041250405720608735232.000000, 1083966964910132350028721625695547962357, -1124422201996862515019232405156180548730
525, 441543718676461092400798834408034402304.000000, 1512151280171868390882856139794079397627, -953113466924473642800535804462116082742
550, 121234411626055740682712128009789243392.000000, 1392853114958855741597726179212488001687, -1227900225345563704086413189365104919027
575, 81163441303210980477529826950687752192.000000, 1341919804056655412164272773830796199451, -1280024928990815961438220063052291547796
600, 0.000000, 0, 0
121, 0.000000, 0, 0
122, 0.000000, 0, 0
123, 0.000000, 0, 0
124, 0.000000, 0, 0
125, 0.000000, 0, 0
126, 0.000000, 0, 0
127, 0.000000, 0, 0
128, 0.000000, 0, 0
129, 0.000000, 0, 0
130, 0.000000, 0, 0
131, 0.000000, 0, 0
132, 0.000000, 0, 0
133, -157538145868531364328898560.000000, 4835703278458516698824704, -319911995015521245356621824
134, -2380072707366301187702784.000000, 75557863725914323419136, -4835703278458516698824704
135, -1561529183668896106807296.000000, 75557863725914323419136, -4835703278458516698824704
136, -63248543251666304487129088.000000, 4835703278458516698824704, -319911995015521245356621824
137, -10060074564462271887523918777417728.000000, 5091995552216818083862413312, -80480601307289828242222693102911488
138, -140426126210466227016433664.000000, 2873560004826179112534016, -1237940039285380274899124224
139, -20769275235916668853381776793403392.000000, 5006889063462541337821184, -332306998946228968225951765070086144
140, -2554275075020340049090868047511552.000000, 1298074214633706907132624082305024, -80480601307289828242222693102911488
141, -8755095685780195268225485959593984.000000, 1298074214633706907132624082305024, -332306998946228968225951765070086144
142, -8305755534673833285895605136130048.000000, 1298074214633706907132624082305024, -332306998946228968225951765070086144
143, -6710411452422365176588624566681600.000000, 12364183633890906854652182205038592, -332306998946228968225951765070086144
144, -5401426501903108374662687624265728.000000, 1298074292004959362468891263500288, -332306998946228968225951765070086144
145, -4398987107737949522436120909971456.000000, 1298074292004954462552496684400640, -332306998946228968225951765070086144
146, -89846868128282937458721252442112.000000, 1329227995789522541407846399186305024, -332306998946228968225951765070086144
147, -96651095462530414548933297569792.000000, 1329227995789522541407846399186305024, -332306998946228968225951765070086144
148, -202069369954394211368587121609670656.000000, 1394509784214048629020182754143240192, -74353691014218731640554455634618089472
149, 200547909858957947681135025566253056.000000, 85071495765415795310032257162546249728, -332306998946228968514182141221797888
150, -24697012002712973873241391405989888.000000, 1329227996922459581354999395347595264, -11465261403079637394187332876742164480
151, -23508751766839696738053377576927232.000000, 1329227998221159953588140982073819136, -11465261403079637394403505658855948288
152, -307925446261668723622734269350150144.000000, 87209818035950964848793712748100845568, -85070591730234615865841329689384189952
153, -21800083422135865115035641208373248.000000, 5005374171472831319769353890151006208, -11465261403079675173370271513129779200
154, 39579236953403124121846119745454080.000000, 85070591726674461552473709859938762752, -71967526291121339537159359975810662400
155, 137041671865953373745210721749172224.000000, 87209818035950964848793712745953361920, -74447420017494303971548343089659641856
156, -86863837149132848176211460379115520.000000, 87209818035950964844170767728457547776, -77592136616006624313191835125164277760
157, -433454933274115399902567602138906624.000000, 87729819515502845193110729108748238848, -85071098795424124980754669673159852032
158, -826282584253918559389849514135257088.000000, 87209818035960617513429377492868661248, -85070774276874093411619001428819050496
159, -610397665468283333145130964686471168.000000, 120972791034567411113536274550062841856, -85136793515254830506705098126529658880
160, -822183833647377588167156167698546688.000000, 120980516823438216925748680660811776000, -85136793515257134448353095866734608384
161, -308381717168272808946163335674462208.000000, 120974738138837224040963026694307053568, -85136694126848783919129910821379899392
162, -847981556324209166450605367782014976.000000, 116972064576466667617443636608032046592, -85070601951211549763099650576548298752
163, -397558794576956300779509631177195520.000000, 340282366913118972382243362226181226624, -170152866127237645910390753962751950848
164, -862797143504585269526244130243477504.000000, 121958291206293810441039798144767623232, -90553657294133049031003953994963877888
165, -1331453084408241476799863339662442496.000000, 121956668613165064010979336506559692928, -90553657686708867616533116904748744704
166, -608219942206345811680464354739748864.000000, 121956668612880066834960115659154653312, -85086167170592034308169451467139185920
167, -1228404128068447688988497746843402240.000000, 121956668612912116870053432441482051712, -85074481774095752578207122409609887616
168, -1759928061978999321147875934441832448.000000, 121956663839206979448002438122552770688, -90741174441829976905169216048456073216
169, -1483422182138431607077411575992156160.000000, 125666438199527808514004631947116462080, -103140134593717255015922967297592524800
170, -655264655111806605470306667400790016.000000, 340365609852824869552247462596030955520, -170348905810028384205736128411710566848
171, -1099732848311944191457407991577313280.000000, 340739452856537834930429227566786093056, -170359310700147633917962705262991317184
172, -2564338895164255339731953024627638272.000000, 340282363895373568041149749292095107200, -232604190457900290912054890444213207040
173, -653512862934416522608143258578059264.000000, 340282363858154859821361248916562478976, -297754233230557886806713322911364136960
174, -576876508232507375366502051777347584.000000, 340282349665320487641005738862152632192, -175625192336111346712065273220824725504
175, 971195450953098572352244827251802112.000000, 393700476495893282837269599596118818304, -170151608053676672690554440790151491328
176, 630370749951957600237791508898512896.000000, 390160192636772580721179544401457070080, -175450847373161661957864363488143392832
177, 1821894103217399655417698782646632448.000000, 372432829049720724962536472596935579264, -245934958355766814363744752158031875584
178, 2188175468153602396421958290848612352.000000, 404077921151031919767406200156258612224, -245944846887981054097693279169085420544
179, 975622754722355035702447448268996608.000000, 341119317900664877678944183761032454080, -276441119712455273743590301704990113232
180, -907286128410919658020241735105380352.000000, 342827736226550590936237211709834004480, -292220260227986955286011805825094611456
181, -709842534279352893751892299636277248.000000, 414730441802304896158983849740218891520, -292528833229676499551324306571226696704
182, 1100615443514091246477257094648037376.000000, 340434961510694595958245038241138652928, -276443067826477827563798591238926879120
183, 2715811623049224416311743509763719168.000000, 422624770966267805025890102509034968832, -278493956548866526485730378247937993536
184, 164471080630341073590813765337612288.000000, 416011968297002790871398016478779240960, -277107217398893347585295668710848809104
185, 3947864225694194618866774543360327680.000000, 341123934262343059444106228994821390272, -278379545710119589813681885555419350848
186, -1124245744633167056657203330954559488.000000, 460679598297665213517723806282560657152, -276443658024836535068526937751347030864
187, 557637135355850051015688865328398336.000000, 416043036519893056913974400402783026432, -338406090414618453122040637912871945984
188, 489465925167150285911609899424415744.000000, 416035331353647136270931664549550000960, -352802427061270770925912719927033764784
189, -956502862172765486098198719614681088.000000, 353858763226391534187476457836901583744, -350527295638707883334578912438109874592
190, -2344992702945456749190924074680844288.000000, 338844582199813257949609494644200359168, -344179818419023634112498563212807859584
191, 1054078613426930784075940157139714048.000000, 341425726732652058593189589308064971712, -355532644304978016823706655158124377920
192, 2517863052021224473271169322259054592.000000, 339365308377132866466046088479007715584, -362551494629592769551338375121035440704
193, 3245702486371356292945788689000169472.000000, 346751343565351481518654048881117292672, -356213974078734129680894761983739468096
194, 5877661040416891604681954907681456128.000000, 384536818495172873043407011846855534080, -280053083981494496788877101313929520240
195, 11390859607513451940765735303950368768.000000, 398986262415769130783016172810218753600, -290661167944846142297036296418100423264
196, 3929504873596744611958668115994214400.000000, 423828919575113398862330873799709159456, -359053141995758684213886869021435610448
197, 5424357194672210461451108391954939904.000000, 423463985697412562213173787805104730512, -291094763149701170560623024455905703600
198, 5122939851384471776357368949496610816.000000, 416632984316152840243639154912869930992, -405925243157739355982287189324997837680
199, 5942186574239223706800783627613372416.000000, 338077442815123488074969015548939154432, -398303441813897203298276315458765761216
200, 1637882408163898668571955771958362112.000000, 322090392627244439791821343277369520432, -386743994941434235243454855668175650832
201, 8234004403411614741265035872696270848.000000, 423816000504551414752450427920705221456, -426093674608797095050206016034273661056
202, 10724876227220132369835820503688806400.000000, 424527238233364914013511806796395029360, -431080991016541775356045372380950821760
203, 4433170972543957748238837426753110016.000000, 426229414960291762747816882878216924672, -501163769120635930976804938300289633472
204, 6839642396103696801731085617275600896.000000, 443484329963023797326686718653602661360, -431876177899334965595280341564698793104
205, 2279614551870234684642458505119268864.000000, 368329626645619874024501680764181962368, -501197222819636947729438170075563412688
206, 4467971737868614775515136039954939904.000000, 418822085825377073530369811914518518016, -501194590972522113262073250017537952976
207, 2307608791578996928751602778572324864.000000, 334398845909966118226731957574886107760, -505950017656210787893288623287244870528
208, 3944952835421415025953876984505303040.000000, 398813903151999120018519520947493696976, -418457289910888050274077716172812548112
209, -3156333922177638402272654819812442112.000000, 376274300480485080433661676842565311216, -483668233343318149879948341745371275184
210, 5725650561250899158810602104592269312.000000, 425965304284603068877712800584119289520, -524084210177517488238985218761744439168
211, 7536182833381432977707100005766004736.000000, 409477147321283554504277684531154614528, -498695671448012800363955980882289617728
212, 7273456757237287819969270037971206144.000000, 374495333755085158841817517950839785040, -503091000905646772175074087640237158320
213, 15636557264847713397963001556264550400.000000, 466953305005574549580164081512666237264, -531130458915279060597515735692748973952
214, 7633031521687687664309505747610238976.000000, 439587821332670951185574217288137540032, -511690970753434868565985427668717949808
215, 12203359859284200252025464029897031680.000000, 393507741383811223506101193229387072736, -442328395578632822749407802350785839872
216, 12922254169361764369720861859076112384.000000, 428506998391560180882107837229716792896, -511665501537862602832099218311272656136
217, 17474049324587832510676497227686346752.000000, 382549931201444306731430041385979201600, -442881805697904285431775010209393274892
218, 16395793329470007259377169023759286272.000000, 379133300566001983583978894915588459136, -513140455035993266900396553498847435200
219, 17454747813053044928119602448565272576.000000, 389702089538783992205001709532827830912, -552958146369713442830369124469240354704
220, 13956779094193896030404136403195658240.000000, 450457599850180095515060075445008020556, -509502780462587038035821769738045190720
221, 17882276926244188839495593910928932864.000000, 389806226130402217685854526021257734784, -555330264659133947060673939868624718144
222, 21235287736749939112263480542859624448.000000, 441858411065896817511301544633204845616, -553456200799908589934937344221210143112
227, 5728687648363121804994849939577110528.000000, 465663625913818830354952740643403574872, -491084712973186279142231133536621832240
232, 18298068643056550360815279408219684864.000000, 565098793225031169411828114744755054520, -490976615864134426802277489137950315456
237, 3798177331085132178292274475028185088.000000, 541823660516339787032354189464047903128, -513578373359368059895822764917682268840
242, 15707572006604308761062199206407569408.000000, 522989750001339594528995417435053039088, -501909986509993872541793901695165628120
247, 2662146988053847943518297380123312128.000000, 593540702971095656453365490471546046984, -558250523830544240932972059992469811464
252, -34402563338558655237510015114721361920.000000, 487730011096137162357204526338181485572, -527269437273415681458632743368848363304
257, -54220690292045478219413739919206514688.000000, 551194567075340263383219898321485100724, -570408749194852213449965776251736516700
262, -50466033181717356090584351446277292032.000000, 496453174926410454995846720471877950600, -606709310330613834083651451601314843212
267, -47881587234441949199824868283779121152.000000, 420619685876356661771917731153240370868, -615566920572590766445761944985636978182
272, -59396139205556581095632019119629402112.000000, 535147309241622894996184776200481345512, -648590744038513697506012812490631048034
277, -39673793652611981363712068345260933120.000000, 554774827437706380840344030408666077236, -629993462140921765938626354419628798874
282, -6697869091499730787917487319023616000.000000, 534696161888201890473498308080148905364, -498139666074092175968492578446968851260
287, -22052635915838800552880886128861773824.000000, 452546686480302724388294049845015144424, -542423589787118041119528234414184230360
292, -11000030986726654908163044019055624192.000000, 542221247125928647453678951894513115917, -515410363724905115129066548462691679036
297, -25823215692982789597958873744186277888.000000, 471840043534348222897078805447396343704, -550716528964132988869248730596526943571
302, 19996786255904974231004256152871501824.000000, 594468714472637915387994593656255834492, -515444976054235016435706693614574355836
307, 59955592426412325277497378297201295360.000000, 567612507809928620837747973878652065980, -524657940436504479680210533075503735822
312, 60920438844721009117484118710000025600.000000, 608969700665450909046745713052592113869, -409191193988670298344859536538507360663
317, 39526941156232447545675525136714825728.000000, 442337043763328597334913287138102040120, -527217016769414996015417226037710673083
322, 36215912433831097703933912128300253184.000000, 564388821679693489921637863777545538754, -453945439083356017211501819722659663026
332, 15074516217393129826655964474900480000.000000, 573981752777910782347999383534011912239, -513884071871323904330090407559745978988
342, -5299795114766396218259814963912638464.000000, 474725189101909528815724552405270644507, -534096446851562107200635203409918026831
353, -37935859743255665832372584690103615488.000000, 450222057446693896703971828665442875124, -627734577078374348871105306321113980822
363, -49140745589623100852638583310027587584.000000, 548723297716533947942540946810470946475, -629841910407789178882881812852075712260
373, -41008971250471706511036052601391022080.000000, 499994424252603298954959799072569939246, -677724784364165123125327880063766171200
384, -42276394043968774522808179234418196480.000000, 470784899125290438741177197111294863403, -1218113239180327507766002579018965917032
395, -82911444566449932359133318277882707968.000000, 718793814967163845882754813242601240992, -1332626595395934810471284447661408251244
405, -48734244082747871205910514454100967424.000000, 674639050948656435244534775285141232225, -1367462912454881997274629427182727712404
415, -28340531690334672639093168271706292224.000000, 766545638952795981961273083110381521103, -1445957742592292615753707655009447725809
425, 33260238178218333405378046945629569024.000000, 662622663159610092026222320568931714389, -1370613195309676235913994441259967233506
450, 122196963514554244069008359572805517312.000000, 956756118003260262684456393155039734008, -1362263914900284165958272692348866053522
475, 113646337338473727493569587672420188160.000000, 1280633725635897680106311848771899236563, -1732240779325162101841743045377712518901
500, -251339997159403200287712718691219013632.000000, 1152043413863596293392393965130215407021, -1174258067403728126095222662629460369832
525, 109973173127771098123752767360728039424.000000, 1069407600882501286818717873831881667613, -875188074798806306584651319167132536019
550, 11850493640206155344708893957777522688.000000, 1249017191892272641012020565079347856360, -1335046542759730279984080166273372181298
575, 109586033551518069238334349202432196608.000000, 1256746724293248328385512424410654732296, -1290583881686054677065355912253444999101
600, 41017727923089667284330674256871424.000000, 380367601903388017989636332102162006772, -368091836728584535114534506410534667865
122, 0.000000, 0, 0
123, 0.000000, 0, 0
124, 0.000000, 0, 0
125, 0.000000, 0, 0
126, 0.000000, 0, 0
127, 0.000000, 0, 0
128, 0.000000, 0, 0
129, 0.000000, 0, 0
130, 0.000000, 0, 0
131, 0.000000, 0, 0
132, 75557863725914323419136.000000, 75557863725914323419136, 0
133, -162373849146989881027723264.000000, 0, -319911995015521245356621824
134, -80120850339987118106869760.000000, 4835703278458516698824704, -319911995015521245356621824
135, -2380072707366301187702784.000000, 75557863725914323419136, -4835703278458516698824704
136, -9671406556917033397649408.000000, 0, -19342813113834066795298816
137, -180465235142863491841392640.000000, 3943176013196153753436160, -1237940039285380274899124224
138, -5748612661346248496101530296909824.000000, 19287000644964651175929446400, -80480601307289828242222693102911488
139, -4471143183151224501972205855309824.000000, 19287000644964651175929446400, -80480601307289828242222693102911488
140, -12102632194513788436131454948212736.000000, 1298074214633706907132624082305024, -332306998946228968225951765070086144
141, -7763952355291992724474205329948672.000000, 1298074214633706907132624082305024, -332306998946228968225951765070086144
142, -4556354656815318329952263762608128.000000, 333312879697510068256039399063552, -332306998946228968225951765070086144
143, -65161912350976504615594797039616.000000, 333312879697510068256039399063552, -5192296858534827645981944885280768
144, -3522275870960344236288147017695232.000000, 1298074214633706907132624082305024, -319929658485600536349737954972794880
145, -2437099354347049497838311910146048.000000, 293364772507217761011973042600935424, -332306998946228968225951765070086144
146, -2216801718894725485904364906217472.000000, 293364772507217761011973042600935424, -332306998946228968225951765070086144
147, -231771985662059597204310239593103360.000000, 1394509784214048629020182754143240192, -74353691014218731640554455634618089472
148, -196490935753116587050692940182585344.000000, 1394509784214048624408496735715852288, -74353691014218731640847189610397171712
149, -171559326272474342911925486226505728.000000, 1394509784214048633631868772570628096, -74353691014218750530852427144355643392
150, -25197151854696829596635023296954368.000000, 1329227996945487020917092502820880384, -11465261403115905168775771751983349760
151, -505850987947226564313293903215198208.000000, 1394509784214048631326026313112748032, -85070591730234615865843651857942052864
152, -16544369558477286671125902467792896.000000, 5005374171472831319769353890151006208, -11465261403079599615470516801787396096
153, 24952664284046403708731980200804352.000000, 21267647932554889133560977185375780864, -11465261403079599615471642701694238720
154, -304525418440667649833006350758576128.000000, 5005374171627573831597555452150284288, -74353691014223756164711445091774889984
155, -590582051359836268082648954429243392.000000, 87209818035951569330150264136923086848, -85070591730234615872814942606134870016
156, -532721340129009506611626199956324352.000000, 87209818035876613558916601314563588096, -85070591730234615852062355523211624448
157, -29080397281654443297922567261650944.000000, 120974738144249584977809854900865597440, -85070856593711418320183927349622210560
158, -757697613204662321182172031437766656.000000, 120972791032927634417449155414986326016, -85136793515257852821254134699466424320
159, -622363070091213550813864896600473600.000000, 120972791034921455270072040088241963008, -85136793515257248357231938208133021696
160, -243793854309894264580738524314075136.000000, 120972791034921455267695265384891940864, -85136793515257852820070110142288363520
161, -538900979358420013412893519425568768.000000, 120980516813363331311968221245762437120, -85136793515055825868327173417673424896
162, 192250998292944286673515637909749760.000000, 340282366913118973023332739507208306816, -131640261760887367168407165919962660864
163, -476142633363793778013103989133934592.000000, 121956668613525571433664586027772411968, -83741323169693590612719745678174060544
164, -413665567787970390307177724913909760.000000, 121956668613207504703639913522210799680, -85070591116487411517113537260510515072
165, -769283607680266736693071970245279744.000000, 121956668613444962681142854495081332864, -85070591729643541146135314326597141504
166, -918539868504467837414052165719162880.000000, 121956668612910902038096718177369522304, -85072050148633779663270079391628263424
167, -1292987684266798264790269230084784128.000000, 340282366919085183226512868437210087424, -172777692886098110150873922230596730880
168, -1016106228077168398114910446028849152.000000, 121956675882095318025841405781691138176, -121502331145120776178636214344865351680
169, -2180771676175037584834458563878322176.000000, 121956663888885504335694578640971710592, -142778063485012405611598573503514482688
170, -2450224824541584208678312638169481216.000000, 125861504282602782078866157554966970368, -172170073134406313297005682378026253568
171, -2441878845503974984841499047882653696.000000, 340281680810139046570054476650020389120, -232622067499975941883221437356250791936
172, -1365839028277033977045998112497205248.000000, 340282363858254853276556180977299615872, -172697642206117519735309860061510105856
173, 893528314313117204758538930624659456.000000, 340738746585815708059723887979717337088, -171195168072501788779312225449494386880
174, 1380164434175435582459282142204526592.000000, 393700478426497444484659443619973369344, -170187965459052612323237284758484359360
175, 2086793546066166117703313949567483904.000000, 393700486507744537911410195548871509504, -245943386227988916397550321961077349376
176, 1922365446477137524082208761299599360.000000, 393700453624821792303780970406769509888, -245943257290269170199497158043588759040
177, 542989001770444001677547642961264640.000000, 401255957245408896362987013657636682880, -245885798144976010667848906800091377152
178, -455302782292972938612441435221262336.000000, 394337550325746013209398803056598401024, -276099444705455704565987315366502408576
179, 1046339371226961456218831512986976256.000000, 422653978125973707465110729115750600704, -276100762818389835457796636914503991552
180, 1068711512675366510814643029817688064.000000, 354304984179673845891517002622377219104, -292423922435715596347378917687867788288
181, 1109314566131727228668559337510141952.000000, 341313502850613828367799135162600582176, -292222045111239894359694048521497111040
182, 1746284395390539969329510781846290432.000000, 417848473283576061014103581959010252736, -277107514473294440379286000439886726928
183, 1881866453668395466499870892534792192.000000, 416012201070013139694892347187074692480, -279101684480915473611210688360010106640
184, 2975725793290897127041472576207454208.000000, 345335230802876733831423642925621413376, -279572224467389433766137344907119110976
185, 4402462040288177137954112758244966400.000000, 359954223656018519774934437488614329856, -278030743526480103205000779456197143360
186, -939101725957241144563679763359596544.000000, 416011884642065409768820423307582228736, -280612431791836472402850637603191898240
187, 898009846106336630667645666505785344.000000, 416004522731496110173919620872402057536, -341224220360052377867572314690994782272
188, -985046726471929265415040884096892928.000000, 416089201783975749102851557295005797184, -383005633659684973764143347331311358016
189, 3091502318028231211524427068259434496.000000, 414763697325643905005082006402400633344, -338745466731021517538689536530585676320
190, -3438716781191177982104104488537161728.000000, 339179939826791460479129688375256544256, -361132875833276346228926382026167819328
191, 16509017925612130295572577172586496.000000, 339342632706661290340154235214686183616, -343758492638338160124300990841552588032
192, 2172286468942895575931230735996813312.000000, 344109120310819033717159367580640327600, -342186121054990630708858474356015500176
193, 1182795412588967717604223370750066688.000000, 436835252491049379732914986295873343696, -362557139006105492210537504960096361024
194, 3802227555311304488689996994015395840.000000, 346646406518774933472454195620309707456, -354926423928733001368804682194179115872
195, 4104959053475641864069738574175535104.000000, 344472921383902908466340154276087561168, -288673654587544278279225011735495321824
196, 5840958927776666713511261112906022912.000000, 406723827075565469161563488306965322672, -406184234424544571149763021789662088784
197, 1433775764072911956101650108813148160.000000, 381249929391886079962385493246121336384, -405932614162993797912485900429986663040
198, 6776737401654171288076662542086176768.000000, 423760057605225931390894339155412107280, -341008429304041656417117219785042166160
199, 6137037614794535558582823857378295808.000000, 424826852215028888921686112616150659600, -279716100398351100326908421008317469040
200, 2174137148437091356697146115871473664.000000, 424831983226674536430716212346655341456, -373034283154807638192100808373152832032
201, 1827584931604809856607313135249915904.000000, 329035449788688444347499917636343717344, -387016218438135047680463445043168151568
202, 1088158014165848377604740655607709696.000000, 334290465192063896887843131266756896816, -501172781806107315609507452481068994768
203, 8751561877401925721313512563402604544.000000, 446001476798166930957230749936377168000, -429873155313389903629533743475706167680
204, 3061085174259988970970535030022995968.000000, 513642579670287961733443368357381793600, -501196996488850416164866826196639608016
205, 8073753665428568866905484511888277504.000000, 594260137397687465959019952732883118912, -501196877155038143052913975517717589200
206, 2449257654309369146703856854066266112.000000, 361250575580323947219469711611735528560, -513490114612737989084760304373834631040
207, 4472469496141220337511331983769206784.000000, 426050652393314633227529048294892124544, -394007445000615258782566659330004270736
208, 3194708553480760922072341054075437056.000000, 356633427205772038470386809191795552208, -524058913392123307320531770430228008832
209, 3242393894295701030490782789653233664.000000, 375435887742725700629596317924882112048, -319271062192284100404341306903090458224
210, 8203441694678647483019342101514027008.000000, 430597720643961360351681176464553816752, -524060805352281267375689591563331227520
211, 4599277125342599297446451505027612672.000000, 375211379779907542055443593553222854848, -503849646871470050475334405600416673648
212, 12775256002098322235606939746663661568.000000, 466581799555325603562711126644575562832, -524060759006478647625635593306430346624
213, 10592129019922914520086766284324208640.000000, 427135686909986491460940270413401176576, -508779204778426566318652638276274249648
214, 15824337778515790764620362710727524352.000000, 392518211814365320921547791680699980080, -531751252569678817873982912955173234560
215, 14674239122410717768220781218199764992.000000, 512509472687506094731247919188634297920, -503179806960616728797252549299624081456
216, 13089429953396919665086069598572249088.000000, 427385499371753619317734110304478758464, -511622503066570570016228960014192547272
217, 23226719885095578528629826423544086528.000000, 404008853976097774147997454257412694372, -552958019718018709699479580903685585856
218, 20533310322956882836196191201847672832.000000, 403684445617163940278164248305727128192, -513298121582552647064226449041058061184
219, 13975045914955701345736897166732951552.000000, 468091920566655504601014825295461620272, -442843309050299423977179260343250809628
220, 21095114793439029184945351255180443648.000000, 417646038259687602605556478496249210620, -511759894269595486353829492933457635792
221, 22582082449616506801823031751312670720.000000, 415046330133645273076245885995114002048, -552962129922126288565881204550129637696
222, 19930394383746522613656808352517193728.000000, 455364135642157420091337240706498003584, -476065181728399380275788720682979646192
223, 18998965084111681829494619401183297536.000000, 406258624469740619893535092511588230104, -540225024327291261181106849645029260200
228, 11461668800712782353777705097195683840.000000, 468364380239396372132924809526227577880, -491222439250384156412456949561467274352
233, 4140675246350468561975861423661645824.000000, 412126329363852940800361785734050522704, -513074819079900088113960939381450808616
238, 25739037380953633751310577290692263936.000000, 544805799768880633872114206661661465584, -466874900532686254581187184317302599160
243, 14300136144799100157853027034013368320.000000, 515393714499031535231437336535536552128, -528511466129280884857076809842724727784
248, -29328282415776783045697092025707397120.000000, 525031978756319500990999207371723496996, -585459473763350585320399088837192737168
253, -52782015499535731237333569639639154688.000000, 499349628338552165379786765217733868792, -528112957616568983555131881524987192440
258, -56401472936402657201857331247395635200.000000, 545515919646015375837210745539083441224, -578222315601556856671819167815098175192
263, -50945033676305359421005424873688793088.000000, 428083182290916064982288816608633083740, -580105549867298599185150780650205225352
268, -65987354208309502098512108935335378944.000000, 416125104655893518430288250137946877620, -613813356336646497083923204469511962102
273, -48679104839138389659197859830469492736.000000, 441054432985350823545986346165198199568, -585337336029931648706525854982093890140
278, -33944588785918845211349329066734911488.000000, 611119287595427386188392126094689451412, -535280965592217421415074739829522934726
283, 4980871598497112136119076947889225728.000000, 472026063075061760722283485923425714560, -584715865612865392557837431182670669026
288, -22727281356941347695686093048649875456.000000, 505467899399042051963280819537754993896, -543654681609750643706607222923934966776
293, -18645713640679446556409299587121020928.000000, 524603947953553516671466950709815489435, -560916671107837005606180276010128389882
298, -3622210265069966872747807178561159168.000000, 594463092120195060618201126347931218428, -549273188244722636227433994603135747400
303, 32225648225385550120269370497028849664.000000, 570359350040941147825173130982225841942, -533742441589059064693782469831899616595
308, 64641030618485582941549143463232012288.000000, 597634900636605077900587816179901909522, -523217589696077429616334889099385955342
313, 48326267181414889956883634140349464576.000000, 594766080713120759954959671985950966735, -485450201805453960359172368346263923743
318, 44690165680205707174816871911654424576.000000, 524361417787851756069743592648289238875, -466480075914468305119107641029340885304
323, 32503725908174747163131711203347267584.000000, 572445208300480359661172942119635142617, -438212949860481597132584320973887402624
334, 17850463084528922326651505234545737728.000000, 556978950197203575569420209236790317167, -481387397607769566599378128303813731288
345, -14632359155474265283087531734925836288.000000, 456157962394832645980039529490466735899, -619674282018805515408828323171752573112
355, -60281656923589568712172989456924540928.000000, 399454335902110697743235516076996082971, -608990539799292061331567898546899657710
365, -37273687515588217876558250182172475392.000000, 456832237434367193795262820322159886282, -637674970131136543924231544897535873400
375, -38999908562700848552555300045744766976.000000, 457995923967599933212369760725916598614, -646727314617026221412561938704624018974
385, -40327355691071903220821904996050141184.000000, 485432090145741356978249139425558674470, -1242740012797936240452495270198249044297
395, -51553759267091212141635892536181522432.000000, 862093061346797254448441988807279380163, -1408736002617824296052334741166944157918
405, -20905410395782705071081519588296359936.000000, 788544705018798390075149619526625555903, -1321924494295957148553362049701648826479
415, -32344100514261809785733538423230169088.000000, 662566552956453794165980430909656341205, -1601102876510048735600938305689809825154
425, 4571817003068941291089172023677550592.000000, 543424781628181870132674805738546510658, -1324461970739846879535621383168604829048
450, 118003005400485499315028942248369717248.000000, 777245202505419176493169064221466903360, -1509200396201585500648696052079314718303
475, 69245931483567455782362817422176550912.000000, 1022473824410345780282905550381160688735, -1539538942511608070739895670366676331870
500, -251050225370083455047952222960629055488.000000, 999516606369750450543008673488063394157, -1171136367162377901203859767944394376113
525, 103184795498167699394248517826119729152.000000, 1069484898239045758113296808020728318284, -816181867486884148744078519299942554103
550, -3365805207206570554532920236452085760.000000, 1343062706984572593739948580144219567310, -1286975371172200195971936971149359712354
575, 82555127475953318603362997611834376192.000000, 1550155743905947252796266830331819364568, -1427969103348265734293593536927184686067
600, 41017727923089667284330674256871424.000000, 380367601903388017989636332102162006772, -368091836728584535114534506410534667865
122, 0.000000, 0, 0
123, 0.000000, 0, 0
124, 0.000000, 0, 0
125, 0.000000, 0, 0
126, 0.000000, 0, 0
127, 0.000000, 0, 0
128, 0.000000, 0, 0
129, 0.000000, 0, 0
130, 0.000000, 0, 0
131, 0.000000, 0, 0
132, 0.000000, 0, 0
133, -2380072707366301187702784.000000, 75557863725914323419136, -4835703278458516698824704
134, -80120850339987118106869760.000000, 4835703278458516698824704, -319911995015521245356621824
135, -2380072707366301187702784.000000, 75557863725914323419136, -4835703278458516698824704
136, -63248543251666304487129088.000000, 4835703278458516698824704, -319911995015521245356621824
137, 953820748790121190987399168.000000, 5091995552216818083862413312, -319911995015521245356621824
138, -6190813633710607001735198079451136.000000, 19287000644964651175929446400, -80480601307289828242222693102911488
139, -3770595458705443301722274985410560.000000, 1298074214633706907132624082305024, -80480601307289828242222693102911488
140, -9248336363034054997774535537721344.000000, 17864959056995140537743966602264576, -332306998946228968225951765070086144
141, -8068421526548864286373469220765696.000000, 1298074214633706907132624082305024, -332306998946228968225951765070086144
142, -8961418911930072561466614183100416.000000, 1298074214633706907132624082305024, -332306998946228968225951765070086144
143, -6520466466790887289032395271962624.000000, 1298074214633706907132624082305024, -332306998946228968225951765070086144
144, -3268140320622564555588444687958016.000000, 293364772507217761011973042600935424, -332306998946228968225951765070086144
145, 1725503141390449155050344409989120.000000, 1394509784214048629020182754143240192, -332306998946228968225951765070086144
146, -1482892745994622483252250245332992.000000, 1329227995789522541407846399186305024, -332306998946228968225951765070086144
147, -235977583127604061897402236725624832.000000, 1394509784214048629020182754143240192, -74353691014218731640554455634618089472
148, -203721939588898494684985140027850752.000000, 1394509784214048629020182754143240192, -74353691014218731640554455634618089472
149, 202452315065886829232839892775469056.000000, 85071495765415795310032257162546249728, -332306998946228968514182141221797888
150, -24098459712190367164272395377704960.000000, 1329227996922459581354999395347595264, -11465261403079637394187332876742164480
151, -26289622902237385033185369528467456.000000, 1329227998221159953606155380583301120, -11465261403079637394475563252893876224
152, -25906695160112932912742544929980416.000000, 1329227996916241405288680789475590144, -11465261403079637394403505658855948288
153, 67849842458256088643778826234494976.000000, 21610643841822590808312158312049147904, -11465261403079599615470516801787396096
154, -126616259532908115756232496384049152.000000, 21610643841822591398031510117491408896, -74353691014217660770164673897960570880
155, 101431511295457810167510160870735872.000000, 87209818035950964848793712745953361920, -74353691014223680717528183619708780544
156, -402750943689782085252938281821143040.000000, 87209818035951569330148012334978695168, -85070591730234766967792059151135277056
157, -897465105934711438395577437956079616.000000, 87209818035950964991744720318133960704, -85071098795427751905499306074235469824
158, -634386491586372200571817934387675136.000000, 87957508783473583916025098062786199488, -85070774276874093482379558774064283648
159, -477721057900168298289239363300622336.000000, 120972791032694311682417811599002173440, -112652072643908013459734127055810691072
160, -919917872674608102421117786084343808.000000, 120974738140301844859674459423463178240, -85070596945606488117471196754318197248
161, -511078759115837407049793339681406976.000000, 120980516822514597593994341454623014912, -85136793515055854202525789160569569280
162, 129580776317324771542526381025918976.000000, 340282366945561120745074087979059757184, -131640282043300070481669153317156388864
163, 79007366505218994564478946485731328.000000, 340282366945561708283023948928650346624, -170152866129428393867848742256972595200
164, -482522123169588863076428453899141120.000000, 121958291206358456091762077120258113600, -85070591730933859431749229658310180864
165, -220994530839039395861171180882886656.000000, 401505811083100496150431430666021093376, -171366484400541686628547434303751127040
166, -869290957362514807577710205073358848.000000, 340282448049357407983124074552064393216, -172777676474950210062108121750992650240
167, -1384486844115979854684064094957338624.000000, 121956675882090527187294363878288998528, -85107262256433282271551342344724282624
168, -919130938187525946107887090470486016.000000, 340282448049938417665391544988089901056, -171044602631884009418583663379865337856
169, 6045742851650238659229458909626368.000000, 340282711155230545135522423217164451840, -170359290403515694835516194336867033536
170, -1903312931500064632275054451258032128.000000, 121956663102749663843206461395340444160, -172169847156688146573175642897281710848
171, -3717431036413289041727198680114528256.000000, 133641808171737883256348200804918476800, -232622067626443735860413446133920055296
172, -3026138728505158011608438637351403520.000000, 340282363858254853774661763786080913536, -172697664548348271493121258591495387904
173, 379768538529375782690700862160896.000000, 340739152227896697736423201078197035008, -170193054754047880119083193258576910464
174, -491856522790280443461269033387556864.000000, 340282363892958104413146800162722006912, -172698130670001518232989517264881482496
175, 1050945541277116275514708651275190272.000000, 393693267375331469359682338924027086336, -170151881900902948273516840607569383680
176, 187454082127807000882998128165257216.000000, 390155271625869548374316354123142152192, -180758867663328936743219481710050144256
177, 2763117458672751360371720870671941632.000000, 372432828951430347618992468853133198976, -245937027700208484566657698276999045120
178, 941135599897076846335357785326223360.000000, 340932884932664887877069355718365683648, -245937545228470673290682509102431825408
179, 574031562893174291625691255440146432.000000, 340940551002419869401944255237328281792, -245937028044851331196053901377050079232
180, 970268184326501288666596680713371648.000000, 342052507976045765972355983479242819584, -276443555723937953132002623642959333136
181, 1491352291053923852521249777435803648.000000, 340972119860387742544438809207035216928, -276453511190945224216114767975278265760
182, 634288621939905043473477927197212672.000000, 354138354896996260298247472556862829600, -277878450588446910888691086177236347712
183, 871405908780358288626304379003076608.000000, 417863638700515645436609226979322230720, -280474730721642044191443915221377884800
184, 1315129552234151741854362679168204800.000000, 417888951743464641094411103005470349184, -279101476230402606471868042226434410256
185, 5180574051419444682067936150787457024.000000, 354788896996886383813545748345903519744, -278509890609789240140973395440129215296
186, -1515574237966775284600392943730163712.000000, 416068635522839606554961929251351123200, -312936708075407882990879287698713739840
187, -17195262924423855614880891728297984.000000, 416043030220618667343004858235644728128, -346104373007190902071684548369152786368
188, 442101341517843406803693289978462208.000000, 338926859247527161206473727039796352192, -338932353692703157459389260610148116640
189, 328109902062523914319269189403017216.000000, 351247369255235335998107038099188039680, -352838229564119152476024938522491724944
190, 1305247394339680443447230885686935552.000000, 427472993692919884212017239912129887120, -282855741483135069165747861994702541440
191, -1839855639290837215912422870882451456.000000, 339644840498962334309810265681350335936, -352194023303014006309877943784315252112
192, 2716147007045398194114102028090212352.000000, 425833912079768463595327538074766352592, -362551460086510545364051589585525152832
193, 4189651735181145962159661862468190208.000000, 508617435880022576538430415714771843712, -338325951792300439405590203276021549968
194, 5528572850982957159317099844516970496.000000, 436714178045633768072953526057225103552, -337859494392461750561761962769260501488
195, 7062025196520088371504520337775656960.000000, 385123352397178646780726199093892025920, -288673562952922946296726857632760605296
196, 7018696440127289541498793876485308416.000000, 468876910178549087074114665035946760192, -386076574629415221025794317686000646448
197, 2981370999291908115106181677542539264.000000, 302355579971755883877264980807338483328, -406636866711831105240510094640370137680
198, 3769899610022321541310466717665722368.000000, 423427832230984990618179330001139659072, -279689824709259118805361684215628773232
199, 1818679646187972779431614863860826112.000000, 339789021089649921953928595239620754736, -397695183645566240655225393446471069024
200, 4078003272052155941928676992726597632.000000, 339992213765100438573233116452483054224, -396392909689200578340300295390006775200
201, 1053310344451166251106755185844682752.000000, 452967390772389759232147263804831385952, -394251481348189866373997635458097272192
202, 10105897420372316236961717961785081856.000000, 402478676342845035098732575598338038640, -431419528701197085841764826317785304576
203, 5544330834874520871245937228868747264.000000, 469857254158656127173859530812645832736, -501165722933780603474415056138869057744
204, 5513430562605613425447712152860229632.000000, 394587464898997872002351236947243191936, -498636975598875716702751570165887200592
205, 1300549745714527245761994088398192640.000000, 361225581969065683488066833715564596336, -507841077687632353424972450749174449024
206, 4150181653754023216590677061996118016.000000, 417162626753561872993557623977049143360, -505181014290339318824150490463620907904
207, 6354357857167982914790589303732830208.000000, 408836549115689523884905478574332036224, -294684871052733319557566619764480273920
208, 4304779622957951578083523381803614208.000000, 398877016023298850827669424928606876112, -476323241881898719119251353294903827520
209, 3461740690341842946847568766487756800.000000, 417223414118154701108400822182987548544, -457903855770274700432266101899546112320
210, 9818673371594918647718555508684095488.000000, 425128452121331425904560823054589122224, -524223406259994717502588354815865573248
211, 11896610459112405608094915626201513984.000000, 393358716408782030893385989017583202352, -524059876683559297331825763818635694976
212, 6227309632964208709645117008228909056.000000, 416182247512968241077651047413799025184, -500657667011879985833610535842450850736
213, 13150781826408076807112548616530558976.000000, 393439684346807518840343284952875789616, -509171908814074457170853704788661577600
214, 10867168536180252450719317659526103040.000000, 393589438845222129670230179515742159648, -524445435309202105129082864150181833616
215, 13337696403114358764485784682065035264.000000, 442413665919510205132090702336651969792, -532035584116006954989093659285792486288
216, 19067336118151153759104590604463505408.000000, 471898805861893637116318042361138857488, -527874083780549856759831273437701523200
217, 17206400462108601459560984098002436096.000000, 399741083893399687111726824181538568144, -555985461027622398380237866186094358464
218, 11481652364731436958595884152755585024.000000, 365087985942933832816545738992357620508, -391164378805935036524486070084888135452
219, 17335746858024246010824686129639325696.000000, 404014093819753437602915504891191694480, -513081009352959515364673889464502840256
220, 19791295770895141785860082124579667968.000000, 401660237044189672174253717409126553312, -474318972511633171619530545406692780784
221, 12188773922231101429339682763945541632.000000, 437221490351253772835476945877568391420, -553426951540911732819233896326841526536
222, 16960807323952678486125459144745943040.000000, 420815133792656344253550030370150118656, -552835504399865072232470400950621840784
223, 14686372322447191111112767975794409472.000000, 393530773485425606019602961088543193712, -542681027890998715828426982230149065896
228, 6382107899576750226655602440853782528.000000, 463236222825423187010474036159351795288, -472979811766727579353782697407096172296
233, 2555208460078590806234327222199517184.000000, 369906433564815181829185455291219068192, -513604821620233334957461418210659343656
238, 16916560695002232161567943148703842304.000000, 404137367785998489866083625823337643712, -517152707047896248689401893488402338360
243, 15201863288212758282869026993941250048.000000, 590199683530255759349986465801063299472, -602417545513663821165778504424887244976
248, -18880784217419271380047566426473496576.000000, 570435799308881582457821491409970248080, -585490695339932036871378625069350031760
253, -28941623554101513972164575153793007616.000000, 543471211193257303358101792331463561588, -601123306947754806600316025952735678248
258, -48152850237600509602694399936224559104.000000, 551573495663220452726189342798758737588, -584072907561976876180717944950576500260
263, -48201437939404968610304378452637122560.000000, 593770930457967734298350013308755424948, -542740304834290407295493168298019755080
268, -63181866074518697599469590467770843136.000000, 591942441602289415517376847324693268440, -650467129756965325650980853392368157346
273, -47030642469480493151832572500295811072.000000, 548622644505986932267276006805255985824, -576637535799951713610543034255096785000
278, -27474447620846680777700401121419329536.000000, 611101285485597894449011049760553909668, -544388903712764112901096845637170080710
283, -2818030674462175134232807260584673280.000000, 472118706017099641661092966390175066752, -579149741947834340988620563594383846872
288, -15477187470756593814481935913411674112.000000, 562087566422884963051622823902878808215, -604095767089345576238060045174918261184
293, -6474817426420078477839765504023068672.000000, 527809184760194816940737635340681079498, -540316453677002217715574438821336668490
298, -9457729574968509651453978620735782912.000000, 545018179067044057946562149536261327055, -540955117453287538629909021651445728584
303, 37712256015734916280850673708654657536.000000, 587583067316266606997569535787143864348, -513140438086652453995278219000191360792
308, 56138124565378833945599093455850569728.000000, 602906284999652417735793225235319769618, -523179039777304447686288367955390845902
313, 43811089459483668815896358593218215936.000000, 524452312637214980606650306823505205223, -486866322923930760663838424327890582007
318, 63818063713111453218444818062495449088.000000, 563952416504080555293002835016364315586, -443061172260468694576567037474607278408
323, 27792874463160374091487370647424729088.000000, 589927517032079494545988761549296030562, -531017108880572599352485310541598992633
334, 17325775666082315182355682473235447808.000000, 480682100558130369952892419266695049919, -545348437649274389034076927496713060028
345, -11840372693114844338452384010307895296.000000, 425794951293311682618261673992383430947, -646732506288939547177391771569096027402
355, -40194554939504598810114128327238221824.000000, 607114801487764334313567915292477307602, -530611587911387883688639528347040608395
365, -18626221339757174283491154898230181888.000000, 538263258533111135015739047664617243485, -613809833972717719453530802715506092967
375, -17352389538347472871976283943576010752.000000, 643729812451179718626665198145920178149, -656563355192894320786860662635612435581
385, -25263240261794394445746617450277896192.000000, 741129069437921347016286979454296003919, -1305420604217735615555232705162043147201
395, -136878575432453930102364728216497684480.000000, 604238336091225513436029993138567488853, -1296252950637150136688717186160480873014
405, -68543867968554964762831288845736083456.000000, 608073619809839354658698118099526104309, -1414386400635907645590466324943462959079
415, -69717536075545452114486386692433379328.000000, 1251410037688410681919632275606621158701, -1449702926666502746103369667810875576633
425, 40226117476527265103321822737614241792.000000, 685756046281918494231801118484110672225, -1353755895703214061521747015629214224924
450, 160004939338631947776618802889925591040.000000, 1010240959298478493340135699984002870157, -1688096179464473320685837431682267732893
475, 111251118948418447682516074065437917184.000000, 1140750913823795744019757734377906277914, -1582598121219226099959748228720261955095
500, -217867045024419528958979950015756107776.000000, 1171943713647279862977882263466267376664, -1233775054637204176843702021864848999920
525, 451866360394365145442381629234389975040.000000, 1515030227366935381861407061796030554691, -978514536939077850712293425822898260391
550, -15725023771009990149975509967019442176.000000, 1344010542226574384459674232939603617981, -1052451244763388553813594775480793698817
575, 74782325450909759336098179969588396032.000000, 1402203126288507645603394816228866561620, -1250283438872798180947731888906752268833
600, 41017727923089667284330674256871424.000000, 380367601903388017989636332102162006772, -368091836728584535114534506410534667865
121, 0.000000, 0, 0
122, 0.000000, 0, 0
123, 0.000000, 0, 0
124, 0.000000, 0, 0
125, 0.000000, 0, 0
126, 0.000000, 0, 0
127, 0.000000, 0, 0
128, 0.000000, 0, 0
129, 0.000000, 0, 0
130, 0.000000, 0, 0
131, 0.000000, 0, 0
132, 0.000000, 0, 0
133, -157538145868531364328898560.000000, 4835703278458516698824704, -319911995015521245356621824
134, -80120850339987118106869760.000000, 4835703278458516698824704, -319911995015521245356621824
135, -2380072707366301187702784.000000, 75557863725914323419136, -4835703278458516698824704
136, -63248543251666304487129088.000000, 4835703278458516698824704, -319911995015521245356621824
137, 953820748790121190987399168.000000, 5091995552216818083862413312, -319911995015521245356621824
138, -140485520528724468253010690048.000000, 3943176013196153753436160, -1403575493555235078808470028288
139, -4235819857895945699447187355729920.000000, 19287000644964651175929446400, -80480601307289828242222693102911488
140, -12102632186057279832222914192605184.000000, 1298074214633706907132624082305024, -332306998946228968225951765070086144
141, -7336970690906119765071227319746560.000000, 19807040628566084398385987584, -332306998946228968225951765070086144
142, -4417053204033545515895616144670720.000000, 19807040628566084398385987584, -332306998946228968225951765070086144
143, -6044915993999391270091208219688960.000000, 12364183633890906854652182205038592, -332306998946228968225951765070086144
144, -5576806833837418105235883482415104.000000, 1298074292004959074238515111788544, -332306998946228968225951765070086144
145, -4404496188255729851123115623448576.000000, 1298074292004959074238515111788544, -332306998946228968225951765070086144
146, -6747258302364283288678508391301120.000000, 1811611903138051521839043031597056, -332306998946228968225951765070086144
147, 163135381971513328105868064980992.000000, 1329227995789522541407846399186305024, -332306998946228968225951765070086144
148, -365764720831988755905730945482752.000000, 1329227995789522541407846399186305024, -332306998946229189586880649584705536
149, 196125462841730793146368808116551680.000000, 85071495765415795310032257162546249728, -720234491436182728233739310189248512
150, -23805142176142281258319687677116416.000000, 1329227996945487020917092502820880384, -11464591132824766717891291494922321920
151, -22421611989167208532086077098295296.000000, 1329227996922459581354999395347595264, -11464591132824766718107464277036105728
152, -16211651698777360240945114996801536.000000, 5005374171472831319769353890151006208, -11465261403079599615471642701694238720
153, 26295681436560131764154582272311296.000000, 21610643841822590807735697559745724416, -11465261403079675173874674671395274752
154, -600126573471713103719722017601093632.000000, 87209818035951569330150264136936718336, -85070591730234615868185523664174710784
155, -268344067546199866279851494496796672.000000, 85070591726674461557085395878366150656, -74353691014223633493845344922793672704
156, -173201601623931864281847834492272640.000000, 87209818035950964848793712745953361920, -85071078513025798382332642438784745472
157, -217980859770038835573269223293583360.000000, 87729819515502845193110729177467715584, -85071098790936592375820812745628188672
158, -772408121525279172873774241582940160.000000, 120990901407389903693928399778422980608, -85136793515257852821110019510853697536
159, -465820290428386066308654415311011840.000000, 120972791034567411194168722278497910784, -85136793515254830505552598835998490624
160, -246846581601879072893708599728013312.000000, 120974738145855038438570734233487409152, -85136793515257247176622303092212236288
161, -217425894170239832642867439777873920.000000, 120980516813363331339637273024776110080, -85136793515234580425778990341331877888
162, 188070869696025289695639749129142272.000000, 340282366941591743921987929608468545664, -85136694126849210186906226902966992896
163, -361370323395680695678121058716614656.000000, 340282366945561682741200918276376477824, -131718257767009692293379790298664779776
164, -239557933563112988352734869577531392.000000, 121956668613525787778230315148677742656, -83741323169306092026394692952621320192
165, -208829665484557608370991306863804416.000000, 402033993448574726997651567010492891264, -171376868985388908351775710372985765888
166, -241927116497427190391075433898573824.000000, 121956668612880016205629339335957151872, -85072029866242832678983664565019738112
167, -1529289446722366308573939013005606912.000000, 121956668612911920817155008263034175616, -90741174441830605075675982360929697792
168, -1670680777892383815038351751073759232.000000, 121956675882095314482851909715729252480, -114313891828938903732570009763525232640
169, -1606236273303084184605143775162925056.000000, 121956668928533012573227673541291098240, -90741174442810467070806154461458793472
170, -2678990626133448709183925516347899904.000000, 125666438206481048119905910187207933952, -172170154327405290229724441899719195904
171, -3312843310452931322483251152471195648.000000, 133641806266549547411979288705705532928, -232623876625590721764194499160703254528
172, 435760633534690281226452974140653568.000000, 401675844858551131614881920255143257600, -171195168045492731589379335509557582016
173, -1806416666896259915034464558818263040.000000, 340282363855906495004208503408546154368, -172697643987161774791661770298164787968
174, 1010869892894517264253435716137123840.000000, 340282363892956613035172938514612995968, -298570445565700738267261209247492374528
175, 1261707521534080863171938013698588672.000000, 393700476497287150670089143223399892480, -171194865396283452603153502637952719296
176, 3131526513486313945966246540034965504.000000, 369851270541610586322436819396981835840, -245943386235468722448839321845359578624
177, 2148537713224403514289693779610828800.000000, 372425505832951885725734042054967985792, -245937226684218741198320063172695043584
178, 1853488109279521148722345724193275904.000000, 341585743909014747979012780678429286400, -276329485337811278970068126293915744704
179, -793707084759655629103515600506847232.000000, 340895380272642090784582605880777129984, -276099444571008800888506489227116889216
180, -765638786818102273781208069003280384.000000, 340896353866454285724999497118540109824, -276454485700197993339705637360462873760
181, 1257345615835148067229848949070233600.000000, 340282239097837708292796576205339426240, -276308614634950184105751672802291468048
182, 3296753401527489806328529730632941568.000000, 342011829256997831421125641414082172928, -279099737397423626126257631774588126992
183, -648823871953495563811408880716480512.000000, 340251086743406270082679754913057151424, -280476068281295015744902771212681863808
184, 1214228968132284660347905752157913088.000000, 340310899845250151216004773498389798912, -277878601878517066557669872794531859264
185, 3338731902982058789991125133975093248.000000, 339892950883997566848362314393671472960, -277869116682909689386344521124120832832
186, 2843367498988120447824177534930518016.000000, 431453293230439374138093335825125290816, -279397200404423662036903467308488230720
187, 3207456123465579102504422364843868160.000000, 342398835756731097452741321933030316096, -276589583464265658287857575134509081952
188, 56862014757467779458250501630459904.000000, 342501253365554755318732900846429952064, -350527402360909702513468164432999426208
189, 1865366583423157145915332202160193536.000000, 342790658592724229659628072201846471680, -341235659610987155520980005155269912992
190, 2948339086063218826275166576059613184.000000, 379538972131781580473530252796941845856, -364149346917847099725251270559338670496
191, 4130479214039064097178746191010070528.000000, 436279638293981739508728043285646566608, -279903332237623396871718809569580954432
192, -55252969855744162946535841415036928.000000, 435688710880053404618051623793895051456, -362558020625385919767850961699093486656
193, 4008181485258984960417682122958962688.000000, 343388229128130348843720220712001390144, -273837588036859041878682758728808040896
194, 4336166804876455190901934104296554496.000000, 342844484302821652718145800095427930656, -350901830954629071272508479745136843568
195, 4596200183096431826296706527932710912.000000, 377579720725449430466114336455317069376, -286017183802017401630364239904474204016
196, 5088035472666822786657405457760518144.000000, 335256234175127890228829961743997648448, -407136220070209051745943844084663291696
197, 4781924092060311653957520174151106560.000000, 374114704046769167063684543070471628224, -405948109805231505955299485408190480208
198, 4702375678022733123570205175870128128.000000, 406320766011414833955385627012771876640, -358954920501347904618018414201607618352
199, 4717911269037102832541418309459902464.000000, 340248512238113281082408946571944109360, -387068049686573973009666106059147089936
200, 8464939867912858083189530415169798144.000000, 406197658997324146902743630808189172304, -372670827479802179475401144379989796768
201, 9453276334501905299357401037953564672.000000, 444838138095331381569306974409537471104, -428220120524209212492068181317947306240
202, 2641607060696663407095974177267515392.000000, 424648288913701463785955588742397988352, -501163922908340404321144474183243974848
203, -252187625416311478906140926742102016.000000, 362213839159238128149639686742748063360, -506482817423024877970428361179992816848
204, -1987517673196165924112431974172327936.000000, 383498914575673691115486827640845451712, -501165158148079078253084237550153952592
205, 5876147758338439971732258402038972416.000000, 445312328826967678906031619167938117760, -427849510606503907379779712508258682240
206, 5215275426506238004346215154967379968.000000, 444814680775052097681893133562559365760, -423436695120718083967597003289783030656
207, 6274101359058216063751853845992439808.000000, 426061932698710898433911737600540432768, -332459583200294241963915292127711478144
208, 7087847170317766944340291033826852864.000000, 355079919649344629622154477746380949504, -507716153132017570815118207400753107840
209, 5099957114590787194639855191723081728.000000, 350846177884633900900413862108806242352, -505325146792313743843641750417691381632
210, 6373274400207759756778040629015871488.000000, 466706538324501587262435667346515024112, -524059201193991975893849362480712831872
211, 7742007344562065668041155419207368704.000000, 466060583350371276607541637163725526352, -524061478631693719429747255683094139776
212, 9788543374136803324336366482463129600.000000, 440015507266916035525694220851216970688, -539909986141837388513224398500164394928
213, 14365392349891244377502555887097610240.000000, 422096472064975975451691298017535232384, -524349929358359524944774127878759115648
214, 17037600868572041888013340530700189696.000000, 467003148885187715486309242689946560272, -537434881006986249079659368662837490576
215, 13201090328746414457155978674762153984.000000, 372868925776717702284884410664364116352, -481596748181573754139957499589366903696
216, 18945486727550474257254022406935150592.000000, 352471918229870596849297717923143752384, -552882252724003019707778758331313537488
217, 9130495942797972161860349400870551552.000000, 368633228362480503217931894397176724188, -511741278652131862592705602437314226440
218, 17403205004400433394836343727495053312.000000, 390150614194077110386179914832893198976, -511087579157051079888868515993863121344
219, 15666106110930660060983453097706651648.000000, 491789385962544626482232489605360211184, -482327903438021782881462009456333916764
220, 20681981415061467630898570449985208320.000000, 481879081803713514051804238940172618368, -482795497919028437425900168613942287088
221, 22870179884866520429133809129615261696.000000, 412551919953434304445975166352480204480, -510143566853843137774507070788167424400
222, 15621504591240685335100828174325383168.000000, 484337186866163613433893669445609038560, -561408448524460782948424513056825170376
227, 11191829902284504478730813561265717248.000000, 529160826996661872227188396688763599640, -540882649608387966378744827295828397448
232, 5515955346058983565383642984134737920.000000, 392262675232734158900793842774471268176, -486397255075373630771382871302044080128
237, 4126707118007122786281805306398769152.000000, 541720158745562902579209285796300726680, -555576407282390832950313603077335906864
242, 16630722616017624164264650248388870144.000000, 521468959154759425811412063499702423940, -536626656265539084706122963948388350128
247, 2882036162047988467187722841772523520.000000, 585100061534421195927844589721172034548, -555323579119751370972047758678177940124
252, -39541757251764675127234387294986174464.000000, 484406834846255586221922099769500125292, -529896758980935854676556207987856559788
257, -51724641136117995916512904739765092352.000000, 543915266318727458941939070374605090224, -536841318247559747332090625047186705424
262, -50162099394897612070689196355585310720.000000, 495955275249878331660181673171375490184, -602135249983348064343620399879537118342
267, -52113323894205390411721796313421971456.000000, 434208144444778565702909002806478701014, -614239769965697576481981180595594345990
272, -57656366673356358127020941853950214144.000000, 508836941970112591804592268749444523092, -652901787650805065410542101978915108002
277, -38433004372509502817080516922954481664.000000, 555538817476485458740326969354438924340, -648436396805930074676965346337414473626
282, -20227946235561777284255794492424060928.000000, 488998507602063878429322690154033229132, -649418399597217922687505241680513808410
287, -13279703816470483546308452719081291776.000000, 505184101430638124647668539140731292152, -576132989145695207105463843962933863416
292, -15368892754739583183374139700457504768.000000, 472604505935089217986770215860893786642, -523918231866476434439975718626107448060
297, -16417065915949312619910508978984976384.000000, 454564933229796516778552811404072485779, -553965636369772035887358480904322135524
302, 19485427272041151473448879716734861312.000000, 594999951972136942776347707137087007116, -515283218653016223831193270017629996428
307, 60342871162286341859467815239624425472.000000, 565266625950964219609144615286146830102, -523178485146519980648827223259126256654
312, 63829433499304873460356469346453684224.000000, 505029174174976243639566428625546540064, -433362185415154532173477136363350879820
317, 66184855184387023478347126925793689600.000000, 586377285854980168321123515726835489940, -437025526484666606049417992728520361056
322, 41020757785873945923632089117128392704.000000, 594869703761861941343739521389319871227, -432220423960103468460537862483201967641
332, 17847605507776027356601627053012287488.000000, 573998622858021028201609464646820224429, -479528401637520049496038861617409941400
342, -2818389418533854994474339354080706560.000000, 519349070087513379119729268089425983636, -534512811754581703627704131102340787903
353, -40669677006433299161224779143684554752.000000, 510886347635288078049794856730696258811, -638532028586295187436977801580488176598
363, -18009381300577140630224536326016860160.000000, 615480214029895798646132043935245553785, -708650618598186372543753617421151114863
373, -16538384553225879654563603970877554688.000000, 706157612010593544743888261844028559696, -668061073835561143169165947108184626284
384, -2156268853480468097349528427207589888.000000, 706854662475513036836237976384317997465, -1198340181142561962831027103628457834447
395, -88899745352321569864291356112083484672.000000, 627677968924194411365524304958266627054, -1314826139024666086709170376822290599132
405, -21649539257468069687911338041560530944.000000, 834829167249928243187173675711791202116, -1468426567456634490414613939539764325891
415, -39575046874567640827733578457949405184.000000, 826447692217326742437604527318948226797, -1391326183143037011937445157944160565303
425, -21829335953782738117407287279766994944.000000, 524452476062185272788458098946044707650, -1407273709057068462613869430991980136657
450, 111194124620293902695917156112527261696.000000, 724615072231336931977075983464660330635, -1585356756508094523911686340206562673059
475, 98004077342278580695846833754604568576.000000, 1201245572723751673213034155272050280350, -1564424124222503697270857098998988064335
500, -253565959896390281052625083053182550016.000000, 1129979288628195275918636941967548269357, -1339155463139563355755149654114053225805
525, 485065613085423844938103670474882940928.000000, 1503860667670332880459405560854892565008, -914395720254322902911604106590443504437
550, 87078309420028456566035396792042913792.000000, 1310503484199936728873223003957853714965, -1098149660833732259989705653867766919095
575, 121593505547315106162938683892242055168.000000, 1486925098050562744169839413715069016322, -1115963950930294279419289024523795899629
600, 0.000000, 0, 0
122, 0.000000, 0, 0
123, 0.000000, 0, 0
124, 0.000000, 0, 0
125, 0.000000, 0, 0
126, 0.000000, 0, 0
127, 0.000000, 0, 0
128, 0.000000, 0, 0
129, 0.000000, 0, 0
130, 0.000000, 0, 0
131, 0.000000, 0, 0
132, 75557863725914323419136.000000, 75557863725914323419136, 0
133, -2380072707366301187702784.000000, 75557863725914323419136, -4835703278458516698824704
134, -80120850339987118106869760.000000, 4835703278458516698824704, -319911995015521245356621824
135, -2380072707366301187702784.000000, 75557863725914323419136, -4835703278458516698824704
136, -3198616231063706537033728.000000, 75557863725914323419136, -4835703278458516698824704
137, -158045505117534671836545024.000000, 2873560004826179112534016, -1237940039285380274899124224
138, -6190815119749159946565208472813568.000000, 5091995552216818083862413312, -80480601307289828242222693102911488
139, -4024028864934209215456602149093376.000000, 19287000644964651175929446400, -80480601307289828242222693102911488
140, -10069950458039798505759032496619520.000000, 19749012189224582198000091136, -332306998946228968225951765070086144
141, -8068446383456975084606491476361216.000000, 1298074214633706907132624082305024, -332306998946228968225951765070086144
142, -9182704296552247497106652227698688.000000, 1298074214633706907132624082305024, -332306998946228968225951765070086144
143, -6962420939253763100343580409987072.000000, 1298074214633706907132624082305024, -332306998946228968225951765070086144
144, -5189609210433209769080558964441088.000000, 1298074214633706907132624082305024, -332306998946228968225951765070086144
145, -2729253905742424118875399598899200.000000, 293364772507217761011973042600935424, -332306998946228968225951765070086144
146, -280991793296207267176536997862834176.000000, 1394509784214048629020182754143240192, -74353691014218731640554455634618089472
147, 958238974248186513883641312968704.000000, 1329227995789522541407846399186305024, -332306998946228963614265334325837824
148, -199241519832900536453401370882473984.000000, 1394509784214048624408496735715852288, -74353691014218769420926344572631515136
149, -174845628619044448878519248689823744.000000, 1394509784214048633631869322326441984, -74353691014218750531460413094050660352
150, -329960672409239879753011087515058176.000000, 5071427067049487954910739622097059840, -85070591730234615865843651857942052864
151, -502885550683702887236775071539265536.000000, 1394509784214048628479749149591339008, -85070591730234615865843651857942052864
152, -493225082896867610490156168096251904.000000, 1394509784214048631076074369130168320, -85070591730234615865841329689384189952
153, 26549881692704015091955473634557952.000000, 21267647932559724836852946500956717056, -11465261403079599615471642701694238720
154, -297170678830390166171739495906410496.000000, 5316911983139682381083974469435785216, -74353691014222496473443132414659395584
155, -404910535220358717169388734774247424.000000, 87209818035951569311702394163318226944, -85070591730234766967772637378279112704
156, -84046112701610377904941204678639616.000000, 87209818035950964848793712745953361920, -77592136616006758891223510738895110144
157, -500610522455178121186445571303407616.000000, 120974738144231753322001782293197750272, -85070591730234766967575886369021493248
158, -686757425670644224414409805361315840.000000, 87957508783557727042016869401201737664, -85070774276874093473876760478563434496
159, -497149973669244893762206182787776512.000000, 120972791034478683923205972395692654592, -85136793515257852821254275436954779648
160, -1026021023203023212399604580206247936.000000, 120980516811815906327431917132200804352, -90397796056732305432474219943514669056
161, -638269541050493549212409683475693568.000000, 120980516832534174754507449139756007424, -85136694126733576554931006081319567360
162, -99297317286034981465232784173826048.000000, 121956668613536300650294525563818999872, -85070419331539736790541232145044013056
163, 68321705207335831810977386849107968.000000, 340282366945561708043228555316822196352, -131640373353665394776030732027085029376
164, -197311292079298816250444500428652544.000000, 402033993448574685759956923063115890816, -170152866139003170773792982120838397952
165, -480956255123213833198316076104941568.000000, 402033993448579487638546594464008159232, -171399017385554442336202037072310239232
166, -1271053808200116371152948614054019072.000000, 121956668612937633811666229374122197120, -90512117022889519124981030770541723648
167, -878941439596000176471928493916028928.000000, 121957946577269963492736376467644743808, -85107547365707972530404139037591862784
168, -914462982611919732629195247585329152.000000, 121957966687121290848664314070476472448, -90741174442444457957073615537608654848
169, -495491417651339956656751455145820160.000000, 340365802540988928112273501569643577344, -170359330970429746051016150475509805504
170, -2299187988297045209262972267468423168.000000, 125861526554303410688923281482525163008, -119630803611538625587048833948441182208
171, -3281281527796716855339360986140246016.000000, 121956663175584121364631284625624547072, -232622067500063531742672534071342039040
172, -3035951283151256286728273811057147904.000000, 255211729297894488861107110757250466816, -172697664453360181232452969913028442880
173, 1617261712042410728405112682079846400.000000, 393700478794805521153612578328901076480, -170306732022525707629024506500789368576
174, -30939114745549179370921338265927680.000000, 340313813303567473217683809694466736128, -298572717195841370604431735212627509248
175, 1274824832154097705871759475604455424.000000, 393700486366617161898003299050614097408, -245943257291663573281322781680440843776
176, -274783394211805364026286653390716928.000000, 341113997858587492049025066548969064448, -245907074979347248865933360851585833984
177, 902090687503272711890794484227637248.000000, 401417533380511613570683747824687693952, -245885475242589974832171968825496305152
178, 479293023269841440618009319614447616.000000, 339768330804586520830866922794582666304, -274597204378068807793467027077922174400
179, 785705453962843120256358504674099200.000000, 417863565707833113419502768400537877952, -276434953535388601500144446929461250768
180, 1439812268233456628450960920612438016.000000, 422654012984221973402596594162712612608, -276454001242714168820293360425088401504
181, 1310505036213168842581334567426195456.000000, 341677967483329357910052764823362423840, -278501800105361871492842261780523035456
182, 989141996399230359487962497782120448.000000, 340288495865633204214512929602356713920, -273980366103507261769481774276943004496
183, 98903510314380099953781147141406720.000000, 417865715142310455339484372025024575936, -280471021011361231397840304712892142208
184, 137156790619759826490990274436661248.000000, 460650461946166067550783242956412831616, -277107705588192068196264523785734092560
185, 3420369872893961681497603434281435136.000000, 378284650631919977740344710945805749120, -276428773034213946016187894880791940800
186, -706530444692829425857647069007708160.000000, 418331724983380906429778659232641809280, -338332858697501050051333277131600636160
187, 2011991091737183905750468725426880512.000000, 339861861183535552365936151177585456896, -276589489204681656756978329864800857120
188, 1298247641298204200341709667176546304.000000, 416043030385821052356342766312952508736, -352796543661316108416120675746454078384
189, 1165256233571601046235649501080584192.000000, 351745492439670598772553076823553488640, -350906547364215720230810695296051356816
190, 233741127056088545083978690452258816.000000, 347945187138846725776247345298743182080, -361132412966958910895790878288552524864
191, 916775254471818664614906496305594368.000000, 341071608467590026944304330704085325984, -349560094316432180366112021707055799760
192, 5958578927721493173883663318064824320.000000, 435814564779481730667632488775605949648, -279981331937971394860150003188542660928
193, 2551459845117607209519068299887902720.000000, 436185788138410237475070980546717796544, -335197047080739419313299966455559179584
194, 5419660263707320179723911423558942720.000000, 437452670231994378608807777890744720576, -330048951406270287611737287998738602304
195, 4526710077946648151236760332121669632.000000, 423739489429676685242464482352858001952, -339618348732701374785734110410937223552
196, 4170572456359726477367727363471704064.000000, 349242016872204414434765350787447979520, -379059770707960571398587223527284584064
197, 6039134791585614644126086228346929152.000000, 427152004776359739881484920231857074112, -322401385316601986824773426233285949760
198, 2464675630104521071918810359528423424.000000, 423740942199692570585459558412564541376, -375761487481955110125202552583549033152
199, 2819418318443003216077384319261212672.000000, 357577584721363061165229695034985992256, -388891771065725506108683474927851045904
200, 6088619675023878324042769716744290304.000000, 447372535381715692739496128411218149504, -372670941244003843854701046533537784544
201, 6721876990998787443876670076149039104.000000, 391641814948140626258674305582164166160, -372700045730947497157848848813831971776
202, 9238765221965109547836333280972505088.000000, 451766318663924933255896723478366628112, -440933548344105435402538645888811842368
203, 4551882963533874342876080698373963776.000000, 387150345571096891530839168231657994544, -430107873872524895035384677358969983104
204, -447603783937620130703604184686526464.000000, 383465874952514945531913609004169840064, -501196998907688875806550925285598758096
205, 2891218376096849378679488882625478656.000000, 444838870829100841860863031228510732928, -509502910122066461945130818233302400896
206, 4313795557123664431853592313893748736.000000, 335839071667996533172300207826011559888, -503323029482633813482178267369741828992
207, 4198286705479603106029482848750141440.000000, 381800137086990885292292816211277152640, -505965624247910014773005891201163510656
208, 11358752729413371130080665043378110464.000000, 540161323435455326843598199838991448256, -505696955948743526119676964505005052800
209, 8840309000440929039468790082491645952.000000, 448470573016582501949657345776668580224, -524391052532462835737787678271889560448
210, 7218487215664841492282684017523818496.000000, 423316302015730890744783779582680095424, -524084039606556519551264237888500240256
211, 10553750046533785874947948019217072128.000000, 372486558280907618550202364793678500432, -493244061510493961875863765858128080816
212, 8818395658001152101739537310819549184.000000, 439950774060118074456675349984600786816, -475881142064353954210928201431522750192
213, 12508714107253310609671921209215811584.000000, 402144383947135018426714538427937223040, -524165347414275107397661586782105297792
214, 15822783016738888332567783717071749120.000000, 393513998922959069008159296011185771824, -524170337218804027723822047942796112784
215, 16970564539715794176031529467864154112.000000, 422062894327160799432037470745532983680, -532283343256236139087881053980317905808
216, 9840959375866162965157537591846764544.000000, 359896820025960813646780815796707943240, -505173556289968168994900279636873369032
217, 22385919411440916599097097974131458048.000000, 384711047042417407884026915164962156664, -552958142012164995350322180594508735424
218, 20931505924386845540516883795030310912.000000, 509396632617226113704829692536931879552, -553375481832000095413544780110104789952
219, 15103769524940179556673037041125031936.000000, 392144676840742612965073697910637152896, -510424379253092330332896408223144495568
220, 23030039641399437925801503211193892864.000000, 478080408570822201749182228307306926128, -476317444600463053847710340551748746076
221, 20366182702615404679409120873149366272.000000, 462618565531404075011168851240225530096, -503965869534513776036318547006851058524
222, 20512508156592971608029641829966151680.000000, 463215561436476348219275283595711292032, -554928246116851682980140299776448140672
223, 21004605023756519615597109550547730432.000000, 419438278139403811996889115378641428332, -519513888208960111198517832689239062144
228, 12059013219783375025410557360019079168.000000, 467864406965746422964998886154853198264, -575757850605683731977586105674581963824
233, 16235650098595830269318244976874749952.000000, 615424292232722396692973471421288964212, -483841347697507958912786497176128529216
238, 20509804537489406243711821812833714176.000000, 605896396489241440158587337065800482152, -520916612139023119687665212709300431920
243, 17746329287817141361905015469048332288.000000, 519720538822874925547138377926299879616, -531828284176107119523391252518751577016
248, -14841045180923604826864938513384603648.000000, 553201406613228313302164465911314199796, -571646214340571133230740179676653910200
253, -47094853406381221686273216959152652288.000000, 489706031042247636061100682657118376708, -528572663725203112388997212582538289352
258, -46334176631420731704050424689845075968.000000, 544144474355872278988270494750942999624, -547104269130171121629164212503246352366
263, -56927181411443262861493004456156987392.000000, 528076192111017818038818261831226636044, -530034150271341124582534835816325260916
268, -48689777619276126035103166831339241472.000000, 390494790111889269012784698176355735992, -601589800108651227324649720877091842718
273, -49072178587165403787371877534447697920.000000, 402615297687153431228028686025497366504, -582417285015361165579507703834294855848
278, -30573273932042459350347911668437090304.000000, 550448351819005247715593491544054848130, -463706164080839448839262340124871282868
283, -19071711090615493381798043943627128832.000000, 555642664039530083147552715174452746180, -650446948826694452904189730623705511962
288, -26444758987046690195645905625621200896.000000, 410014904435455137635339143609252455295, -608543658852594459115688918779073098091
293, -19032320900335932672743426767544385536.000000, 534626823187860323334338308556768218314, -563477562532295468472225827079917070144
298, -6879663888471357349085076136526872576.000000, 558210847402371521812843934382428391350, -551694066066020326696134294685826138568
303, 27320552555109389648926793823617548288.000000, 568276696039478686225077989192464024016, -534325998683903317621173656466380733592
308, 62010911814965643950941132523973902336.000000, 594436958350552254686002921312916703762, -505551081583641141486713096972721469215
313, 37606566332715246117097203620496015360.000000, 557046634743897313882651226489571071975, -484841940384401882140823603596800084471
318, 59826085804079928067888862086058475520.000000, 586261798235266239121351843185938144084, -444866411220868931303402912990980931168
323, 40092122541279787601678514695922778112.000000, 510095734825871575985499301440875045117, -433393505814220045396890119398776763684
334, 24144444905623270252654729987719430144.000000, 479998552940964884309756803654748372735, -525978005084552140709963430447817098862
345, -8671250333134902366598840090529628160.000000, 570469424791091849811585735662815772773, -622546165733823764492381854461022840096
355, -37823074547080326638192781465946685440.000000, 554176051384665282442200302162321321772, -682032843244320460119754819753675429705
365, -22611403365307796530601328405152530432.000000, 590894752808439464555922072960367656629, -616392813505806461715561165161482921070
375, -37609789386451809184155746962212126720.000000, 727504833450999740827252905881542170358, -583293811200371238420451372229361972135
385, -45392467154072966906175790605980925952.000000, 692123333232443047853199258083856394822, -1430957717752603928891283394896160867135
395, -122254305165405870267612053431262380032.000000, 646410309292709000540996637864022204476, -1288687900017614092800619776999919892727
405, -75049231150813352094474376201969336320.000000, 691159478676204441192648274252001719768, -1385749886446951163455634573347170195518
415, -83806760899294209257118365959709523968.000000, 1188229470922238843650043047423050576921, -1482492455692835922918139515876475252313
425, 40235449244894129973502839695618342912.000000, 718093493812071454032825663790580696992, -1543348336438013252429948391816256379605
450, 132109924175861028801029819179768741888.000000, 1038077318687497204076489051711368494694, -1533210680713174261045574009049304582376
475, 173705306934977084838788797925167202304.000000, 1287401772702843410617806867400507020311, -1694973306079364593561726047250510410373
500, -241774439434214497058785189021309992960.000000, 929978976253706211049389885605571038138, -1196342064622501568195907615680336537364
525, 11088287784181904622885233845648490496.000000, 1311514614483933249404383577234122298378, -1163673865393463522919601823600029676187
550, 15883158982359602695962050782121951232.000000, 1339506051311782064317392845803599260886, -1398102038464088377965208658152953063524
575, 88896590250986134258549087614074355712.000000, 1471295380488534170852860161650467603689, -1401495570131351343815765203010302021645
600, 0.000000, 0, 0
122, 0.000000, 0, 0
123, 0.000000, 0, 0
124, 0.000000, 0, 0
125, 0.000000, 0, 0
126, 0.000000, 0, 0
127, 0.000000, 0, 0
128, 0.000000, 0, 0
129, 0.000000, 0, 0
130, 0.000000, 0, 0
131, 0.000000, 0, 0
132, 0.000000, 0, 0
133, -571406344427227070857216.000000, 0, -571406344427227070857216
134, -80120850339987118106869760.000000, 4835703278458516698824704, -319911995015521245356621824
135, -4835703278458516698824704.000000, 0, -4835703278458516698824704
136, -3198616231063706537033728.000000, 75557863725914323419136, -4835703278458516698824704
137, -180618037429773498035732480.000000, 2873560004826179112534016, -1237940039285380274899124224
138, -124789951019550055684112384.000000, 16464530742525018037551104, -1237940039285380274899124224
139, -18461577991058479014527103917883392.000000, 6362208244046129514151936, -332306998946228968225951765070086144
140, -2262356409800833362688110768422912.000000, 1298074214633706907132624082305024, -80480601307289828242222693102911488
141, -7031263580036974972244320646594560.000000, 19807040628566084398385987584, -332306998946228968225951765070086144
142, -8961418851355836116761410604630016.000000, 1298074214633706907132624082305024, -332306998946228968225951765070086144
143, -6303792917393557700362779848867840.000000, 1298074214633706907132624082305024, -332306998946228968225951765070086144
144, -3592254690793764771701228306432000.000000, 1298074214633706907132624082305024, -319929658485600536349737954972794880
145, -3252429421959121678777221403115520.000000, 293364772507217761011973042600935424, -332306998946228968225951765070086144
146, 83452212061395317898756561626464256.000000, 21267647932558653966463164764299198464, -332306998946228968225951765070086144
147, -282326830647592816705612051120128.000000, 1329227995789522541407846399186305024, -332306998946228968225951765070086144
148, -195695163155401288546985834924998656.000000, 1394509784214048633631868772570628096, -74353691014218750531460413094050660352
149, -24994248333118356462384629621456896.000000, 1329227996945487020917092502820880384, -11465261403079637394187332876742164480
150, -339288583193274370650826148522491904.000000, 1394509784214048629020183303899054080, -85070591730234615865843088907988631552
151, -508348190024936400628452337295294464.000000, 1394509784214048628443722551595630592, -85070591730234615865843651857942052864
152, -146903434135188461286761012482015232.000000, 87209818035950964848793712748100845568, -85070591730234615875103615641769213952
153, -429206948829383790642806668564365312.000000, 87209818035950964848793712748100845568, -85070591730234615868185242189198000128
154, -210307413526388672673032925943431168.000000, 49409896905819837564771460849348771840, -74353691014223756164693430693265408000
155, -772380486274776812725997118829887488.000000, 87209818035951569330150264136940912640, -85070591730234766981607132483607855104
156, -274891437225797799228347052365709312.000000, 87209818035951569330139075504451354624, -85070591730234766967774044752625795072
157, -589690278918575893513280874067525632.000000, 87209818035950964991744720318133960704, -85070595533186416513048396956537716736
158, -937257446840871513908249571794878464.000000, 87957508783473583916029601662413569984, -85070774276874072228125038854671695872
159, -815013977062155433828327643676672000.000000, 87957508783783068907396602833057611712, -85070596945606488117471200056609079808
160, -812283632663213420190721465963773952.000000, 120972791034567410060909062827259723776, -112652072643871745694369060217424281600
161, -599942596315449264142320927625969664.000000, 116972064581128377664239953971454672384, -85070419319774476500564358387033440256
162, -631132237112031629869364978605096960.000000, 116972389100185093279636218879179488768, -90387463148618182947756894916031021056
163, -431762480028244364657326176189022208.000000, 121956668613525722549392037855345508416, -85070683987730528582483038023922092032
164, -421379289372973960995266855299973120.000000, 121958291206274165097124674488974704768, -90553657687169201710887761610716086272
165, 25918950117194991925623852193808384.000000, 402033993463434568832170403459594371072, -170036036825070617499474223142323552256
166, -1184237086813664678247754869587836928.000000, 121956668613092527420736576619249926272, -90512117019175844432548113874145902592
167, -1138934006311921177274389405135536128.000000, 186382637392347443282705299785910796224, -85107265820733993150560861324831620352
168, -110564919541603612759479124347584512.000000, 340282725765661524347130762028365250560, -172373830626944134627515796132946903040
169, -1699686015491137996962611133151182848.000000, 121956662225094176485616848605656465536, -142769978568027646713214464888024141824
170, -3297385324467519554406422837473574912.000000, 340281680810146763416778934504870625536, -232623884801484665021134218738877595648
171, 705639356080937129696638507610537984.000000, 340739615534797546385286392480229957632, -170359310685188955916559921713197392064
172, -3950774079803989385932948462809120768.000000, 126030903055196822031263038040234090496, -297728277809735674474867011269419450368
173, -514726913578820206564308399148761088.000000, 340282363855711622584488030950223497088, -298572717671301746025215147321472892928
174, 908174411174949035725095974433980416.000000, 340313817722145584001978101943355621376, -172698008816990518358952127318672259840
175, 1947418929743025634465997775548973056.000000, 393700453592720618669964300434521474560, -245942741486584216634268972038921100288
176, 1539644815851996665348192518652559360.000000, 400886276081521868367319940983677173888, -175603449743285099101463034365052590080
177, 1376488183977147984647487135309365248.000000, 372432827814442491668135485564676871808, -245935597782876555553860830923201572352
178, 2083738641620616685298914863557378048.000000, 424055684545827109167937719962067681280, -245864886142821012783825515028039972864
179, -310357218045962293564255523492069376.000000, 422645377768329336439719253258219847680, -276454627503239853629495850599582605696
180, 2388955730864122157484437902117044224.000000, 342344157611721580598661366234041350144, -276441447809630387287592847704718604432
181, 692129259065608010806820549611749376.000000, 422651410573756163422268168985091608320, -292554341887871629739918260228445383680
182, 1205141919928925888802085736256897024.000000, 342094942559057801021585648241902290944, -277107517989729534668405254656341429776
183, -1362503662626100725468417107332956160.000000, 416013872949681831113949540996991922688, -280612511983265562987449058104205255296
184, 3249656522783827137718749062041174016.000000, 429335428404695267509955003244339095552, -276428216329563486431994951830201986304
185, 3692318893045692889145795052197380096.000000, 370184904265821234102047732048300493824, -276426421330750169849290811575963763200
186, -171819873349343566559738203645935616.000000, 342769366861140508391574945952873728064, -282813389256320890984960166789096184960
187, 1192570344672112951454125012228767744.000000, 342398100049119841263442526142003289152, -278001613559865644655147053304824379200
188, 2672795192466704930068717431739645952.000000, 347366914101793790597267239497860277200, -361657580218245519000644690148123744480
189, 1958913240096861543731594498903375872.000000, 343574102884157571020278866360946463680, -350526000023111709285112681338974761376
190, -814738712895702354608095584875184128.000000, 339251496165128349671456134327528801536, -349533539608052654928673908208401898928
191, 2968840387508254602541358866271043584.000000, 436194097625849169682549744334803944656, -369053466932091363698266883691285640768
192, 3735578213650763921999331936241188864.000000, 425842647552293235235582257265530058960, -362557976099174302020297299236264958528
193, 1657471749876081410573922662942244864.000000, 441555197428079144271100875735564765248, -278523465118724462965810609755428874496
194, 4074852937350385635445945680013557760.000000, 435772871425956361896528218167295170624, -355393077199714166316061129400412572464
195, 4409358924198031851177220818327306240.000000, 423657515459423398113361757266399351072, -337655667620534601136095404054943993152
196, 3024232631647414083823798809066995712.000000, 423652376350938082877186324994996940864, -359044894781315706094565018565779811200
197, 7787466238431749804277320548005969920.000000, 430472966271681023577229968933981891776, -279258726324533495336311160714321430384
198, 182129322720290405631584265746513920.000000, 373296671842789197055746836807975574848, -405831831553014901609888786878433664752
199, 5590039379599634499651331500273565696.000000, 396465685170738108129959296208266876112, -348271210104933307194500116389220895392
200, 3936398587521731907891367784994570240.000000, 291619048188559048197197068405119845952, -313116431950073924205090060749478201824
201, 8800882928116488587166333673861545984.000000, 424835205754049710323368649311377005456, -424763983848529129255604242063237581184
202, -1311860368707981572087851398866141184.000000, 473401215872669643943920903455692930336, -506648939108437554750501139001214571712
203, 1692487999361625455040619394826764288.000000, 475483261907974652245631633412992495200, -501165228524968076055883861826535823552
204, 4392973419716167038125909533209395200.000000, 441726303602344182695817236437098482752, -505720039222666839797446334737792271232
205, 9283705369847474866449770810068434944.000000, 444806799789384198233590086727715619200, -505179511008512851918919553692336919424
206, 3910589399457130313681958936080547840.000000, 348394959070324524622527501892337666336, -505182714995593943746858469712246488960
207, 7838726972702998143208734473165209600.000000, 410768823884531782521995155604141535616, -410456998051260052831522465096685387344
208, 1066612876331647857251794970029850624.000000, 354597068721808385869104642003632056832, -505302685925153191467603861317129081728
209, 4355915922979306617022604870053527552.000000, 389928957501522850784083782195136436976, -499890357763872255710323183340431646656
210, 5228418873547281045333068544265420800.000000, 422782630620141019578026095104359979744, -524060676971480022196929764318559425408
211, 4952002521348398717900065666867658752.000000, 424479744062657838666560753828392720048, -524058876786265795603292856359335400320
212, 10635740291513399227463017893822726144.000000, 513639849432723329981653825157638658592, -508459625621729521451786303403154879344
213, 13385300358650058012753961354629480448.000000, 459628604960914654331992465075199078336, -511745783365066890003938592492410267504
214, 14941119818707855013392010664212430848.000000, 393981263099065685724862748802841929008, -532233368941439529394305800164666504064
215, 10665508926665719726263123851121524736.000000, 417303063126979166603906218981812524608, -503303948331248899573642612076185578032
216, 11730422697738811251400205513579823104.000000, 451544753592403002661334165811321421248, -511398804764207349655602821172466783688
217, 18108672878960561078154842464604651520.000000, 380051075808175119000318939824113740752, -552884564183142760676759495987059276224
218, 15735699351495618173914410689058832384.000000, 451414373947227629370175652129921414464, -484322029565613271012113001839687354204
219, 16591311785265223912735000665039831040.000000, 432679509067618885962765681762464555648, -555999694857549650377107519658286651728
220, 18936727535574478387862486541859291136.000000, 596173378603550124600894209068575066752, -508439274666141352183152840811918420368
221, 17346438579700223617812121013001912320.000000, 488810455821120572256105426575531023440, -522836667288045800944010320948096742976
222, 20209803254289479462160871378787500032.000000, 398712594629105332696460223171363008428, -492926050901718214636104799176579461760
223, 15662398884556244602648296837200478208.000000, 479608799586963976123785739673610176560, -523357617317331259537185056974042902976
228, 4442735160712119787520082947361210368.000000, 450404951275026311757388762906798206552, -476200781904681024052045048472271379404
233, -3410267857868750325517355521092354048.000000, 446529027114523183047670812654547708968, -491023786891754545838427697846350732584
238, 28620943691252794107498924335192604672.000000, 534747107694458372646117651567167701040, -529870501677891259005323809088507433400
243, 21186906236124074357103952686282178560.000000, 594431271726631532742611183020037018340, -602874358334306459411668414625410323312
248, -19207896495139277514428064336583852032.000000, 551683098964139684359102123372124486096, -549330616794089301102469673908540686820
253, -39785351565643974421344819119487188992.000000, 476829152887200607419939564888414810884, -531699186049274265608345151899841995464
258, -51277607062890779309077650504098512896.000000, 600807539189000300398122607382826497716, -575426651158254115029575325308539943336
263, -44055250665088368537957340545258881024.000000, 538050365971461340759410332948053768460, -643603304433719789994888955370469222988
268, -54445183837748907882119608529158406144.000000, 412744064377317045260063216837261844148, -539714075558468812909692580855442892532
273, -44461973611927953771602125991429799936.000000, 495256225378394365895552820137534145428, -582686841158645639490385614125067362908
278, -32548384277355783708543709306735820800.000000, 381960309914310158279386333787304395014, -583180477587244112374691359873272749404
283, -19328391895352790081454020334918303744.000000, 528392974211840903695889600856761653460, -648577648617217041269879178481615022106
288, -6070814060601450165277114635420434432.000000, 505676247920338826369802184373243251192, -580784156556549939530509770292338149314
293, -4986717680024228742464536129189183488.000000, 559668704686096509434222196241512301523, -517179312500654523643989385991164701120
298, -8723146225589060772496898171938537472.000000, 587203810812601227142805424435655473180, -554273085925418837055790432095024968458
303, 37261494521075626246092204387701096448.000000, 587059371657895319344249682485826822172, -513266065108291191150248587497496433688
308, 58057972606551152113017703576941625344.000000, 528591421121075770025429064308211314987, -550974851262014154027988730287039785118
313, 54421227929859771186589035458809823232.000000, 542376783455426404658304502102883996514, -428646259325905765333542907722688585266
318, 38957005828700111010764432264069644288.000000, 595595145271383564326422928243519212541, -483903425198475891467725730863765921129
323, 35039621079272833148384460801702887424.000000, 527931627507965115560551214765869179645, -449588849453538766278015217465791049748
334, 13276228033483250929006473273690554368.000000, 511796684886279422475081313504561827631, -535656563881530175555697158444463068666
345, -16748509471630498881261761830850658304.000000, 424640642319583831310909803040589035007, -623680693162761599902026533491179405344
355, -31602497616291983670348415579140915200.000000, 495811256965783488136113148219190978528, -632629465608119329823924294696747233110
365, -41900536327675829361484650832057073664.000000, 466359519607907338778086513459220910685, -622892154624274918534636213831522027514
375, -37043488703953826559134974809324126208.000000, 462886634678120730391969116274803692626, -621507267224889920825321778418674038418
385, -62529449507611670019795346729444835328.000000, 440363049741477050399844651445236664116, -1290365513807084487581439160379622525257
395, -113585595994811201157730193162178134016.000000, 812533020636139539990646581091865095031, -1591289059952423204592290475010429812990
405, -19791785600010975973464307429258821632.000000, 661094797264841819930817105933539341924, -1455119518913195370277243853482961681923
415, -44825604411365879961747419353728417792.000000, 677632302101033242203153596752011614217, -1445816254726252454375421010111272259409
425, -2756587095877683098963259998984994816.000000, 537904064881477844555298860711144708426, -1400951710890716714972652696973412807889
450, 154011311220632638905173753785997066240.000000, 710324161082966663632576654685204563479, -1427724814019495420848029019413897826326
475, 92384262056063491984292664327444365312.000000, 998025406102665868291469738350843888841, -1653616569950336999357025935203652818073
500, -199934562669573226083318757053983358976.000000, 1010891927894430944402722371359993325259, -1331517936952284072938443971270264244115
525, 43512836027174530962448144056719507456.000000, 1278639671911365004140311846268040034941, -1423523402016633399785790114622760909341
550, 50032651151213819133483162716440887296.000000, 1328099145525888515895814196182619550731, -1355007096783278593917366977283575324785
575, 119024856869804761609172794543718793216.000000, 1424937717061659053136508938009152397829, -1406122887256387971487712350697850442511
600, 0.000000, 0, 0
121, 0.000000, 0, 0
122, 0.000000, 0, 0
123, 0.000000, 0, 0
124, 0.000000, 0, 0
125, 0.000000, 0, 0
126, 0.000000, 0, 0
127, 0.000000, 0, 0
128, 0.000000, 0, 0
129, 0.000000, 0, 0
130, 0.000000, 0, 0
131, 0.000000, 0, 0
132, 75557863725914323419136.000000, 75557863725914323419136, 0
133, -2380072707366301187702784.000000, 75557863725914323419136, -4835703278458516698824704
134, -2380072707366301187702784.000000, 75557863725914323419136, -4835703278458516698824704
135, -2380072707366301187702784.000000, 75557863725914323419136, -4835703278458516698824704
136, 795958805993081137952456704.000000, 5091995552216818083862413312, -319911995015521245356621824
137, 795437378027264189667475456.000000, 5091995552216818083862413312, -319911995015521245356621824
138, -6706714771444890622152549244862464.000000, 19287000644964651175929446400, -80480601307289828242222693102911488
139, -3499155588273031237398670717485056.000000, 19287000644964651175929446400, -80480601307289828242222693102911488
140, -9773775164711052912870258926157824.000000, 19749012189224582198000091136, -332306998946228968225951765070086144
141, -14033920078393003418032238764228608.000000, 1298074214633706907132624082305024, -332306998946228968225951765070086144
142, -4748876888480544350069038379958272.000000, 333312879697510068256039399063552, -332306998946228968225951765070086144
143, -2886052248307807495952315147354112.000000, 1298074214633706907132624082305024, -319929658485600536349737954972794880
144, -5650185625293032133821496016502784.000000, 1298074292004959362468891263500288, -332306998946228968225951765070086144
145, 101731626509358740014511060831698944.000000, 21267647932558653966460912964485513216, -319929658485435253522837517390315520
146, -6491588666449511289750704091037696.000000, 1811611903138051521839043031597056, -332306998946228968225951765070086144
147, -229720696280036693537229712356540416.000000, 1394509784214048624408496735715852288, -74353691014218731640842686010769801216
148, 830770374533016049908991016304640.000000, 1329227995789522541407846399186305024, -332306998946229194198566668012093440
149, -29868474039711044239343021860061184.000000, 1329227996945487020917092502820880384, -11465261403079637394187332876742164480
150, -345239521194425906080454010665435136.000000, 1394509784214048629020183303899054080, -85070591730234615865843088907988631552
151, -500812787870115695434545722153762816.000000, 1394509784214048628443722551595630592, -85070591730234615865843651857942052864
152, -314331082716241400035584313053413376.000000, 87209818035950964848793712748100845568, -85070591730234615875103052691815792640
153, -162355582796077044445028535957979136.000000, 5005374171627573831597555452158672896, -74353691014222496473443132414659395584
154, -414163472912373724240350429333946368.000000, 87209818035951569311704645962607624192, -85070591730234615868185242189198000128
155, -261253422172836511468883950541209600.000000, 87209818035950964848793712745953361920, -85071098795435438626578767210889084928
156, 85934383218507549635972267673387008.000000, 87209818035950964991744720318133960704, -85071098795435438627731622607359049728
157, -753868838123027756147331673628868608.000000, 87729819515502845193110729110895722496, -85071098790936592633493141724747530240
158, -703895766760088545698745567397543936.000000, 87957508783579975309556033090388492224, -85071098790475991685092910657245020160
159, -839677583872719570509336525339099136.000000, 87957508783618812033061312754708381632, -85144803880084339253574477545472002048
160, -716746346510460219508331116176080896.000000, 120974738140301825896421551650044116992, -90387422583740700224117681861496406016
161, -814494282166414452206510054729318400.000000, 116972064578718972013847637288751726592, -85070596945606487888039941033687515008
162, -867080985279780842389896529878974464.000000, 121956668613526629244271285086262394816, -85070419321636228855177229334497656832
163, -139302284202574649843335363748167680.000000, 121957946574928084639579517504972390464, -83741323169693588517161343643532920832
164, -79294661354379854829629660471492608.000000, 121956668613271341931234784802726215744, -85085416824258378757828752316890613760
165, -239265939588065762907395039992741888.000000, 121956668613445340470250377834157047936, -85070591732634688422850238071279977472
166, -1259231684965056566504267341482688512.000000, 121956668612879914683901271394202943616, -85086168629608910690079411292334980352
167, -476377509570851188851818647657644032.000000, 340282448048641700714726131872298090496, -172777692883610760536528756320585711616
168, -908717936916729191319885305492799488.000000, 121957966687126152521330321473276805248, -121502330999140344359631220767052529664
169, 460730904264711529368914884516904960.000000, 340365792275634925463475756159793430528, -170348905802590179487230746623398322624
170, -2485308543932023041588590830677917696.000000, 340281680810217345280068679224435391488, -232622059446984759723864093335563780096
171, -1095714272593728268467713514951147520.000000, 340365630023353452559419653009250779136, -170545514473876759824306280801175251072
172, -2136427640296676354287809141885894656.000000, 400880625074980406792667237604656201984, -172699469450536765091974761452268419840
173, -1183209466988967881736784825209061376.000000, 340282363857798313317672439476023576448, -297754241350014676673785201653881421824
174, 340561435491418138403225213511663616.000000, 393700478428627146415509844448579098112, -170187862425164921278548018967655356608
175, 327175105718770719707320128519536640.000000, 340282349664509968956897466395343832960, -298577801663075447124167390318782742528
176, -365538910841335335366102490602799104.000000, 340313818330310807188902399077428068352, -303079630867279597795719302179143467072
177, 88065320715391885703018914580004864.000000, 401417655074873754713563440175665822848, -245865537081713801872916947509088482304
178, 993913904451224501298334168508268544.000000, 339768329928462136153483282364498702016, -276434629176094090712633130478760000192
179, 617863317063693006469114851282124800.000000, 340932891350438841463609396184333427648, -276435318058152861328558801518870148816
180, 2428873853911476368340284109404241920.000000, 422654466196445587425206412934501925376, -292554025006310289496387729461689561088
181, 1154454570510478987637550026980327424.000000, 342240328201165582347629895687471695872, -274595156193290258428964822518564899152
182, 1180595064832512972734109911420502016.000000, 341677991653411041695756396331597763552, -278003050498060340345751759677264014144
183, 2007823802122414048589330309556731904.000000, 422622667421408050094705833897785201408, -277878853701169630079113964244665838400
184, 4157791357814877002573473421373472768.000000, 420978398539491922169129942459741448192, -277908221194885650106021499302502280000
185, 2701242818654422465234176043128979456.000000, 429335548890906021569144248187232667712, -277901975761125725068845132290810022720
186, -2483531616280582020728585640801730560.000000, 416162154470148300718847277812491664640, -280546929759463600494767037773751765120
187, 475453351566608159913100997614895104.000000, 416032289586061874185491717425123734848, -350813229403114264873132820054091400176
188, 1269583358667584268614445787661729792.000000, 416043010096090392400185340380612375872, -352796701094832290870971316636933456752
189, -847431371557000414856260846509621248.000000, 348047057982976400034235603694309646016, -338325047683155874581333465225542833920
190, -2272438183554836916408875046659948544.000000, 339187907195282180975334972430807855616, -350897443655041588621467419703958742160
191, 4331923480770216592321179325401399296.000000, 436190436333730390932350207933273558224, -339295648769530261042656217745124940864
192, 6093911377392950773232041017565249536.000000, 340742165879079819282714446420876062976, -342084318693766758438455689752760765824
193, 4975431224585686809862356872974041088.000000, 342918562065949118061267947865184882496, -274621954975906768965385450598763828160
194, 9695181630662478851597209216831455232.000000, 340384579108206184180960819925786594880, -200651170863394515757507382552897463808
195, 8607303266704597100888380273472831488.000000, 388151028770328811722263913198851006000, -279694207125962024524403174390007520848
196, 6625831453712371137213140585561456640.000000, 375619133425405837454850215384148777856, -407128199548758481501410394074797332528
197, 3550238274930451085407247955144998912.000000, 322218772700861840878457096696064461200, -379051859963909822395339326557983305328
198, 5132292095004118393570328800881803264.000000, 373750474444553737748886722071086077248, -405835311695733212181260290461446622864
199, 5082079690794340389995200111636905984.000000, 435346805188738340061360646215370998912, -317362333573887356972212242777580881856
200, 5779448081636839084149563547646427136.000000, 340448062212374028585172741303606039856, -386866324975925575161678881837561729040
201, 1925987975864585058101788202154065920.000000, 400583168253086525080104167541114768896, -510125694068080141500738899854981302592
202, 10629344708205623123924635893566013440.000000, 455441371149573648567469209644393414784, -430888259352843162213171982207133945984
203, 4549717113254562570674615440216424448.000000, 402324120419819958805868750056011594240, -501194958200606777236327889881680964816
204, 3113855554144695479916467388831236096.000000, 383893714149076545599132222386336913984, -501173540458310236922370281289158219968
205, 3630563426897754414658973308876226560.000000, 441035354986495015069829285484703689728, -501194526555160557514029349997475980496
206, 3598022769817253743330396676867227648.000000, 391817960416062518225010665052374448784, -516576572666519286335302970874702171008
207, 5245809192749717731577238915322478592.000000, 350377565816592471458959944561628682256, -510594954348767847131185333441370260352
208, 5713501188319644797173457290436542464.000000, 451474489189456917108555533497033171328, -524052901735592625615202639106508329856
209, 3370532254875763415545600693462106112.000000, 416828797669085597564882022635716813312, -425337407173315116904033234557623571264
210, 3597694822031273934487342749059121152.000000, 401903437224840603007651592294680873136, -524059322516456548398297403398269587328
211, 8570150887404846984619433512707031040.000000, 393933053528400264911571269880113955008, -479715098373386796147768474787010027440
212, 15028945415378150674261818692851466240.000000, 406473792298441338123175991770579913552, -524058749219107329553902218747545293696
213, 11981019478558694936123125131376590848.000000, 393358504077802377179542617655706203952, -524915287330720065424872001138095289232
214, 13832955833981426747384117189561810944.000000, 394914582984218266644250666399919875472, -527750316248837528440049375310558786448
215, 12536881697176918353741986392168202240.000000, 512461809112498643168772064734948137536, -511652407456177256655702285934345218608
216, 18391851956658042265417887253704736768.000000, 352660748887752883527766855286627899264, -532159656520347416954276859004305130688
217, 11550524561295353824820706202156531712.000000, 451545113769659769824219286201916046656, -474393649964505195100547321691459678236
218, 14015871809639134434366488974878310400.000000, 381081822894777829167938122188677595868, -442842913592258003488262161855021756444
219, 14445320675310628801689171759892267008.000000, 345794978408177265045667028144350059360, -513587581506140398216906282417486952336
220, 17641181884838781206369708447193104384.000000, 596172730984160790624876294368583033472, -515046587942521507237498952461043308928
221, 18802300098156754119476280526597259264.000000, 478705508354388142351693914850481447984, -540474260384332901418996019659635751848
222, 15806594741893336998638567502391541760.000000, 362907427734214442505209142949908262216, -552934697329437028032135044622508184960
227, 9112410104784268823280792961640562688.000000, 469945096693130856998526901629386569208, -576251256587517389922099713731135591536
232, 17917610831203718797411367463094845440.000000, 578851860186381075256276344798442741876, -453954847488594261267273727766603326272
237, 21029699677898265085319613560150556672.000000, 606064023743182475929098383124818902376, -466174486553988773224191137145322676952
242, 16624248502444292723683585122864463872.000000, 524132593048863410013370657611794440496, -530642337895303752469754647301857947016
247, -504740535235267091975520284210888704.000000, 556769818721256554224054987786536120724, -556994073668607969309052020935732233416
252, -53511271931959880899090213830869909504.000000, 481571841738357757809351607895760352004, -563529372528186496821142487355570439548
257, -55101661975406664643501750564767662080.000000, 549697978380764629591867928574505711284, -616237576076430828842105722383431978808
262, -58847378501258156719431763451919204352.000000, 593574142902976159292027155050715346612, -538122821750467175523280945854479340660
267, -54436616396637829948074966230591602688.000000, 433011198317770206838342267812821205462, -534796370484639743439518332456121491189
272, -63358231015285156753228251550388846592.000000, 494377447802359933562331358021828712049, -650087666876606011849454515159676318866
277, -45136393022700062634052779217180950528.000000, 611119287479065971788031296772794965412, -535647632253906156488860847030794046406
282, -12531971075355869842383583399299252224.000000, 599001260119403721616474493237182093320, -601342943279788230686458780518821223392
287, -20290014388223022051317849579369529344.000000, 490489154106311917826718972091642620520, -514551818840363509053101669782118229789
292, -8625418716477613114373327821668876288.000000, 499617441594692743662192319299526523940, -517207327152783711573034096409291827648
297, -17535564740466764796039015304366391296.000000, 472820910777847403126592575561414674515, -550602693755446869541534681065298947411
302, 24626186749419701568778220355171909632.000000, 596304108506828717071549415391450851836, -532232641010004132448162426711092182120
307, 62281477875456741895300944464577560576.000000, 602929745145086747159222952016860252688, -524722414018546909291709710187107375118
312, 52508882952904448545585959962679443456.000000, 565891394890508665083213791835614016812, -465977587890915662485247342985076188758
317, 59172502581924767242726088516376199168.000000, 592273938919478975381695418057001540564, -446234452107929464918876802266601753100
322, 40478124548207822195304714966803677184.000000, 585532332415902682436452730791153550242, -443701366218144438186469625399421567756
332, 26362184670143631968781895365405179904.000000, 574220782742490140748069186681692953711, -422651567193132252467018161521601098454
342, 12270479393564801830176750656443908096.000000, 466455558680510315607229519980790235903, -587175774313597285583772162725320886299
353, -51580840180609407691247781426889752576.000000, 399340127231048371674316003156255707163, -672791717271730417896184017314564757145
363, -18392849415568714775374940035398762496.000000, 624136424888876969252315256203678136387, -599595534328643812236011856025685706490
373, -33579333594524799613519674426597048320.000000, 651876961279242900518723640967569802582, -645869055416903186023874066311632280546
384, 25632757985764014151109472607644155904.000000, 779197957034353967860965373700705256239, -1226099481780763050305783582767135932348
395, -87758475309724430320911789614031699968.000000, 635841240188381299092390053937382975659, -1365372186595159271184032205889802238895
405, -48878291374218946326837342011004026880.000000, 703543351963258446184546775464156657954, -1383335582119488772833889269151093975559
415, -30710259154529174039468828305701994496.000000, 680064817875148674000017186897417838669, -1521558978852483696931366889724526772007
425, -12328276600362463917710817471240339456.000000, 663017790472564443235772667560464452700, -1444300619921461149873347542609803667927
450, 112033660099332228513272484071590592512.000000, 720715793165996967810039416821287554631, -1360491221742651940718147306698624372524
475, 90652922070795948837940980211825770496.000000, 1156469184380646141329957172595196486408, -1608148702754835043883846866204778055519
500, -237578670180052733672249268403517259776.000000, 1177238549296549870169415145506422039279, -1189852653018830488512284732422088807413
525, 127577912175129742239218750470035079168.000000, 1436525886342466531170124674170391330376, -1000289600597284850313558202280807692359
550, 11664692967402367907256505925015437312.000000, 1284515010037828140528079300579478093049, -1138377990291687991765781096675665549956
575, 75124164495383997733206728098472525824.000000, 1399164232297238589693363194757400377204, -1078380976020346463439860363933421466184
600, 0.000000, 0, 0
122, 0.000000, 0, 0
123, 0.000000, 0, 0
124, 0.000000, 0, 0
125, 0.000000, 0, 0
126, 0.000000, 0, 0
127, 0.000000, 0, 0
128, 0.000000, 0, 0
129, 0.000000, 0, 0
130, 0.000000, 0, 0
131, 0.000000, 0, 0
132, 0.000000, 0, 0
133, -4835703278458516698824704.000000, 0, -4835703278458516698824704
134, -80120850339987118106869760.000000, 4835703278458516698824704, -319911995015521245356621824
135, -2380072707366301187702784.000000, 75557863725914323419136, -4835703278458516698824704
136, -4835703278458516698824704.000000, 0, -4835703278458516698824704
137, -10060074563796270639486709125873664.000000, 5091995552216818083862413312, -80480601307289828242222693102911488
138, -98648601161652677162041344.000000, 3943176013196153753436160, -1237940039285380274899124224
139, -3353357439586445708825698217492480.000000, 19287000644964651175929446400, -80480601307289828242222693102911488
140, -2199514100591540978762116233166848.000000, 1298074214633706907132624082305024, -80480601307289828242222693102911488
141, -7763953158527036981539044029628416.000000, 1298074214633706907132624082305024, -332306998946228968225951765070086144
142, -8961434174385448679280037133811712.000000, 1298074214633706907132624082305024, -332306998946228968225951765070086144
143, -6520466458744128140782632538472448.000000, 1298074214633706907132624082305024, -332306998946228968225951765070086144
144, -3069511633248172455995184993271808.000000, 293364772507217761011973042600935424, -332306998946228968225951765070086144
145, 3016936952653983414419463415529472.000000, 1394509784214048629020182754143240192, -332306998946228968225951765070086144
146, 2908680611330394398146976838320128.000000, 1329227995789522541407846399186305024, -332306998946228968225951765070086144
147, -135998556420654822382295821844480.000000, 1329227996945484659733851067998273536, -332306998946228968225951765070086144
148, 554235622650122715852190695555072.000000, 1329227995789522541407846399186305024, -332306998946228963902495710477549568
149, 193846477769610440815577891438854144.000000, 85071495765415795310032257162546249728, -720234491436182728233739310189248512
150, -342738644023134228346727911458340864.000000, 1394509784214048629020183303899054080, -85070591730234615865844214807895474176
151, -324628102181158789439893271000121344.000000, 87209818035950964848793712745953361920, -85070591730234615865847592507616002048
152, -15448812922866285611717794474229760.000000, 5005374171472831319769353890151006208, -11465261403079637394403505658855948288
153, -305080242803993782619530412941115392.000000, 87209818035950964848793712748100845568, -85070591730234615875103615641769213952
154, -307537094999511637905080547314499584.000000, 5005374171627573831597555452158672896, -74353691014222496473452139613914136576
155, -214704167895362023391077602636595200.000000, 120974738139372785309674807872842629120, -85070591730234766981607132483607855104
156, -412983539400894928707792631559618560.000000, 87209818035876615920099561274409484288, -85070856593932578548497986560821428224
157, -559531230977197255047486203465039872.000000, 120974738138678854801025643663819538432, -85136793515257852818839501336876154880
158, -648710119179863477300498463597789184.000000, 87957508783850774693149710026061643712, -85070595533186416716503013379029860864
159, -637979797582401872799943693522960384.000000, 87957508783541440799052720561272127424, -85070596945606488098407496878544912896
160, -632125305450886812423097580097896448.000000, 120980516811837362406464364392878702592, -90397796056732303656971725492847181824
161, -338421259904794968215423791652667392.000000, 121956668613294515482339752162474065856, -90387463148560140940210364292188340224
162, 180221031041313068249459028685488128.000000, 340282366913196514275659928356297621632, -131640302246481058258062400098012594176
163, -354202828235222237088286709106343936.000000, 340282366945561116576254043608288575616, -170152866127917386324470546869642067968
164, 127685361585288496168496471493050368.000000, 121957946574928604100220832990125883456, -85070591116486822310236976706302906240
165, -649446787950584685600586644703936512.000000, 340282366922790487308593381798760595456, -171366484400529674763450157953290797056
166, -1523186098999140240716472617673949184.000000, 121956668612732160229916893736476344448, -90512117017221659251328762999273291776
167, -739867609983307757821580283297660928.000000, 340282448050561285927510366592645120000, -172373790030721276771029250308110745600
168, -1415398583359829048461762070419865600.000000, 121956663542284936297390638733265158272, -85074496391692028384415559485173133504
169, -685997070686673463393039586391228416.000000, 340365800158844605901197634572560236544, -170359330970346359683100559568709820864
170, 800118147302879570097950058824597504.000000, 340739455107791702196810014621901455360, -170676081440416746185044251140297007552
171, -2294661772840221034660194590419582976.000000, 340282363855996748872990328760080535680, -232606490609448910701265665347339698176
172, 980841642952321030110879792481959936.000000, 340739054535314066830788253109052178432, -170229462695671818536882348444965083264
173, -2288269045788237096492191726650261504.000000, 340282364327992233743501310900077987968, -297736033895864679046446173550928297984
174, -659299435702902023542182623016124416.000000, 340282363857155950229096639251949406080, -298570445564217774712423998082712125440
175, 534056183987578356064140676537778176.000000, 340282430794156203058601632996331213760, -175473743272040485429313202555760459776
176, 2326222729229632635775696524208504832.000000, 393700453679916634632633833961459844608, -245937230056201181264242246780589834240
177, -32949031877417940578761986472411136.000000, 340284380411258640424487164439162410656, -245906425511889212250808779813341691904
178, 1642301248006964168041387662306705408.000000, 340942690757973289394545911521752327104, -276591069814266683457164112426212145600
179, 693444906795918707134536738207170560.000000, 422653987144653074521723596560904654592, -276100739952243416619992027950114227552
180, 138416128986421672321594246398214144.000000, 341687348226681291743522561323742721056, -276453186668395500124087243536930260096
181, -947679195470459792237416944150511616.000000, 346108593620879035806921002164935127040, -278500882640633270785587656669044337472
182, 1982365294030566597984708714785931264.000000, 340288495723726712656445049153295808064, -276442946369155265187365770171690634128
183, 4422050421628729842550735545311428608.000000, 422625120353760333441351463913960572416, -276453329626980735757344760263947389344
184, 5277307208088615811086463714484813824.000000, 422624788428218580399144356917885308672, -278514373842901545132719518632051321664
185, 4868320325081401456558210584319885312.000000, 420977825264135270843834420128750192640, -276428705335560968465350542573334691200
186, -1444903159597354642916271607200612352.000000, 416043030775151825479945100833182848256, -280468913612657759169715876249043714688
187, -1264065563339854445635967595902402560.000000, 339902824860955347768074560991151222784, -279191875158026056103302253095430004352
188, 428054289415930430816971562221043712.000000, 416045592167681322414135918882357318400, -352797144753158719723637733458025284592
189, 1094300703502358816813115423036801024.000000, 341811375163242169762025017776256734272, -350527431207880192502520505129141803424
190, -3246359298816228608370096117158772736.000000, 338812299171477419347277101372359704832, -349035615329009123326963517471519620528
191, 406238010786046169718434347752620032.000000, 339373602856799995664499626497988601024, -349561473405873800954845286089980263888
192, 2423876465169407268697061364370243584.000000, 436252752738135654748508219284923968720, -279904773526016663202153403075412338240
193, 9416733621828152390692104044007129088.000000, 345730019598520110012040918034918359664, -179476862104085140908675610200847437440
194, 4247262758795823606051493074297683968.000000, 425660437903406122961861527350221495360, -356140405343052416475511517172668943056
195, 4577227542667383968839667414479142912.000000, 384565252919591202689368640688327696768, -286011829357810253838240931144030743216
196, 7235460497423613136254689037606977536.000000, 459807596256515878244819519860927296000, -405916478367447552479979528475399531088
197, 3022620555969645260731561297221517312.000000, 423431808531551774650600749752942414704, -397537112072302368564009104140291202240
198, 9217458407551060940740012601476382720.000000, 446873991199510064776621715368018346112, -279714997154738285887909873364862338928
199, 5929439807746393891340431002278297600.000000, 424873173183748171124188405695688412176, -279713829892834080003071291456864601968
200, 6853446242491611482437249763555409920.000000, 447671092320264066872558325979180597376, -372820756597420386606983056032633772704
201, 1662844390884440835782776816364683264.000000, 397318544515069464684171654128949337600, -510290358721471154151560776895788042560
202, 9839132608820865903624248592636575744.000000, 443483815107053282459073315020896091168, -431535217554346876196408645546341273856
203, 6992750435936132709984516662596993024.000000, 442987118980636540237666401171427572256, -429845127420703301007893064506651055488
204, 4295881202052758466927438986181869568.000000, 426429157163103243081920275144602360256, -501194958571444408572157395956549610704
205, 2344803352487414178959807631205597184.000000, 383679384456786148161733449048829163456, -501202747198857669972375670720265786576
206, 4865317400195986278979005726249189376.000000, 442684913700793467399583739264529891968, -418119661117435945317054332879835284096
207, 7325661291281069672166528770849636352.000000, 437330526684972978817535477546569654656, -505672779306473847600150834266565706624
208, 5990021908144362178785719135793840128.000000, 403796315737663861934774165236767956672, -505285955450556509182602810458326176640
209, 6522667307818839179099614060935643136.000000, 403610567424847024739594526655096897584, -524079523952864274471852171163836436352
210, 3221855040628923340734089329400348672.000000, 369131715889038801374407894648685224528, -415740965781026691398905387286469114944
211, 6297401060574314088690033215806636032.000000, 404656343932947856099227967440978523328, -476858454402312669585768655420733730736
212, 6066581458631187433709695525934071808.000000, 349530495238860111947124230565601562448, -503503738384153210913219885243041131376
213, 14653574762947695550760421023471894528.000000, 459533882176976813687027212877522765952, -539910059035568930898533178534461635440
214, 12857867247085428896983268144124526592.000000, 393868157647831683150600364952687077680, -535226823804056193156448766179378066320
215, 13287992193396865682583601603063840768.000000, 393381615657303076936259153084128009264, -443093353006904423065110047565067300608
216, 18246391663753401097789997750325084160.000000, 381438258470443109843423598504697534600, -532366427912847749932628797779509367696
217, 19241985445241275339585364653697400832.000000, 463994553091565568635007072410700020752, -552934978747699102675989707850930477760
218, 18248454909572210216544023669473542144.000000, 564562562745600161283088200094835067520, -556297388624797752454300143631208662976
219, 15674158765984428833792979195534508032.000000, 450698880663909619111839520384270881868, -480048355657314351475475217026561805148
220, 20318739826890707207143224294959480832.000000, 391790482371495473574488123078136718448, -552928521456275992768243988982908541320
221, 20353035404835467628487381692807380992.000000, 379515094675447622675490234824777853568, -552958181440223437661978120901131135296
222, 18427422109495826151612622845188767744.000000, 467936518656277957417640715600832603184, -523399836361673904707758785283882170816
223, 20075871642775915579763113999711862784.000000, 394057994204675497980865764473126575200, -524728405694880976048960944252630725248
228, 8897991977161709653285262249005416448.000000, 400641961785026093162486865792605844960, -475160035382626972636734225680694780976
233, 23438838076460375902932402058509156352.000000, 561073435712543173359270848754574090420, -456945044470535936411740515445021918760
238, 19167267203214903340955062712601149440.000000, 498716985024419695491338859321334398312, -521417411700130861645801779178849739928
243, 12369165831753341390382558494618288128.000000, 516476970661617967393431722989839829184, -614080168452751773354320608720977812712
248, -29817933432011094390077968794368606208.000000, 525037826014454931982116222021385779620, -579668958228031317803608214536068158344
253, -36919773954508384624904910493930487808.000000, 487636462225479382613067356485167674372, -508225331290978268803436699079166417256
258, -50859743745711744929961394513968627712.000000, 600090580904427341161599586238834063028, -535958580594551673275123294567856863656
263, -51564876112127301372457692565543583744.000000, 530676850268213840572419844251771877644, -535345018579502748412021928434394536564
268, -64856471538143265750765607194579697664.000000, 580422705325670659778949790519724476376, -635068002803573280393877292923914050176
273, -56941986974769860286310706091606933504.000000, 548913896854152365777247899447631256224, -553176699698150188473729652038413709696
278, -23863342704145013451327228155678162944.000000, 560284873244155412657968278949590972600, -648444710192854576538453859672963180442
283, 9251984638647890953097636829267492864.000000, 436760335197925950701275828461553937359, -579154214230308610607099337152988311000
288, -24904549323773008634362793041546182656.000000, 461390819786087574523691174833368382096, -467721350755505086715076591567959385496
293, -7626871575889102897222780601476579328.000000, 499606401116899322149389544296688429348, -549067533873612272487940544104466206792
298, -18493130382370409345279586116038557696.000000, 542141592612760468246805479410832018128, -573198690591776933556192719482807236068
303, 25111356589314169269110912517694029824.000000, 559131031372567194057557575443639627956, -485598887137449482781863826220582122536
308, 71259964392568572533900766859120082944.000000, 597468840365187253146905822017766312466, -474831661252802938063484485166028711727
313, 41684684215302348410412732087156080640.000000, 532251566812318029003488215192701581387, -454300681402272752879111808843960898742
318, 66741410685738188449378718364234416128.000000, 592275183270325302230713195560225479764, -446104485672954119176224429362069769612
323, 26072479173113392135767167175386726400.000000, 600126667027134872677181273142451912075, -479581009879169735062413222968055208556
334, 14192848953347933582586055383672946688.000000, 498605646599730515428834304607520667172, -545253162693502654968455226234329349628
345, -2735808530065612032418741189483692032.000000, 483884040631424678705047443079501159294, -657886377870536707821847859054768069834
355, -51353742658111557294140122465178746880.000000, 399427169523496806691625524581912023707, -602537171644595550681278217227482443694
365, -47193911114225931522935284200875491328.000000, 526538573270424898324220332186522273147, -607820027862617022883560384132552173967
375, -25749587871774408172269364199120961536.000000, 497586669363245966527056695124771726934, -540554185737297971292672911571542335268
385, -69644405071593462085344577993937256448.000000, 465814974552972142995084760368047699464, -1192698842034730047071734704301446931308
395, -112217478342064162007408841561238142976.000000, 791600341155639406463058059480714978439, -1448526461779756823476151961395484744960
405, -39374468018980786389810130335576358912.000000, 849185350295843327291344155156612895727, -1443884912548338730208758404887746066712
415, -26106683830405602215586972823302701056.000000, 769136666876510294359014442382887248463, -1430658255762953452161215782077856059921
425, 23927445517977763492757550594623799296.000000, 573044633649094697082816192112938665959, -1354951570123890818330844141705156433001
450, 144212214679162435117527107688902688768.000000, 846812058525347642547902039964485983446, -1481912086794745662940178007494971841176
475, 97898521034818662026092724907075960832.000000, 1348564493320458560879957792672465652226, -1643239188683218332383779862884097512197
500, -215663815465644873672568458653743448064.000000, 1008156610737017361594867593082854980789, -1228029580298028338134244765242480818803
525, 380148593197996001746321468789490712576.000000, 1522219339832935859927547529673230254418, -872705908269268619198840648561810035841
550, 88065222858761747749216539245811859456.000000, 1491612065641406379541900576642744408166, -1493682542097933039060296991952136508662
575, 111809618090788348293626502280179089408.000000, 1438697714564229552679862432317133644206, -959384758073011465311252336856078593730
600, 41017727923089667284330674256871424.000000, 380367601903388017989636332102162006772, -368091836728584535114534506410534667865
122, 0.000000, 0, 0
123, 0.000000, 0, 0
124, 0.000000, 0, 0
125, 0.000000, 0, 0
126, 0.000000, 0, 0
127, 0.000000, 0, 0
128, 0.000000, 0, 0
129, 0.000000, 0, 0
130, 0.000000, 0, 0
131, 0.000000, 0, 0
132, 0.000000, 0, 0
133, 75557863725914323419136.000000, 75557863725914323419136, 0
134, -80120850339987118106869760.000000, 4835703278458516698824704, -319911995015521245356621824
135, -2820826912434134919938048.000000, 1208925819614629174706176, -4835703278458516698824704
136, 795958805993081137952456704.000000, 5091995552216818083862413312, -319911995015521245356621824
137, 681230205320670898320048128.000000, 5091995552216818083862413312, -319911995015521245356621824
138, -25562076940171729616408629995372544.000000, 5006889063462541337821184, -332306998946228968225951765070086144
139, -20769275236645241457317009244028928.000000, 16464530742525018037551104, -332306998946228968225951765070086144
140, -10384636479535085218064081908400128.000000, 19287000644964651175929446400, -332306998946228968225951765070086144
141, -6026849628129019540875069358080000.000000, 19807040628566084398385987584, -332306998946228968225951765070086144
142, -4267977675785680554937339923660800.000000, 333312879697510068256039399063552, -332306998946228968225951765070086144
143, -6464735960712637528627441534238720.000000, 1298074214633706907132624082305024, -332306998946228968225951765070086144
144, -2793291820241189007501964255166464.000000, 1298074214633706907132624082305024, -319929658485600536349737954972794880
145, -4888352525271232392429931142840320.000000, 1298074214633706907132624082305024, -332306998946228968225951765070086144
146, 1429883404604316976917964941950976.000000, 1394509784214048629020182754143240192, -332306998946228968225951765070086144
147, -230444695689841136426983639247486976.000000, 1394509784214048629020182754143240192, -74353691014218731640554455634618089472
148, 232451688878337788791153704535326720.000000, 85071495765415795310032257162546249728, -332306998946229184975194631157317632
149, -168236636062356576084435060211580928.000000, 1394509784214048633631869322326441984, -74353691014218750530848486494681694208
150, -345230242318464850484470291917438976.000000, 1394509784214048629020183303899054080, -85070591730234615865843651857942052864
151, -27046911327538803919933033620176896.000000, 1329227998221159953588140982073819136, -11465261403079637394187332876742164480
152, -308335598210202644665617021252141056.000000, 87209818035950964848793712748100845568, -85070591730234615865841329689384189952
153, -402712389651733320078929358636449792.000000, 87209818035950964848793712748113428480, -85070591730234615877336838106991558656
154, -350766182228812527437037199429730304.000000, 87209818035951569311703520062704975872, -85070591730234615870423249729024425984
155, -308770789790742212666044646504267776.000000, 87209818035951569330148047519350784000, -85070591730234615872797209682602098688
156, -621805309699128222233164693400190976.000000, 87209818035951569330153923309490667520, -85070591730234766967789807351858462720
157, -736157039726213731554046965580824576.000000, 87209818035950964991753727517388701696, -85070595533186416513638368198485606400
158, -612850083804763902401542214788317184.000000, 120980516823576336694849148823130341376, -112652072619869732453292342608117694464
159, -598856544696806171142145857732739072.000000, 87957508783541214088568054670849474496, -85070596945606488117534245005373735424
160, -331770022322265725078983145255075840.000000, 87957508783617603088794954051826220992, -85070596945606488099024520853011825152
161, -325707738704435106655049115079016448.000000, 120974738145801044170751023429193564160, -90387422583740678741920437706197827584
162, -346268674277136112655350778071875584.000000, 116972388769439734531681155570791874048, -90387463148579482818507513420962594816
163, -174914814835747370024316889917816832.000000, 121956668613525571428620554444043714624, -78922912230078327086432122555198341120
164, -600029992298515906497937519098724352.000000, 340282366922790394319287242756779425792, -170152866129273632266337869484735463424
165, -366844372345672141519649322861330432.000000, 121956668612879901393022166939309965440, -85070587550601054982644062490140475264
166, -382642366772633466272727984263659520.000000, 121956675882084702649990727690889986176, -90553657686592452162362846967071375360
167, -438955375497196567933738344045871104.000000, 340282448048723598411122527924205568000, -172373789991091388360395567921271078912
168, -1799618771850314561760189589089157120.000000, 121956675882071147775631292401541922944, -85082055844836488344355336471187816448
169, -738518033043777355910686692257824768.000000, 340281721375501769290647850080182960128, -142769979074327420124587677735934812160
170, -1420653379288216003654989467715895296.000000, 340365800158871691685921559163577368576, -170359290403732020226967100657613711488
171, -277528366104262137277416432260349952.000000, 340739072932828805854800164911286386688, -170359270138443711132757577427448963520
172, -2687661202977535825158448170624090112.000000, 340282363855798106699336741853743935616, -232623884803309848466488928911651012608
173, 2221329812356496004794923130084655104.000000, 340739152227819273389387091297934639104, -170255424433906689512008194507340191936
174, 480367982205067796787467052291981312.000000, 341643041394152298827573603808629194752, -179432180026685881425752680126729060352
175, 1175976179762865066865023422216273920.000000, 393700476495400971254724191396084729344, -170151849093472500912723705216181965056
176, 2249911706950445447134081163982798848.000000, 372432829006395455465184492443497051776, -245937415956428650057577393072256851456
177, 2774228916985874512573531565561217024.000000, 372425504084994227389835160300946732672, -245935599562994051988040446968632311808
178, 2324707197793607692295014945522712576.000000, 401254954319707349981217262438514211968, -245864887411139611689395109122496135680
179, 555224097078364900195633827646799872.000000, 422653077568884294862721937892758163200, -276100740048153185390800675564269945984
180, 2309123617684404938586390464414351360.000000, 342052262413428034984693806506272163840, -276442944337036616585846513107977124048
181, -419538363041575039850673584457383936.000000, 342828051222830155638795770105529899008, -276454485535503437688685145929224635488
182, 2327455431072320548957229848595529728.000000, 340682437449588010168388269686673524736, -277108075536294376768776685773888177936
183, 1014694040064079805577029684863959040.000000, 341123647544991672460211428652012541952, -276453476475649781078347700279689218208
184, -590007802648248629145230247288897536.000000, 416013951491307562105447779071716849152, -352227175460233148371570513955709127360
185, 2392000865629251454393261548141281280.000000, 460650796826151960018685084038630835840, -280631964078567038544010084924482250368
186, 189847031678198246901391927736795136.000000, 416011709686833075403673516043095915776, -276546388580500260588256415745103720272
187, 1522396827902616662286485965326254080.000000, 341816547945678037329496188518048860224, -276408057604568278448940061643348439600
188, 1505498405634878149527554989557284864.000000, 339829599616426458340234593675891141632, -380310788583981246792487744346067302944
189, 1321200958437509454153438829708574720.000000, 348162643246777916092500105608521524176, -341590351136541269877463061671479285984
190, 1648356464073999464250498368770408448.000000, 444988248488029670193852250558836654016, -344449442909833052262182604876425153600
191, 7382466049562287031673670026133504.000000, 379518994753054463460439785833287268704, -369054712710051156226439595376878308416
192, 4790302667979762665941324300839550976.000000, 349427570294393004826431263445523578608, -274093524799025717178625624161163372288
193, 2758372617520781524083606872785944576.000000, 436030253270545764422816539415470504128, -354977071182783722270737232584207350544
194, 9579882088595087124321410616913821696.000000, 376206633880790386284945471971430957440, -264812957462489226023272101941654223904
195, 7931121704631494176483407903126978560.000000, 345950033893773805603204182265260261568, -338279342461135188722822841989445376192
196, 3452540325005763706974172663039131648.000000, 377542398185239188865624185091301645616, -406925834028316537690086445873005359984
197, 5775545166438069977306783196127428608.000000, 406026822872013110588063082151482453136, -291092301234876717795430901470672035840
198, 3237898620610544896442953493699887104.000000, 344853860387157614901367861706639128064, -397783362751013341248934081894938172672
199, 6583703192671150070126527387359248384.000000, 374125576168563517827445731074625184960, -389641945020639520464007435209554280464
200, 1726701122116035964745346698113449984.000000, 332735503865496768615525944416320932432, -347605407247256073002499442656063967088
201, 8737599001416453298004664076457738240.000000, 447347240008576071113092589651628328064, -372818774498709156330522774784283971040
202, 6441215208095808330545612727659790336.000000, 447329454248831703774158160791377388672, -354599497344040897448752574028383589568
203, 10617114080030788093442497076151713792.000000, 407254275871019470359569424960616162896, -430900216472934723289543136667802201984
204, 1805974404510725421149657722565689344.000000, 367294453019392134647937456247976461424, -420628288660649229772805910820002729344
205, 1151801130485886320521321988736679936.000000, 383527785137355855065267837268853480128, -507944059780770587906719383022822358224
206, 4661980687699959952547074742155214848.000000, 510776462687408283383645854452071721792, -524557811912412911866427934342068921552
207, 3474008494910123563137058062521597952.000000, 334036574714921781290012592700802462672, -506612911368903318950350795991444800384
208, 5896415856830740786190586369321992192.000000, 396093962675893805277510719388987864752, -452396816306933829748453883877688743488
209, 2433880175168312191052268534526640128.000000, 418485175981680572500408103708743766592, -428361512690775665194227538242620893840
210, 6126222263569966660536820066859089920.000000, 365159776845128697246806927304257927760, -500811615497221111088181831853660670336
211, 12370903071545951511050859091492601856.000000, 428635612360890561364084165801164616368, -524058826073375276722747860708421954432
212, 12637345779157965485180230158134542336.000000, 407064882472662850604609011202668580296, -530406497723570533063173316017609566080
213, 12021861097503633051327518725562695680.000000, 393807680616079665920500808335342561584, -532036028097875669729975508244665721728
214, 18002346217242372808114548628141375488.000000, 393776852657257141868452937666367677232, -532792643185862849071717004960148531072
215, 11771313119634954509505564679488929792.000000, 453386596974663080739132424848277813952, -511749687760403397175630586344862560432
216, 18165620943929606594833058366866063360.000000, 422042920268157399257689944920396118400, -511090136172221764550733149242255516864
217, 14927120985644106323100123040428589056.000000, 389098708992985970552646661102271569708, -553349706800057921669214348692535147456
218, 9862418252547930339648817253287198720.000000, 419233236315186862534221473599564116736, -445324982798663936786987233194850856988
219, 15801425214225474762151986586904952832.000000, 421506995217376757970656890312991715888, -553994176380068043835802445124124937152
220, 17954895396850099164613436102032752640.000000, 570480313247035654435604542423379796608, -513080753360783524028199664185881811264
221, 21440650995440392452660925659114110976.000000, 455274890631504481519382502612044139136, -481516985452251151287591491169547279088
222, 19270053843599869762454142025511993344.000000, 476389728387389306189021709085510989200, -481530104522812698686427245292555362032
223, 19829769404312664731371590747833761792.000000, 393534211563607220134182128491841273152, -515384820622286846299907097481547198864
228, 8994674086948365575064197039252307968.000000, 441296856001130567504057942852346228056, -540320958039469832100424619574969943944
233, 18867293500415658407137191032017387520.000000, 607546941526414516227290708388544819316, -474946786031874299294287368519502648120
238, 746544396777618505989348872704491520.000000, 530347786278492575084988517134208914692, -529117737730169960781994852922806495792
243, 14833922362332111874209979755510366208.000000, 516519088645424332594220578394296682624, -534642003963295424023007627948897780920
248, -11497041766126826210210312791846289408.000000, 569214998597857591858443957038851795408, -528708034381369075446886652209181422236
253, -21619490037969156296419982184546304000.000000, 544890817484347243858115188502172677492, -595950480379871817711193162849130408704
258, -47451758467450850801839123000620744704.000000, 535736626983554142612625445448352195656, -548435339238219877002762654573863917144
263, -48867619093802305065453897962867392512.000000, 507284509006911267982092517146960993416, -606283678221712076386523953645484501580
268, -41521496897049825454376249649109401600.000000, 465352177325003056049616238298366254858, -613931080635944552323057096293509250566
273, -56114672508968248851672471042795765760.000000, 535109985726875265836673801468738473962, -600675531584011671580119325500721266748
278, -24922851694276669457104278430679040000.000000, 570794078556723702543153271636423063672, -648434335905026244964090964908868400026
283, -9206543178557368380672575700025212928.000000, 476641489039151053194059255852576341376, -541505720289063532339111872520586211691
288, -19869653297859775493696642140818374656.000000, 514015125894043958724333300675703443888, -499477406484653655937747319284425675240
293, -20130626960875087115343992440588599296.000000, 480675575799014599362817722235440381848, -517156404722159654249952445283766413712
298, -11162742373529235137861980243170951168.000000, 550360567809414528387568125390944405587, -642834451264880206585892328407218505160
303, 32004609328331906074080963745862909952.000000, 585589880155778702520268501801366134812, -502407741159150361068508593288773407198
308, 69650728762291750688410288507743895552.000000, 594964883621150453760704174760895679058, -523204500666929345278926779968054186958
313, 53727121911911488704625097612734758912.000000, 495899240724577903439176142852593259421, -428279691008289331254990689113210838578
318, 63677666598794707560350555592405811200.000000, 565812757591823580682029639231376729256, -447210850380250252425066445385742910870
323, 31237301449997178975951115261428367360.000000, 572255417849060846597390528849314399321, -413788461825155689595837929815102540348
334, 15529601928102970195428938626761752576.000000, 480005538329454468297160189612201523519, -524682942979002009713851487529441343202
345, -6055681470162513228482380626386747392.000000, 487595924471728869373592925988776123617, -542888258899187635638889557693553380154
355, -53331409787278241973866796821640118272.000000, 406739631931416289464738771781773827483, -621831910694317418053196435068982827358
365, -44805020640008124807077599834705756160.000000, 463538220066278636487042094790969725789, -626918606487259740505875806999558137722
375, -32106293601801955232367896909110575104.000000, 500176857469792162869941645805275658593, -641191865109872248689617032503611176570
385, -62575571825034318136741385412305485824.000000, 450891686224698868529771770011313227044, -1271517861174523896656759038334759849305
395, -107855913285890387780718150461440393216.000000, 780454305057321365700862393213698545399, -1444899350978988847163697173337309298787
405, -35701142364003792867466090139099332608.000000, 844593007995122088589039266959139484485, -1440841777070078574373877958610965886885
415, -31543059485997081619374925787877605376.000000, 791584050075992556776813217912511813485, -1422914834038037148291746555918021430870
425, -4065003563971985277885518600220966912.000000, 585233241877169724965038554258881156787, -1303261707224157878451630293625962112787
450, 146484613223036502721882599522970894336.000000, 883162386694829735466891638222751619957, -1580604472300309243269360577548605415501
475, 103742481843945817247289777253601247232.000000, 1193911108776607027485818034082428213464, -1694487767889360166623163385642521077017
500, -197155485528793322346229949036895404032.000000, 1216241534634280208213415899625820493327, -1114464790196354273554845941931806543153
525, 73774287284154746968910543127001956352.000000, 1100757722171780053763740824273441931361, -938042623386458754311007735866825127932
550, -6830241735160951432069811371421728768.000000, 1311915175725426816749204354458525130564, -1198361111999943064388521591293082738660
575, 54988363012113946308168128291162554368.000000, 1284106835439255597781243919514552540643, -1290291583742959306331190908515318438506
600, 41017727923089667284330674256871424.000000, 380367601903388017989636332102162006772, -368091836728584535114534506410534667865
122, 0.000000, 0, 0
123, 0.000000, 0, 0
124, 0.000000, 0, 0
125, 0.000000, 0, 0
126, 0.000000, 0, 0
127, 0.000000, 0, 0
128, 0.000000, 0, 0
129, 0.000000, 0, 0
130, 0.000000, 0, 0
131, 0.000000, 0, 0
132, 0.000000, 0, 0
133, -2380072707366301187702784.000000, 75557863725914323419136, -4835703278458516698824704
134, -58988496447469595821867008.000000, 16464530742525018037551104, -319911995015521245356621824
135, -63248543251666304487129088.000000, 4835703278458516698824704, -319911995015521245356621824
136, -64314145248525838211612672.000000, 4240685101616941401899008, -319911995015521245356621824
137, -11497228073652108761360179300139008.000000, 5091995552216818083862413312, -80480601307289828242222693102911488
138, -8048059653963466559855084596887552.000000, 5091995552216818083862413312, -80480601307289828242222693102911488
139, -3353357386979332665282548631339008.000000, 19287000644964651175929446400, -80480601307289828242222693102911488
140, -2328897273876778614943555753345024.000000, 1298074214633706907132624082305024, -80480601307289828242222693102911488
141, -7070452163705985569712689582702592.000000, 19749012189224582198000091136, -332306998946228968225951765070086144
142, -64843148003581163277968266493952.000000, 332306998946228968225951765070086144, -332306998946228968225951765070086144
143, -2835859798758069512961162431430656.000000, 1298074214633706907132624082305024, -319929658485600536349737954972794880
144, -5201154543685291018844021777760256.000000, 1298074214633706907132624082305024, -332306998946228968225951765070086144
145, -4363324175524248318671569844961280.000000, 293364772507217761011973042600935424, -332306998946228968225951765070086144
146, 1418071091420333490051005110288384.000000, 1394509784214048629020182754143240192, -332306998946228968225951765070086144
147, -235751996779686547461880059202109440.000000, 1394509784214048629020182754143240192, -74353691014218731640554455634618089472
148, -208758477383337278163786226368249856.000000, 1394509784214048629020182754143240192, -74353691014218731640554455634618089472
149, -24009280913171222331147355575812096.000000, 1329227996945487020917092502820880384, -11465261403079637394187332876742164480
150, -27252586302018931495185233320345600.000000, 1329227996922459581354999395347595264, -11465261403079637394187332876742164480
151, -24744706413115436295417975380377600.000000, 1329227996922459581354999395347595264, -11464591132824766718107464277036105728
152, -319824163488203296574610447299248128.000000, 87209818035950964848793712748100845568, -85070591730234615875067023894796828672
153, -256637428557199561211733786083983360.000000, 87209818035950964848793712748100845568, -85070591730234615875030150672847732736
154, -437221414570743015060934166229024768.000000, 87209818035951569311703520062688198656, -85070591730234615872725152088564170752
155, 78571801999884844116601032503459840.000000, 86399819726000188925779991839316639744, -74353691014223633493845344922793672704
156, -411645292797330999175123978757865472.000000, 120974738139297829556869874726196477952, -85070591730234766967772074428325691392
157, -177821614904887072575714752311853056.000000, 87729819515502845193110729177467715584, -85071098795424104910697185646888615936
158, -618908948364494589226988030432116736.000000, 87957508783473583916029883137386086336, -85071098795424049570178425190967672832
159, -837726914656203315968850773168619520.000000, 120972791034921455270141845882465157120, -112652072633547821426315030722727149568
160, -602257247440456811734310530028929024.000000, 120974738145800625060730172345660997632, -85070591096563151511616132697282839040
161, -380134340143417801916996524624052224.000000, 120974738145801044159593364148476575744, -78922912247862798309494368864969949440
162, -290630958415752759651653238969597952.000000, 120980516773113052879461304176897949696, -85136793515101750029116239874563244032
163, -70460857454303348584297653612838912.000000, 121956668613534940608742955504759472192, -83741323296008858309614629612492423168
164, -102729380093028360454158707310198784.000000, 121956668613445915879731360888148983936, -85070591037595945183400076802471886720
165, -589132546526210516061780043804704768.000000, 121956668613444967555735789844449198208, -85070591732635932545042915438423442432
166, -344979356725812603028597508220649472.000000, 340282366919001588066911332229030199296, -175364553001493082641032500177891688448
167, -618708029802413297669461865215819776.000000, 340282448048736939271452275381388886016, -172777692882254871817291657025566081024
168, -1064708515887566193338240339839811584.000000, 340282447837649650809128523938741272576, -172373830626284552567494768218178781184
169, -1643650395521416945672977799398293504.000000, 340281721374939090640644183992893684736, -142769979082220573729912460929056706560
170, -1391312765015045444397086287195013120.000000, 340281680810148519007241774453452668928, -232623876623648457373873441119859818496
171, 60277530627045415667687312049831936.000000, 340739638318090990482261417534015545344, -170676081378497837091426324862213492928
172, -958260865278597081588785771385454592.000000, 340282363858254855199656962473552513152, -172697664544779558604107562068012432128
173, -298850056587626806952503509396750336.000000, 340282366234637656781755177929679554432, -297728184894768345910007448497247928320
174, 333311669767362563835112498990678016.000000, 340282363857653129228163054182023546752, -172698130600664852947603371306273241856
175, 1087270462366569405429762605241597952.000000, 393700478428466775809199985007442707968, -170187985408938885417798560636369656000
176, 2609291817186830403376493051730984960.000000, 393700476385593733895661453227810489984, -245937545505891155444477864706327055872
177, 1785855300649810368613432699192868864.000000, 369864251290435885235966589646703526976, -245937027668691909149782474481511042560
178, -503883302671656797170289414372327424.000000, 340277302859057610727297662443053323392, -276100418218714658860676440784657925312
179, -673262693720861478726792387378544640.000000, 340266009179308343462860735467382708736, -276433979685603327468098313786200308160
180, -1212599952402007092116025884790489088.000000, 341068818011090525463854268277137788928, -276441120822168630356719934067170805520
181, -1075259617169458214436294093407518720.000000, 422651401643838461986356959349691420416, -276453327654796736923854976989593879712
182, 2193494073272419252686363266551644160.000000, 342904934544690385045293408903204833280, -279101357923365898729525556956248133072
183, 3004513716115443078811451677229449216.000000, 345635120975174867234634998541560612352, -276428349125758967043640195036457233664
184, 2353898419020560346527681442803089408.000000, 460653099223182118157279862069773600512, -312932002588597183292310296384919266752
185, 349222613078323618129409915549122560.000000, 460662476150907204658866354311808042624, -309692459442222687101428375547165769408
186, 6809279687828002358182529835550638080.000000, 378284734286979054081143709028766035392, -276428237884496197989988956694021516976
187, -770599253747202939068543698873614336.000000, 416032295839948809419919933574224901440, -338424050565105586335151662384360078848
188, 981743724504879398723331331603824640.000000, 416033115405356078438465179065728986432, -352806281978649228027976676197374002032
189, -1501347213529245568461024302410498048.000000, 374827449754340163900256426355695175008, -339117925132892230074144497829861124512
190, -1621780850599801792359273986544107520.000000, 339780029737733312102956150422313133504, -352218543654695112006079289292870872528
191, 159960943856889739277761576989360128.000000, 342615861602259374625705025331411387344, -363982183919052353824387350084506314976
192, 603325306340492157419129649615601664.000000, 340006996089652735717161015355164053440, -274331481893823900618087233328687918336
193, 5029836298419502829390843367462535168.000000, 436936182476904068283599416717206829248, -342113275986657172435189063336414927664
194, 2787276209616288060182751315868254208.000000, 346643997189047364347509543055650928832, -349991639568276228259320700375234025792
195, 6638162408903003449079972740525457408.000000, 374913470908708835233304566154363658224, -379059201202309808016598176459337313920
196, 2445196027280137570816529124384833536.000000, 377597411561893728933356653693980974640, -406636936742057355919966990963027960688
197, 2730374672441914818473361082186465280.000000, 374135321116708615896892827077942863040, -405933031750368951580753749719972595328
198, 6914845491465487760909098757654577152.000000, 424268751607807203601028152703924163152, -341571349053673529468797049380182818240
199, 5428515978910072486147769562025689088.000000, 406302825953513942112506386717288285280, -285739539538447964561003925314689078752
200, 7330361643449102515934917302083911680.000000, 455447245193137605166843533623537909888, -279798250816287727655390401876960858480
201, 8861565549654453849770623780534616064.000000, 424569335771800069273462339451910958608, -348394136516528186029828298115636199840
202, 9688059085673632349981367167023579136.000000, 447141508526110026466053374634891526784, -440932906554113240038131417286819518528
203, 128352101667329186577516194391130112.000000, 595067733166046617362347242341134222912, -506482269833925835184652213724758513984
204, 2682830575621051697953260044615155712.000000, 403818959657513124866761529293725669536, -501197172794996344311597320983805553872
205, 6539674945788365471797173306810957824.000000, 361207395598008590946458667074363318384, -514001230992837797413698172580361848704
206, 4936584302013340029096470864608624640.000000, 346183956529035042613752967826403282432, -510914240632266560486619787721034104704
207, 3041599990285148366442799475124600832.000000, 426061092293880307069049303839169698176, -331878703550569798748117894549520191872
208, 3329181394518879373123012929773371392.000000, 417285428689470417685644024080037151808, -332871081133922667673812998703460853568
209, 5236766864413435160932302429987274752.000000, 403357343591737737200087797745661963504, -505657934937583804238574005730881820544
210, 6377794568347654461144692553435578368.000000, 425156692445085245783935957493321161904, -524248756179228423581922146346776826752
211, 6337917117560568193597577153942126592.000000, 348570499331884474068200542640237516336, -498653947610384267365574015099302629296
212, 8654912013869240838711500700448194560.000000, 516697583733022032532295427181254539808, -506369938431604604777236311487933067184
213, 16506183171915332855001792350225694720.000000, 467941627329421766482062918458301807440, -524208906294967485257413223499977319296
214, 9631578181785448780906633662358880256.000000, 421823846174100905630161513432610736704, -506588539786698496575844912950418022832
215, 11523965063704646871178206476408717312.000000, 459573821869125891083537675640749369280, -511740871086947270014374068268320971184
216, 17747994090220194333331429028930781184.000000, 373005781255950961270918322484350650752, -476832731891277534920962797766367102720
217, 14774863281356527041754997030637273088.000000, 324284230574445709469234945854322280256, -477178808909360328344171686749476450332
218, 18356276738827471608709705571143516160.000000, 464846211626308589181484344023971761280, -552969856269295831576231000910185149376
219, 14691275296733365096239444151125409792.000000, 468037864961792117192790097884562644208, -538249026409134972293342670169292959296
220, 21231959995069104878831670404543676416.000000, 439347334935121784414122939532746492544, -553434615150652509933269717080819734336
221, 18419760074174924352240300189573709824.000000, 478725744502612469953658562961394050096, -503520495756172568269777859139016050524
222, 16343253544079955466314232910751727616.000000, 397506075059869179983684159069647021932, -545913331443209506286093322400909073576
223, 15285576735829068822778396039641563136.000000, 421028656102756932252727275199739156032, -444787916159987681634964606063534492400
228, 12317787951587593141568290613624832000.000000, 516734015966025432749571437268059599520, -528885650852200172329440618095549721352
233, 16005309791603606055599701291576590336.000000, 530493118345493643401829842772398190772, -441637083006338043865152446970637375728
238, 20622171822759010946887261107360104448.000000, 605455748602436371563095063571347963240, -479803787188415954611698156552944325400
243, 21786496618497375312610190424350392320.000000, 463604402611634551615728077267940282184, -552183284594616482619435037247318735016
248, -12290307092113325716032357038104248320.000000, 384259426805177302726601447918004348632, -532236949364111899183427271438092535048
253, -23293895756161950582290463631033237504.000000, 544795876683697662665182433622609884404, -617597933394053577618174019442330297764
258, -64280104258010133449792363426717106176.000000, 551615343509286263856842723146826954420, -581749470339877362863572237598217031416
263, -39528292812783583180876197311486623744.000000, 594102978848698941999499695571256391348, -612359358087409596397531228029810905246
268, -57973753871286320499488686940822175744.000000, 577781539518271856406930687145908504536, -648598047467539133818426820183981900194
273, -48916473167410056231851773738625269760.000000, 442514490865133310350352536073403903976, -582512251702390416155909317718529288360
278, -29456257005204417220730455006979817472.000000, 574571471266316664452480186419335116872, -536820303462753618760440168668375325664
283, -10376647904470659179093907455405457408.000000, 534730246294507399743176062318479396824, -650550034787242384463595178865495156762
288, -16371799461074417741498071838642667520.000000, 441730334812069769543218398860326238073, -490200622169291154205471703373454402968
293, -5090103950968610716125631752882356224.000000, 580376950293032841833533249452787831084, -539851578459309967091564616506951293242
298, -7150371649699805673576495362793799680.000000, 582099682423089351536404101136916807708, -572376358335268790923970284767525239904
303, 27838555856625040827942926487050518528.000000, 571422836621159888087092443798098906902, -532323388438978247016690266080174619752
308, 63640271118017251666939280729697157120.000000, 597526822724073057485214637554933795346, -460811538794587138372371550935148917668
313, 60465914559339181673512669154612609024.000000, 598964272324291966158718711640933016338, -430308503710365745056337966420503584306
318, 65135989731399772488134709131983454208.000000, 564433352651924763352361305432063100056, -438759261740267392383167471144498203448
323, 39406218396662907257996252219428569088.000000, 600134127642597375773931704559415276619, -488947350103067419732279122961166606508
334, 8601397809013338911722853741101056000.000000, 573790436801594802799876099886229393517, -481060147670945587898776029362088734936
345, -5782437353796592306920256148277821440.000000, 453363678832905065632462277305786682139, -468151315371042031101201822769181344972
355, -49136019244465414691436820180699709440.000000, 520019379575794295355767335135610359748, -599077674400454456134628736299316187054
365, -16521011950776494481702527316019642368.000000, 658576537851643622700773325835505978597, -650969237760208821793448914641843808857
375, -20252871219365614572496970465094402048.000000, 574122798984476734000633513474242187160, -708868683941784229879851174370107547667
385, -40955196615347515654674189099307368448.000000, 733631787601383816178277484044595796160, -1271774185187310626420628336121818216467
395, -95621504737576819338304922489993560064.000000, 705093959265430390255682546057358114216, -1361911274051524715573600917997792943021
405, -70112423859581455973289892844134203392.000000, 638196551906668546071150108145244803019, -1392733083352323121991299437157174566319
415, -90074556074303270105119122721509212160.000000, 1053928802996906727595809613589415821400, -1450165143038436021131423732816255766777
425, 4367248228221679545562820007251935232.000000, 685840424976532963738348790945469880288, -1382635611432886305979685890415219331733
450, 148029873246211001331035285904311713792.000000, 1015497949501489404766218888829285972813, -1737140443420387484900916669914125849218
475, 139526441436759284209561769944020942848.000000, 1230961293456426122041570906118214294070, -1671000455245616868773871707755448718007
500, -252915358714810778810516806095320645632.000000, 1016683487973593384979956267270022177414, -1173747372056845539223788343224923064066
525, 456841856046833863130342166854373474304.000000, 1432827077193564149009983314910128836177, -885139415266364972666542228613021069071
550, 97923496457492831914723496110648721408.000000, 1393063155846154223995130661157622868327, -1016226282770310473999632381800418094739
575, 89974337084962650894200050955784814592.000000, 1379249487163471608420006498059439598946, -1266794601532327715868303688822482599183
600, 41017727923089667284330674256871424.000000, 380367601903388017989636332102162006772, -368091836728584535114534506410534667865
122, 0.000000, 0, 0
123, 0.000000, 0, 0
124, 0.000000, 0, 0
125, 0.000000, 0, 0
126, 0.000000, 0, 0
127, 0.000000, 0, 0
128, 0.000000, 0, 0
129, 0.000000, 0, 0
130, 0.000000, 0, 0
131, 0.000000, 0, 0
132, 75557863725914323419136.000000, 75557863725914323419136, 0
133, -2380072707366301187702784.000000, 75557863725914323419136, -4835703278458516698824704
134, -108439701546135663042101248.000000, 0, -319911995015521245356621824
135, -63248543251666304487129088.000000, 4835703278458516698824704, -319911995015521245356621824
136, -7239387818239166112595968.000000, 56668397794435742564352, -19342813113834066795298816
137, 683841336673816250889011200.000000, 5091995552216818083862413312, -319911995015521245356621824
138, -147573952589676412928000.000000, 16464530742525018037551104, -19342813113834066795298816
139, -19547552027897465618123115817074688.000000, 19287000644964651175929446400, -332306998946228968225951765070086144
140, -12102632185844980866364609390444544.000000, 1298074214633706907132624082305024, -332306998946228968225951765070086144
141, -12824099395186604442150674668453888.000000, 1298074214633706907132624082305024, -332306998946228968225951765070086144
142, -8854735069051569712234605404225536.000000, 1298074214633706907132624082305024, -332306998946228968225951765070086144
143, -7151913632210806408459497605431296.000000, 1298074214633706907132624082305024, -332306998946228968225951765070086144
144, -5833528859034654860503487329861632.000000, 1298074292004959074238515111788544, -332306998946228968225951765070086144
145, -3138852704661713538967575839375360.000000, 1298074214633706907132624082305024, -319929658485600536349737954972794880
146, -3404729248696849113269269732261888.000000, 293364772507217761011973042600935424, -332306998946228968225951765070086144
147, -986702087633590939171703981342720.000000, 1329227995789522541407846399186305024, -332306998946228968225951765070086144
148, 845831144371257146620212362084352.000000, 1329227995789522541407846399186305024, -332306998946229194198566668012093440
149, -29277648178664635613687088913842176.000000, 1329227996945487020917092502820880384, -11465261403079637394187332876742164480
150, -347393424755483179327350117691817984.000000, 1394509784214048631326026313112748032, -85070591730234615865843651857942052864
151, -505521819225327686650852244902117376.000000, 1394509784214048628443720352572375040, -85070591730234615865843651857942052864
152, -312576378833132038874499763971031040.000000, 87209818035950964848793712748100845568, -85070591730234615875067023894796828672
153, -164038368304563537473513560557486080.000000, 5005374171627573831597555452154478592, -74353691014222496473456643213541507072
154, -419666284852987877892242091802624000.000000, 87209818035951569311703520062704975872, -85070591730234615868113184595160072192
155, -95007105111698991510651581052747776.000000, 85070591726674461552473710959450390528, -74353691014223756164702437892520148992
156, -83390667403626490079286224993910784.000000, 87729819515502845193110729177467715584, -85071098795424104062146925270903554048
157, -502177605341249792245923035347943424.000000, 120974738138661023168312065679434973184, -85070591730234766967554494270791483392
158, -957301983394891079758555793388994560.000000, 87209818037809065093925988510208098304, -85071098795424125128046021317499289600
159, -694890366103831607254451774667358208.000000, 120980516822957366601378949994215112704, -112652072643871745694369060217424248832
160, -877347029141916722878815191196237824.000000, 116972064581130703419998517251603955712, -85070591096564056979272292386386477568
161, -433080889367998377269387783980449792.000000, 120974738145801044168445189216072892416, -85070596945606487906486627932255551360
162, -802671416788432211421701497212108800.000000, 121956448675925047295127357083195146304, -114022839018424856275603483157791768640
163, -738497927370938915400083994514030592.000000, 340282366918457589447371072210976358528, -170152866131006172876220250689820950528
164, -682405903484449935288856505864945664.000000, 121956668613445791474905371864547721344, -85070591037595951779327056158913593216
165, -930646946279934865400358090452238336.000000, 121956668613034349453309777278188126336, -85070875684018937204675659138405763072
166, -447610795655550424408877109417607168.000000, 340282366920261137465006471063927701504, -171044561999655062001164975638592028672
167, -467718500339845504587025202714509312.000000, 340282448048641247445965378893045219328, -172373789991092594704018397445230886912
168, -1423464796465148798523762717728178176.000000, 340282447837647291475265169691900043264, -172373830587053732890425716577854685184
169, -1682114938855515204294824097881260032.000000, 125666438208328250056137625801518923776, -114313880094826167920360360839850254336
170, -3654285618690102060592706057253421056.000000, 121956663102861705909689397281112277120, -232620022967657098898534165556909588480
171, -1101601161684597465918346275638476800.000000, 340365792282509313629647213480890007552, -170359565342788947078103543680374870208
172, -3655741390245636129800313476237754368.000000, 340282366919917583909477210246580142208, -297754233240412516331174983913147760640
173, -190512472871324952194660584696840192.000000, 340313817108265639294438490854147719168, -297754241370901617483309586991246049280
174, 1413503634937352733648889401479004160.000000, 393700478398579468782376371998462606848, -170141486406466190889919201314588326912
175, 1561008048315543414186670305944010752.000000, 393700478743841112655391612481307559424, -170187964690765188454248968777645283136
176, 332062302328939551186009362805030912.000000, 415735743212854156795925275799473848320, -245906425472139919847302982509579865088
177, -222486215546038765772607493559549952.000000, 340277265849729754058384971322183512960, -180600160665417809473628577453409562624
178, -284884665845498851805730158434844672.000000, 341714970983848464093858898995190046720, -276331472384394514606050755473304337344
179, 282256516936546747205563480432181248.000000, 340932906078769869499187834282811335616, -245937387042328312197533345784949399040
180, 1495633441506076278639823339667849216.000000, 342344004859863446194265834018712340480, -276442945114982812740077034094609106704
181, -460178750333699328059435372551077888.000000, 414740734697817557075490729178573999872, -285575902838823292942939072201965531136
182, 1358004304125859516305866407278542848.000000, 340288493959947100593273017852435143104, -277107867385747311448459490255661813136
183, 2061058519870159335794246941847584768.000000, 417865908542902843441530897956853905408, -279101714708974172902642034932117882640
184, -249936896905095342615226382377025536.000000, 416011875249660335746882642816846904832, -280630686109152490280942408937339757184
185, 1447020626123068816280705166699659264.000000, 339892974423905957691645695337450665728, -278686201472419322747621775067590986560
186, 3009194878968587182896946498439741440.000000, 420986706564846731083313133377814923264, -278545691128353333978627120986717062976
187, -2211351770577325010408185387022286848.000000, 416043071024106085725719565167343603840, -352802543366151492664532090202130646896
188, 2699780935984507569065016123398815744.000000, 352054401752104317861257167170829866816, -278013966054057371659537465468440294208
189, -85866601578511322333415697312382976.000000, 435656563920133669170009565246234965264, -360245175937973793654561142217668749728
190, 2098162990303231605163621513391243264.000000, 427473669246700466545184606402164802048, -352897371853793965784074507281260703024
191, 4455281231556995116708633399863017472.000000, 343256488699206712345182457004600972000, -369054853609302415676377635136301588544
192, 4555749453114504257132109840454254592.000000, 436193967979364701840770910935644935104, -340484261615292089571036048771391389760
193, 4626282052154398553178642304846528512.000000, 438063405842748242729158614134676669632, -346254631450891323832260888675531131264
194, 5774918617845812362939692811242438656.000000, 338911397215199802166793031011336376656, -290783866419993847675767872737086646272
195, 8276352026981574865811904832412319744.000000, 369366111001418123189835460190442029952, -288715078424995764572100718165933856368
196, 3716114159130259202676068900822581248.000000, 345971565899302465056199848214360295488, -350457952448903236785622463378826899568
197, 1391630194644541341134133590591799296.000000, 327074622394304868595518054398851095424, -396684145615798499321577079813089981120
198, 7808540407397618651037063451980595200.000000, 419535209480503187133120989205464386512, -337821999176020288530131222009668328576
199, 7750103187143542282653274791198326784.000000, 424829427875088584249032724554337093712, -348239886482258583837305739619893565728
200, 6315408643011537354906634533109497856.000000, 424829521570311640449637081607353848080, -372695158830403340538796092359872140576
201, 9299152008562970917322020383526748160.000000, 423731971655415574906838111136516276048, -348895062496289159619085609141803944224
202, 9026536945490713709096101318278250496.000000, 423576359416726400369063957673640830080, -428258254305225055671977790401578537088
203, 2193464329373612638595532317842735104.000000, 472832094927279517897145205667919017728, -501213866394348571303726309664712692944
204, 3549668843579331878689620414349443072.000000, 426427972214752114596145231228963207744, -501196502593660341972904767156270733520
205, 4931344160117677816869480623102754816.000000, 423571139850441953059554567266433974912, -427056253604150977397640849183056512896
206, 6348702131656236384009319120826793984.000000, 540567404516124870305654632301391944384, -510594473356749956526218643780161718144
207, 5105378800687939993333967893345337344.000000, 410506157945540564082871212767674537600, -317806866001080198921917015534488537472
208, 3631206800130995234474025174366683136.000000, 379262909232100578966843050637228662384, -524060696361172771397806451328810045312
209, 4281836195403229815184441296512090112.000000, 392611835089356436227442446276939714496, -499617890731937735612518269230329573248
210, 6336842460000422880598232028441214976.000000, 423261319708911497403871167234907888320, -524058347896903866202613965561781195648
211, 14040850036738617057418784492369215488.000000, 426657945927863749616429040540139046576, -524582604711180436459129977481255965568
212, 11176243238478976845448196547627974656.000000, 393671504544676927800914243555404769072, -524091608157195960912252268603157621632
213, 17847285316705945432973322760134590464.000000, 402781435953577652809868105532306177480, -524059907501264071168833442618520037248
214, 14386060798638789975012215578093944832.000000, 417096970279190497735228761371532179008, -511243477348772134777159123821224194160
215, 16520951099995330563617393558715105280.000000, 512096438109239535950299387543937488448, -507751037143639803166484558293995840560
216, 12397302244884523760553779144538718208.000000, 451407997528399101773577564313529784512, -511653133560245903337321256496317650992
217, 18706896194307386197660762175501762560.000000, 373245465689078162076572474120116304712, -566258123083561194617598905702319838912
218, 12719307095859549714550591316610252800.000000, 457882156460099691698955396368862057712, -417121266663829361431677687610204875232
219, 16379512233775570580228133576727592960.000000, 429330437603722247239190889865613921024, -513456769742674490565845366987346533264
220, 19682259185896131163592162678537191424.000000, 570918054311003109874641701331159796352, -510891009209476158173266444429775866256
221, 24440242258554226116469724737139900416.000000, 437229207479918327040590437224239428604, -553347401908297992851887847076383009208
222, 21603776908552092256452459903554945024.000000, 437184650079432629864300881541059986940, -552823052853843041590732349195593361784
223, 10772116268410337503034410609300996096.000000, 482391352140011420784844570852911999484, -555586639658582950807362827777392790184
228, 10843081482149138529960895584076300288.000000, 525978903699582104712379160835594690616, -529554896090534506065458622674013055736
233, 1999791968640819557528417403043577856.000000, 422077716946381854330412491216500251912, -513446750000545951709382861965228465448
238, 23713180762023074046763272049388421120.000000, 607391776668689838451186679621181209960, -476683054525851828172331887495488368088
243, 11709055579304720004017714273047281664.000000, 501715130288428856149676937919263324168, -534963861813085396163902257037665735864
248, -13821116017347990491432186201101041664.000000, 523335467765721344941733316076262454968, -558954536766105807525500152534327087496
253, -39734710401184729443820704795350532096.000000, 463653005865888688678756694907311708544, -533643144669224288354730949427494939648
258, -42646608498528774464200539196232826880.000000, 493643989520088987738657106918610637128, -600461400818736931613511323728599122192
263, -38190127400087134571750498913730166784.000000, 594102874266555838703139358202516125364, -517023444693823158630537134699694685232
268, -76108231964193556694808281100775849984.000000, 562302924087919718419049032832505219032, -656442806867882562449348951487145791906
273, -47381502339157567491392651680116899840.000000, 460798779915374636486983776688760537350, -582681328859844561179762408055467255976
278, -33411142383934781185206228102573719552.000000, 549868351627693596891301497826137061448, -647954263546941883006795305760858335002
283, -30172666318488837630318215482405027840.000000, 610571384993726868008486108690295909624, -650542856371342388382105792893281839130
288, -21236732199233359692479346308093575168.000000, 434024811755829550890165828510085052944, -514968007012170921521496208618433831709
293, -20040691326276555568935008810592894976.000000, 499684294435393567377155181420928837924, -516987049548113370858725157240721418640
298, 1559389070580843746815736492767313920.000000, 585980898344541881556285642204262826012, -572837818741324943921149626735604321376
303, 29321438841487496661258736502967369728.000000, 524550199754478890098409699809100004107, -674847655669061031206739095588911683780
308, 61417782586688341726783670575461040128.000000, 595093277806358080394394625164111728251, -459524929220663436435374964012934469804
313, 66583577406258589949756161422989983744.000000, 479719704948101619042814838269413585949, -430308393218416511639897523804813876786
318, 64540326593573637063817722270553473024.000000, 564342029588059537196892185446574444482, -438879610326846910517743547697925456373
323, 38206592652349206121095922121867001856.000000, 596473194620543332031366428273778367229, -462766345290391243124999020532232064537
334, 24103179191635049066093377807544483840.000000, 573781281934762159331470019779831140463, -412300321242213739382259088358941888331
345, -12094834727845616408748192003537240064.000000, 569300505930534778489688774900247158885, -503091001421489473781175335544212007944
355, -43904889326315430511300775374925856768.000000, 405425499311598568006520765004860066203, -608325142467689350285104811734675399038
365, -20690784195538037983173266737429741568.000000, 496989856123243469113386252745036756829, -616989051234533482355698229408115161231
375, -20042698835742450630112764885454553088.000000, 694424646620982326302047232344098124869, -657578556395085742355809360898005916206
385, -6919604125284027853430958203370209280.000000, 737407362230897358199970614615562452628, -1327288262309513669289225119266932522280
395, -99049644910079930709908654440671346688.000000, 730535529788338529032827590420533435304, -1367689374721937786254616850209130598413
405, -47945772606197493955747259385684951040.000000, 734822786849913263541591513435048835288, -1341086607462401655051512046741350151847
415, -49784257394502335060071062971604795392.000000, 669400748340797685029275958548737778218, -1430244928480546702270379910661113551638
425, 18320967581737797186187060615464353792.000000, 632294833760567295091193174639087487317, -1493701891549294906472546682754397762491
450, 205304881929215236196731611310112899072.000000, 1288111012335952953329229424031250507184, -1731033437083567270728844940257947743143
475, 110893105660612927291678087883255709696.000000, 1439224926585687918847303015617392154010, -1606545812035631561007297561826224065572
500, -265709347523021069487717346900795457536.000000, 1236089252906285140604643210704154547883, -1131924050983153963098231483742261214119
525, 87181360973795044531988082707497222144.000000, 1145123750534347798120248516408681398800, -839318158311154315468507947502873888954
550, 94513509117243760041069478947934175232.000000, 1456313845686318036835905171870813643967, -1153692426317065800751955380791964185381
575, 34109868195919005913476004241735680000.000000, 1303431696731702306591378010446726038474, -1380136868128266487560809744445109454543
600, 41017727923089667284330674256871424.000000, 380367601903388017989636332102162006772, -368091836728584535114534506410534667865
121, 0.000000, 0, 0
122, 0.000000, 0, 0
123, 0.000000, 0, 0
124, 0.000000, 0, 0
125, 0.000000, 0, 0
126, 0.000000, 0, 0
127, 0.000000, 0, 0
128, 0.000000, 0, 0
129, 0.000000, 0, 0
130, 0.000000, 0, 0
131, 0.000000, 0, 0
132, 0.000000, 0, 0
133, -160241700679974236213739520.000000, 0, -319911995015521245356621824
134, -2380072707366301187702784.000000, 75557863725914323419136, -4835703278458516698824704
135, -63248543251666304487129088.000000, 4835703278458516698824704, -319911995015521245356621824
136, -3198616231063706537033728.000000, 75557863725914323419136, -4835703278458516698824704
137, 795130620971147873923104768.000000, 5091995552216818083862413312, -319911995015521245356621824
138, 2405465580299660237001981952.000000, 19287000644964651175929446400, -319911995015521245356621824
139, -93656017738725181686426894336.000000, 16464530742525018037551104, -1403575493555235078808470028288
140, -11458910358130128531262427384250368.000000, 19287000644964651175929446400, -332306998946228968225951765070086144
141, -6515850242767495411185952883736576.000000, 19807040628566084398385987584, -332306998946228968225951765070086144
142, -9297472117983504705299875675242496.000000, 1298074214633706907132624082305024, -332306998946228968225951765070086144
143, -6040610742060744046006632607383552.000000, 1298074214633706907132624082305024, -332306998946228968225951765070086144
144, -2577378965133155554875897154633728.000000, 1298074214633706907132624082305024, -319929658485600536349737954972794880
145, -4685683018168870162829363445235712.000000, 1348319687054772671563479130308608, -332306998946228968225951765070086144
146, 1328580601287354771724900679811072.000000, 1394509784214048629020182754143240192, -332306998946228968225951765070086144
147, 269264773586099510693413211548418048.000000, 85071495765415795310032257162546249728, -332306998946228963614265334325837824
148, 614065259445264437977336231493632.000000, 1329227995789522541407846399186305024, -332306998946228968224685127674888192
149, -29237435925862676854132768075939840.000000, 1329227996945487020917092502820880384, -11465261403079637394187332876742164480
150, -335374192070924741421657028823089152.000000, 5071427067049487954910739622097059840, -85070591730234615865843651857942052864
151, -335160603421891503952879202429042688.000000, 1394509784214048628443722551595630592, -85070591730234615865844214807895474176
152, -25507838984525591847887077399068672.000000, 1329227998221159953588140982073819136, -11465261403079599615471642701694238720
153, -154460538848258001377616059154038784.000000, 5005374171627573824680026424513396736, -74353691014217660770169177497587941376
154, -120998319619154977414534538259857408.000000, 21610643841822591398031510117491408896, -74353691014222496473443132414659395584
155, -190472998506780407617799142084968448.000000, 87209818035950964848793712745953361920, -85070753994472176548037442720518111232
156, -577212723793457317693657341778460672.000000, 120974738139372785328119300145101668352, -85070856593850463614339122177691746304
157, -363557045944430521007412025529204736.000000, 120974738139297824843726728709014552576, -85070591729984997481128952000249987072
158, -580844923462776695293414666699538432.000000, 87957508783782999270947857678661844928, -85071098795428960831318920772129652736
159, -440039993146875850555465065849421824.000000, 87957508783618642027878062546640175040, -78938549660694004841442432139397169152
160, -337406768457333359640086285144555520.000000, 120972791034567410110639745053149626368, -85136793515262008502844829194112729088
161, -629353610348299239172988843530911744.000000, 116970847636544829451917720675642507264, -85070581668182988597837879977046441984
162, -468182008637588561189430256180658176.000000, 120980115957838882644768831605600550912, -85136694602225012643941009186359869440
163, -67429903770524057513799843160522752.000000, 121956668613506445847467349574770229312, -85070591096563455092568822412390436736
164, -810375960581306784104770054029049856.000000, 340282366922790437551384401048760139904, -170152866132259769688067956130548219904
165, -507844239009257777225578847227871232.000000, 340282366710352929726923677187226648576, -170037256404765239142824668446417158144
166, -1258020442257335062055241005827883008.000000, 121956668613112173790082210371519119488, -85102832917405147529005027283433684992
167, -528402807299151448401891161735692288.000000, 340282366920935889208439053551759704064, -170119236891712100954358402435447324672
168, -1810514929824373690457405138610946048.000000, 121956675881586266546513922942337630336, -114310999992609634466752534610943217664
169, -736158417795644689068473435480391680.000000, 340365806219796778243059585983761481728, -170359330970364123899084379114476687808
170, -1854713452293386694209915750891651072.000000, 121956662645288442374505656010680254464, -119630803574066914039815884145963114496
171, -4024101964334654158410434097170087936.000000, 126030907744445482981270881279851347968, -232622067499918210690058717312044777472
172, 957311747271153135056100126328094720.000000, 340365656453398019237636504853398618112, -171195168046859383294371906974164129920
173, 849629185638737332385875155608403968.000000, 404054178525856021945277216459495243776, -171195168074273653224558848096426203328
174, 471209251956890618394365842677563392.000000, 393700478426580738455002262290361820672, -170187964730382738827068775590192355520
175, 1539195076722385357339830534436552704.000000, 393700476503130909220797932937735194112, -170151851349390334457052131005757374720
176, 131009451045900644645021899246534656.000000, 340282443468441842971452349570581992384, -245906425286220955067061530337957181952
177, 2459971134282701646142252209294802944.000000, 345759011441484892825067821917522149504, -303077017763858927221727014893544194112
178, 1967581144097968833686287072286998528.000000, 441791818115437418722353035868555903424, -245937028167999194230206276080273632768
179, 170877369261858589554493931307139072.000000, 340940542889932703007399021523547202496, -276434629382829726422335293613728400080
180, 49771887967265285743193029636784128.000000, 345874216806103704924925784538791024640, -276454581122586655750989085197259849824
181, -397552646250547621568464054038560768.000000, 414776631976214138535462452526500122368, -278501528746774523595546903897021180736
182, 2417470641736914510030962764571213824.000000, 342869605326958225222604111818401519616, -276453002392169503528125684549325010080
183, 1395084911223173983628816579565715456.000000, 341145343883022447892715321922431551488, -277878481457717277709608563619864939328
184, 412351511086229545939299432988147712.000000, 339894296115542160332645780276154965824, -278026796221103567200862746430444628800
185, 3826166230490033264614698818562162688.000000, 340345888639530466122009063484105562112, -278034704440040282788099976573340780096
186, 1869853518991653952880213516995264512.000000, 340260388774651189504553533276175866368, -277993363217795435539374807034769437504
187, -862881794567333243373406295479549952.000000, 416042994300899673788784889174821279040, -341967755482954076238891829741830113808
188, 1562669020819261872412264257388806144.000000, 397142464941663803276402406392194880832, -350803302858366262412570334143454544880
189, 683071828708235569202099274632921088.000000, 379538930859889229345489888446805885280, -359024317512213678562479083396534888864
190, -312070035728195989938578201105137664.000000, 379539484669735682443270301504128030048, -362554823104257559139139325526010774592
191, 3729005828627202801583999565101531136.000000, 354092568678384039984718795776218894848, -362555062427649619647867800789363818560
192, 4474281694493486034378681558006497280.000000, 352837884479790780254644731411264892800, -342118190827771463246241017288260885776
193, 8660423162762943214337835664534405120.000000, 349429270462587563136643866770023063280, -275090234615011336598868466348800448960
194, 8698363501693590216603226164158267392.000000, 384672590535347027417705965538116833664, -169640201886713035266299670391020378880
195, 4739509953415257779611270028743147520.000000, 423783311692084352945507361562291761056, -356110388877184410149227877907845713216
196, 6049359998055297253210849619033980928.000000, 336289322797298848928466501980445626304, -405934175283245982723366200736896609936
197, 4954432483696174500169651175173390336.000000, 459164941424877822311534545682702724544, -405832588811925463071759968723598987248
198, 4026332653563101295748115293961977856.000000, 352090903352034503009222932145191565760, -407092490447223451486321809181172208656
199, 7202526843572776610696287698905202688.000000, 424795723744339941619275356263655216016, -287624146367176284216696280879793301216
200, 8915642692131076030480613322732339200.000000, 424866361547977215451211227619454348560, -370333904997246799343342737893019765632
201, -1483111085622588359659388663574298624.000000, 340941869496999010400317295018007201232, -510085943093993157267567143847376772288
202, 2928284534758740913442092094184226816.000000, 473157082012632052538497960169087685344, -506482635005587423251600529263919241408
203, 4589740218716250840411454192538877952.000000, 381238341810290969772973655407099132304, -430914697542101435885702160017960275840
204, 5117765328199895324457387174234423296.000000, 477829119553851837195016652169326256768, -431410683559233945537507252816349233024
205, 5715139298905493623574052112909205504.000000, 444844444085424010960591656340773355648, -503322749569071885202377355732557485440
206, 2464114629039724725527098397997137920.000000, 361197215125175155157374746844758530160, -516605362441237783942023236733019539328
207, 6217870838688482961027587965846552576.000000, 390465258498866497275198258389456240368, -524457993973123024452640904301237294288
208, 4941611602986010523881901431415898112.000000, 437338788249531096867294128715521720704, -505968717490835348860607416765027963776
209, 4832631106532398285820974752912637952.000000, 409223101842873915618809953081270433232, -476846622569217332001384800595929602624
210, 4406552820821355398283765171747815424.000000, 372371884001484193813610995848979843008, -423986833844731114337247723206078501184
211, 11300902965000713891028972420552720384.000000, 423319104156647855610564814068657926320, -524060667499432325428945182112002424704
212, 13977162796941596135486107867833958400.000000, 403170178093665230734467422848408144328, -524059359147859422034078226588366574464
213, 12945865245555306691656320398154268672.000000, 434217383241437558855905543854020188416, -530082344157133765288275775045967587200
214, 14662470450494803235628934953485467648.000000, 463399553031798147953927366359901644368, -492856122210354829001326057050343994240
215, 12640328999744773858754934839110008832.000000, 427075224934975071451336285850920098368, -511621986395991012797691084513898207280
216, 20041103218328588411184660406591291392.000000, 380471316111438151755059792972097715272, -437856677234049170925319456946446461136
217, 13438914805180726232520731093702279168.000000, 380680838529484299775380810654996203336, -474360193882868763414777097134510174236
218, 16251905252682140336787490092091441152.000000, 400109988558719408028113826629928460076, -507765040590768663216693619226577004928
219, 20640469915831408033617567122039242752.000000, 463251477735592562620525096635770885344, -482730174651401941469162840375012509532
220, 16930199715749713891342210725945802752.000000, 467841083111416934164418346450689313904, -517718176585187481922645829095878767232
221, 20030979215645149153319673497340870656.000000, 355912147400492568917336955600157505280, -552840878041977177309080175045607905656
222, 17915490277035401726793352619430510592.000000, 385629875426747452019239118797665002264, -554263961424805412859990014644059203936
227, 5035279951759633974383759733341290496.000000, 393686590899460871787866438820867210784, -476237810507913894126114123282889202124
232, 17706322749259931823183316020619116544.000000, 578521500662540753326593105732441137268, -534363220923346314876150446052894028936
237, 22663023067722235307058275732726743040.000000, 573297399323361399911576083275578122440, -507826945502030144473872376819754028744
242, 7747244459845253347643594165033369600.000000, 501716583122663463757240577622990624776, -525686864298780741843488294585017326568
247, 6711255466090250512296916041903112192.000000, 582795320839731414253566712750625802960, -538312584961091806452416241405475489032
252, -37483702004334513649988839753763520512.000000, 543585561885346600790819927358829744500, -597854525941189907262600402090695250188
257, -47875312482897083580147182720870514688.000000, 549200664201513994045007939659263817396, -546087799307640517203323826217458383272
262, -52220312852955728928971022210997157888.000000, 593579857375495880992763382482079758020, -610052821833841511208664705428192540830
267, -53176523477475404565583436146290982912.000000, 562355949910925029073437778479031377412, -615018818724341540421322254322482036230
272, -59299157990468481760908220677843058688.000000, 571074633555343112739512686931233494356, -576972439102220650572333485659849594984
277, -43741145655649283531979902405052465152.000000, 468657151103732286502067256583038865930, -648436402458396015779627131871739012890
282, 8461342796847720089674760373672083456.000000, 483173208717600597005450096269010504339, -498525763107922509798626329601122995336
287, -25273476402661563035242732900648484864.000000, 489024755139400676155857958420077292396, -540503350307886456126376110747433430488
292, -11887339515665158099860880290620637184.000000, 475351140321440663208664127056663662036, -519280850754057090733282966131279029656
297, -18079637676140380415125792021203124224.000000, 456654519906193675773395655085521798035, -580801652453379498628501395148552390140
302, 23089083573998122434729143955374473216.000000, 596308681379211502185350663702783224316, -534410842575034066091470295945688595560
307, 59707816154285618487206382074884784128.000000, 580614944126311772520533131363282532148, -502632266054285539709408586084245648526
312, 49226802163042065846216925443640000512.000000, 554616795447339161444676413373873477511, -446927660538767033585444680102865202758
317, 58133427466139384639729984821121777664.000000, 586603212789778965413464533677145856980, -446150672453019388946513974638140327820
322, 35727309219246019661082832433638801408.000000, 589742857651139707281558162269321965506, -448155597535346604849440409654398845152
332, 22949940533140785066563013274587103232.000000, 573749561651832017284453550599415598893, -420515174271494802055761956713779354838
342, 3118352342939030259298882642706956288.000000, 469927297350040741556365563179243374451, -470351070142513798133168465424252230378
353, -38566304829534244321711323076731338752.000000, 506910403420586523872993859748670776059, -556034106030189468485302672579886426124
363, -39874316313288337580348255975403159552.000000, 486924792281875276569891211147170828856, -664007800545309951601458732323454738552
373, -46986820173275752989326966783396020224.000000, 605878175923587044891192433558209720454, -610110705072676345465991937533393835900
384, -58286304823237810748831501530783809536.000000, 448834345745697876226937620839442800340, -1199833890536374402367048534599186974992
395, -104209953125215297659447190032377446400.000000, 779329087708381417933842306945676213647, -1459993934805550434911117517465780739102
405, -79116967715734458064511630619822784512.000000, 731926061714773540824799274909088091294, -1378258800509474212469539900217255676600
415, -72793899055402423192997618760764358656.000000, 1109067623095908222998577333595274293755, -1527165891733196996466875801288470382845
425, 8308165554065491011609242823032832000.000000, 747415924729137617782632857836998068675, -1422930290882408913104598800616487634027
450, 170899539166161022120695844509210116096.000000, 1033582824516552183505311473770893788783, -1518136129103346206468543226615641697290
475, 126852172818135228263788856422246121472.000000, 1360003583161247278054751871416717082831, -1541240436616162780338732230531761460023
500, -215080231288282598830829787239843627008.000000, 1050949207922064287503699913037683069705, -1115437716002375137732817443718555745633
525, 353153975739110049312188296914205147136.000000, 1337622847289981573806820343164797082448, -844323423792788559290859000293538856393
550, 82058518962730013858992648951330504704.000000, 1360977679117583469633262802284124885808, -1555971877300058164004958228855200661199
575, 87725678799893768637772083878573375488.000000, 1443237718608156563673204373137457425447, -1107791035571294463154703450925487999973
600, 0.000000, 0, 0
122, 0.000000, 0, 0
123, 0.000000, 0, 0
124, 0.000000, 0, 0
125, 0.000000, 0, 0
126, 0.000000, 0, 0
127, 0.000000, 0, 0
128, 0.000000, 0, 0
129, 0.000000, 0, 0
130, 0.000000, 0, 0
131, 0.000000, 0, 0
132, 0.000000, 0, 0
133, -571406344427227070857216.000000, 0, -571406344427227070857216
134, -2380072707366301187702784.000000, 75557863725914323419136, -4835703278458516698824704
135, -80120850339987118106869760.000000, 4835703278458516698824704, -319911995015521245356621824
136, -9671406556917033397649408.000000, 0, -19342813113834066795298816
137, -8942288501744372342236227689250816.000000, 5091995552216818083862413312, -80480601307289828242222693102911488
138, -127714549180956649186073247744.000000, 3943176013196153753436160, -1403575493555235078808470028288
139, -16615419226477140181059023769960448.000000, 19287000644964651175929446400, -332306998946228968225951765070086144
140, -2199514090490137070492023215095808.000000, 1298074214633706907132624082305024, -80480601307289828242222693102911488
141, -7500014528508993976898773359525888.000000, 19807040628566084398385987584, -332306998946228968225951765070086144
142, -4018291288756967770744301989920768.000000, 1298074214633706907132624082305024, -332306998946228968225951765070086144
143, -66907302355399569096326453919744.000000, 333312879697510068256039399063552, -5192296858534827645981944885280768
144, -3120537808895276251386666647814144.000000, 293364772507217761011973042600935424, -332306998946228968225951765070086144
145, -4410116119300171623887897895108608.000000, 1348319687054772671563479130308608, -332306998946228968225951765070086144
146, 83749561556141243847566574858797056.000000, 21267647932558653966463164764299198464, -332306998946228968225951765070086144
147, -235525796306221513057615703397367808.000000, 1394509784214048629020182754143240192, -74353691014218731640554455634618089472
148, -33447071816282008267946337618624512.000000, 1329227996945487020917092502820880384, -11465261403079637394187332876742164480
149, -29187922054504987122525251043328000.000000, 1329227996945487020917092502820880384, -11465261403079637394187332876742164480
150, -24788632045326551171135936158236672.000000, 1329227996922459581354999395347595264, -11465261403079637394187332876742164480
151, -500457844680105711293479637963767808.000000, 1394509784214048631326026313112748032, -85070591730234615865843651857942052864
152, -16321142196120474194841747612237824.000000, 5005374171472831319769353890151006208, -11465261403079599615471642701694238720
153, -259523315071071707652584821804236800.000000, 87209818035950964848793712748100845568, -85070591730234615875031558047731286016
154, -325582032497237977853296876575522816.000000, 5005374171627573813150811378444926976, -74353691014222496473443132414659395584
155, -568645426796186314882600261663064064.000000, 87209818035951569330150264136933572608, -85070591730234615865845551814034915328
156, -347503893753688771200625597348839424.000000, 87209818035950964848793712745953361920, -85070753996165448345489705488878927872
157, -773827882425867499482968631785029632.000000, 86399819726019623838870796320116834304, -85070595533186416513638368198485606400
158, -773847172257419907313092448518930432.000000, 87957508783557727042016869401202786240, -85070774276875199393653860096186515456
159, -919276728527942657746140689676107776.000000, 120972791034567410100109264801384366080, -112652072643908011107774257657842794496
160, -809554700837015186473959734571433984.000000, 120974738145949936844185544788027375616, -90387422583740699276162314748754395136
161, 96818676541421098762018253522862080.000000, 340282366913201386591115088014562295936, -90382311420436803364961202743857971200
162, -562431937548826235419718452634451968.000000, 120980115958343601111160216160927612928, -85136793515261365688667633495981948928
163, 136381982827573087188470399919718400.000000, 121956668613525743800035581269214756928, -83741323169692348846600279288381964288
164, -162936004283163866841125108450328576.000000, 402033993444860630999520949727525896320, -170069789384041851874339842477009338368
165, 24975817267269710813474235074215936.000000, 340282366708126259204851732368471277568, -171366484392957101031484139690547937280
166, -847312487849735196950949831622262784.000000, 121956668612879606245048025564359164032, -90553656619972127513658786438445924352
167, -1070387198902086122022839734046294016.000000, 121956668612911398489559888329508192384, -85096191497077284463028434792104852736
168, -2078048123401502890558407685525471232.000000, 121957966687125460927889394352740188288, -86255916103322853372040319834987821056
169, -909203120884846865439587713358495744.000000, 340282726367388514100827514404854366208, -170545514511280759017472809005105492416
170, -2197070414534351340440756883675938816.000000, 121956662583209194002976456741613158528, -232620051552805766603136794306303475712
171, -4004527226164486927068779050166124544.000000, 125666438295572017213438566899966001152, -232604190457806428311044966642121474048
172, -1287702622596481523232350282033659904.000000, 400880622523825103078850223900647801088, -297754231695030659753900444853159084032
173, 1050633709998076074024166196527497216.000000, 401675845657941352723115939050849003008, -171195165648646178160512288184139192448
174, -169057616732585680038277129833545728.000000, 340282445022911441899460310003127650176, -297715265039083000381610144232627732480
175, 2037519199447107134455283043729932288.000000, 393700476453686593788787667183447328256, -245937546031894439534689212501435588608
176, 2001013019064438128369268388985307136.000000, 393700451537811658658739257409888077312, -245937027554087766261528801793542741504
177, 458710909757517124200275896793300992.000000, 340282443470104504471323965052539048896, -245885469846611716121097843874724183552
178, -233207141424857188716302175674826752.000000, 340895467743659276308041640337440129024, -276099882657817012787023915439523448000
179, 1206995736861775460384813977289359360.000000, 342031498562155591635762254666268987392, -245935599543133826870346468402724613632
180, 2126112530595853389599100548581163008.000000, 422651092819299730454403919819844526080, -277876534011985437454312196780781165120
181, 987218480432706244768361649063067648.000000, 422653885656061615888641503171164995840, -276454710403139295622040331624229192864
182, -21579062195284293917155957292400640.000000, 344212664722198460495579049165624174784, -285576041895943092398365432630576246784
183, 3392538195879382819905396020674035712.000000, 342619162007438131165768146231240759296, -278509433023646817738975308964068799296
184, 527057900016489482335530338373074944.000000, 417859745887319874902917012995489913728, -277106660673084762315469632907609917712
185, 3289117645890772259906407058257215488.000000, 420978516755238568080559606075022715904, -278496364331416382938576089986917763904
186, 2635502258256467953081936664923734016.000000, 420986219630192996070549680695212582912, -279006428112386131453450902914375649088
187, -452528252571831747688779929912082432.000000, 342398122614021807391600304060010485824, -276426788172625656361294718993090346352
188, 1494556759227756708938888814568407040.000000, 345477846238277044067890185798492955040, -340226399623993823053451442601768806560
189, 2040631373324033167567260840267612160.000000, 346972424813972093732886089435355749584, -350498760178849595749577901181082921120
190, 3076147592121626910339376033168359424.000000, 387979470027728088372438624230356512320, -340226354949266594229210705720142672032
191, 3716976017880514910294465677153533952.000000, 435749376314744790747979884943591441616, -334493871319439160630006742910785708096
192, 4703018183499196733479209163997315072.000000, 349426280237511675511760258128120594416, -274331611260272872769632482495821654464
193, 1928336220131795765180261588485013504.000000, 401672023956074004396197367501494314176, -362548934603922573007505412267728157248
194, 2422169615182887857109533881872154624.000000, 338618449425034365689109364112775682752, -355058300052537682098250003533626329472
195, 4161388324980414885753578449092476928.000000, 344284067954532148684095618085574968832, -288717045818326184328135848959187807856
196, 4975279228832085566027478914570387456.000000, 346096181492671767533642419246713470144, -345099830684470987028990759228873887120
197, 4180961912803166873675826981286969344.000000, 423797070467304589588321084930079697872, -301724253655202600494792184380865096704
198, 4066544554728135434495908236572491776.000000, 419569633297011299225831956405102641568, -340478800251929336219502046969968852272
199, 8061352748449578623911448220086042624.000000, 424873590294117727956746826462990708368, -339568165655011742723839377073538453440
200, 1389836711216608736103879293766991872.000000, 339388208226891921738516700468292294448, -347588256894193531198690894219065972288
201, 2406240980506925137089143410574491648.000000, 378289794811653244831842218051688687680, -506521084316525669584123911320865819840
202, 6202336726702604482495553000836169728.000000, 424961892054720161922625314172987854320, -429083826277818820668983160120688513152
203, -295609474085103059171026317478985728.000000, 472691256437882706903881005667205976384, -501214586232083514219448127706073910464
204, 7421835663137910589863585508329783296.000000, 382188203455475552508168051666616204352, -418253192850142798004330830879945064576
205, 2874840079072834097354863836359819264.000000, 383557966858247016714970203027383997952, -524466837616784033828121693959387696336
206, 3221314003615321892118900292362174464.000000, 539401176826110453577801657060718879168, -505992290482180079957296769154385625472
207, 8720272506840993925047598652013412352.000000, 538865253338702094908747304413303175360, -505283405561898494065980173879029942144
208, 5577223202742409084215811270145736704.000000, 374932120122575045592117781979761476144, -452469949144116168714980547243253663808
209, 3558289058720065213548753852026585088.000000, 364499739116146199458301565264321083408, -522470037760380579195402105031723471488
210, 6732164555015760527430522286574141440.000000, 372097845880869090114938755196809718432, -479370165812256804892052845185496604528
211, 10538004126958087472613006307057729536.000000, 415509731642612990577950372336043219488, -515397962358781475362190875702863227680
212, 15682685416175321195817403607400054784.000000, 469818257136707429042313574720512736432, -524085290178834038552101892692188450688
213, 8238453365522384474318559158038691840.000000, 427148031145646932047589708607491914304, -503802782229378379469321091588742592432
214, 9784238776133203661207640768862224384.000000, 459572739143428053466647401122103772096, -498116296154928553573544008297664569136
215, 14593276154951551047137904212033142784.000000, 512473686740999559797677399328757467712, -427141438822933166866023424940319258824
216, 19229880544998289018341569683487981568.000000, 349159087714511622945161547768870991176, -553340264014394914245985160668011145680
217, 25724788498511628216945391227285536768.000000, 459940820043120333446791305041778035600, -560649139712259351572533377251958376384
218, 11751120449216349178601176873301966848.000000, 514156229475761596385799747722031235904, -482672293076094156183757426104914391068
219, 16236507899467110735516663436955090944.000000, 572847636999380715936005754262163341952, -511110860212874271070916535979200255888
220, 21224718385197952539636574786938732544.000000, 468073724679035340702612662497368033392, -517384367029241886195352203131900752416
221, 20668824688962896827498517586572738560.000000, 403678771441160163165848558400271040148, -454954317160837442852616403612587842288
222, 15592506236143660155906230825441558528.000000, 484408266837107648828491422701208728240, -553426632607552130843055986834473478392
223, 18213955894895749362335653696232226816.000000, 579411948410187918680937676344834469172, -532073505987395526339814412573773748680
228, 6479149321707139132824762217740107776.000000, 513020726556692579311850709972684467480, -530885138823730786224020496680182541064
233, 20570976917217752091743475147070242816.000000, 532660847249094545869511379601988718480, -409736755273625386653734303139255867632
238, 22474763362652107151620935917571670016.000000, 525685028622278495758581900954255572328, -524738756087526100311929969002579128176
243, 17325870458419499079733068734624956416.000000, 422530123633998408735445594859511733952, -576521829008837936302129760024181265592
248, -14354116464376932100709366634727342080.000000, 487727795221970007597615692991130395684, -550080395922604825306461299609714755552
253, -50938783392861749109113959835662024704.000000, 480244422926830755702845338364421403396, -606718877651825444314606102114539839112
258, -60019801955561457058514107096220303360.000000, 540517184769646586910584184224724481716, -580202275329424991245881239695138049832
263, -42475387811377521868117136439259430912.000000, 594194662192852878888196523124344141492, -499831131622431415978180214093595389000
268, -50725448922692435881796271195136458752.000000, 413269988096805874435471609735738879668, -595574713991035602808146280838664645278
273, -63593972164742053789089071487359385600.000000, 535110313773169836424101906776699637738, -648891878359056355148068615954893730642
278, -21831977468837306900108922946066579456.000000, 463850720060999016507532954472819542478, -648443300735663126448491609522257818522
283, -14151247709566705802787815926578282496.000000, 540519097447995194516897824543302937288, -650049756780170505035333726417530316826
288, -27009351208980069141916107965319872512.000000, 479469038607133536996033662680412566904, -615486257451220341764606915443570418680
293, -10232286206804881402287884288430964736.000000, 580403567487660103677848150920432128300, -563896174142201380542122434067248797504
298, -8845748682225956094712302165221703680.000000, 566847154401270495741718604599530172880, -550569269086207213240518254146119949651
303, 34019222421941502357238999541939699712.000000, 569104807934014574188202445771886506448, -536241438316728690883428046541837563219
308, 61586123070484241767365890301149315072.000000, 495576565947330513610263897202363819162, -505628596163944834472810004356140379871
313, 59301653301704328459922920503427203072.000000, 538431978445057481753283887856317803157, -409474188389782743460685737731312990359
318, 45226309514695340600020455687349862400.000000, 585869345329985437315643632148391480317, -490758974077183172870093808663441056101
323, 40321698977751393510017725280842416128.000000, 543250834062385004066564929339214174973, -462251196973407757108982701692597665305
334, 15404503369601763046805256289824800768.000000, 515844403102347065717742894061003082863, -535400357848873184066261447638327200634
345, -15028052852494533561601788517453660160.000000, 443201033827916111339214560389018929279, -603957215014615595024210663779062964408
355, -37987124254163734934310252658951192576.000000, 468532698372508590686699623317213657676, -607946550584888256125834490194587347286
365, -45255231438564709455814811570996772864.000000, 527331622978163089765084427018889916299, -599133321061340481878212480672935660782
375, -31753294619186526650898416440516280320.000000, 472370453069452140025728494921241225888, -612601476920805164407694540236409513770
385, -47215116549157028070596411835790917632.000000, 539489514118690039051389857343436949094, -1322948052502284846792303613266546649913
395, -75151092238330913192255872699247624192.000000, 780533344509940827671036812878697023351, -1448932772473176449022424178359412810351
405, -24233500600026143470191313520951296000.000000, 798794417529009082146158273835496664536, -1478874318935300445893229993473928585269
415, -32527762965994345021166708503114416128.000000, 663007645591942697785779864881949541077, -1492681786491880235248577734030961777573
425, 31124864837424535646058207106884960256.000000, 541125480958080107101942930212675911108, -1517430858024184922852294844441691358313
450, 102980035159821038391780216354962931712.000000, 706637574727655213157215842533558161725, -1377483520399868442012807700413286502853
475, 89906827966540714931070274201362366464.000000, 1295097358863607015196865878424755966363, -1659118483482087152973568340708116750087
500, -218766752385731796913718698232885805056.000000, 1120510631186650142182735338214084977269, -1560200741986520912475899308228543293213
525, -227717450072830925235196660402914066432.000000, 1324766905772949472040481880139565350573, -1049656294904382729754277189179890667083
550, 83224649541143508084632858173332520960.000000, 1419051287030150434718647404241082745547, -1054355199071938378128659568755737017179
575, 64354960605734765707092515135514738688.000000, 1276915048794002625694505628043745271767, -1454782464564167764379931640041721192315
600, 41017727923089667284330674256871424.000000, 380367601903388017989636332102162006772, -368091836728584535114534506410534667865
122, 0.000000, 0, 0
123, 0.000000, 0, 0
124, 0.000000, 0, 0
125, 0.000000, 0, 0
126, 0.000000, 0, 0
127, 0.000000, 0, 0
128, 0.000000, 0, 0
129, 0.000000, 0, 0
130, 0.000000, 0, 0
131, 0.000000, 0, 0
132, 0.000000, 0, 0
133, -571406344427227070857216.000000, 0, -571406344427227070857216
134, -2380072707366301187702784.000000, 75557863725914323419136, -4835703278458516698824704
135, -9671406556917033397649408.000000, 0, -19342813113834066795298816
136, -64314145248525838211612672.000000, 4240685101616941401899008, -319911995015521245356621824
137, -8942288501945860363145834087317504.000000, 5091995552216818083862413312, -80480601307289828242222693102911488
138, -124789951020000408774901760.000000, 16464530742525018037551104, -1237940039285380274899124224
139, -15824208788323153690019915198627840.000000, 19287000644964651175929446400, -332306998946228968225951765070086144
140, -10384636635266151143646711141892096.000000, 19287000644964651175929446400, -332306998946228968225951765070086144
141, -7180864948063920201873815716757504.000000, 19807040628566084398385987584, -332306998946228968225951765070086144
142, -4436450659727197455242836777631744.000000, 333312879697510068256039399063552, -332306998946228968225951765070086144
143, -5775709541341540872821208833327104.000000, 1298074214633706907132624082305024, -332306998946228968225951765070086144
144, -4861312772461558575325239083794432.000000, 12364183633890906854652182205038592, -332306998946228968225951765070086144
145, -3394361071124577376650681363988480.000000, 1298074214633706907132624082305024, -319929658485600536349737954972794880
146, -3074877736896663955129825914519552.000000, 1811611903138051521839043031597056, -332306998946228968225951352753225728
147, -131006379073687941536390251020288.000000, 1329227996945487020917092502820880384, -332306998946228968225951765070086144
148, -32153904086169163287301103567241216.000000, 1329227996945487020917092502820880384, -11465261403079637394187332876742164480
149, -29495325850888840053807623734034432.000000, 1329227996945487020917092502820880384, -11465261403079637394187332876742164480
150, -346131694022686395984710135378345984.000000, 1394509784214048629020183303899054080, -85070591730234615865843651857942052864
151, -23065469294761044239017405050781696.000000, 1329227996922459581354999395347595264, -11465261403079637394403505658855948288
152, -149199559379914461533741775033729024.000000, 87209818035950964848793712748100845568, -85070591730234615875067023894796828672
153, -27075565330333822628483413162590208.000000, 1329227996916241405288682988498845696, -11465261403079675173370271513129779200
154, -415227287301302354238717764489445376.000000, 87209818035951569330150264136953495552, -85070591730234615872742322062143520768
155, -564992731137218717775174934600876032.000000, 87209818035951569311703520063241846784, -85070591730234766967772637378279112704
156, 67538596139970223290980291686957056.000000, 87209818035950964844179774927712288768, -85071098795424104948172731060799668224
157, -537907397896912655544502740674674688.000000, 87209818035950964991744720318133960704, -85070592033489426402017752833889665024
158, -938590812837579667428203435852300288.000000, 87209818057616115167225038647884513280, -85070596945606488098986174245216190976
159, -648864050931563736255536777259909120.000000, 87957508783541368764527245824599261120, -85070753989513824074866314758716653568
160, -215336578388712964493384559966027776.000000, 120980516813363331924612018850555494400, -85136694126851920262875675907714973696
161, -718359661885099192498841214273978368.000000, 116972063309028954059204583824191127552, -85070419329677996764122161714502238208
162, 734012678451729047074809625404506112.000000, 340282366945561149079272177124067229824, -85136694126849632843317214960966696960
163, -293552202072244127805781320195375104.000000, 340282366918457716932745900648766095488, -131640282122440660827611501425850318848
164, -889957030076168779176653436412231680.000000, 121956668613525486431500239938386657344, -85070591116487033635561116951836229504
165, -985842221401961285019073743436120064.000000, 121956668613112117870795163588439572608, -90512118928059560977595829697493991424
166, -986707238944932993940712947621822464.000000, 121957946577277130894508139034408648832, -90511753804703381681543381006389477376
167, -1214000779295683719367648021204434944.000000, 340282448050614103384979396250171523072, -172373789971285573531151463898336395264
168, -948256728167737219675265247054135296.000000, 121956663888886052349284480579082731648, -90741174445234291616044515097129844736
169, -1700963628766174927150593441567604736.000000, 121957961932161956049900202777310478464, -90741174445070381750043507552586630144
170, 279866297717981616004980716928499712.000000, 340365792939443781712887963174913900544, -170348885530645153173327628997778153664
171, -1387010609004591036101423353118588928.000000, 340365607482745088854819476818300968960, -170354077843559438839954036262892148864
172, 823977977179053722237956983307108352.000000, 340739177140895154496157178502018179072, -170359351270146856243560698456756998272
173, 962524204945104270331284347334688768.000000, 340285531181800022489195333558617310720, -170193054722692000125817354885504979136
174, 517374854171319308384363934281367552.000000, 340313818941040147243832379255915724800, -298570445564331295527185915881411739648
175, 1420541302217271797794178832667770880.000000, 393700453597710035625841601767684259328, -170141486732469776624329394949626756352
176, 231241224134916527687224386773843968.000000, 390160192631151960828729975570104549376, -175609797608242195426070876597540894720
177, 144754407948185491274806518238674944.000000, 340650342223239210617120234476418088960, -245906748947478959535704416983265602560
178, -574284039438229710974078902345924608.000000, 340277291195894946375618451797281018816, -245864886053590980937778275996043851264
179, -594428507129156354510940623637315584.000000, 340682606494129002287480643112318017536, -276434628431197123702275233092620136144
180, 1816130423864420727685084423041056768.000000, 340682600472721716450130423577547393024, -276435116429702572909233637888093600144
181, 622311395580442369850121701145182208.000000, 341675706114765244668980407694418881568, -277876871060080209930071440242059569984
182, 1131490747147049309934145690667057152.000000, 422651754052069009886140459909530425088, -276453352181982787854965440315210418336
183, 877894413033152980883379070131240960.000000, 340375324554914941967783409319770191680, -352252779899140606779815102895901377984
184, 1889118824835666271083005612742672384.000000, 341065529968936248112370512885123723008, -276428835926456733873688051199572999808
185, 358495235805824389591542805194342400.000000, 416032652283776704643183159960198821120, -274566531819315845392677117473889027728
186, 5751234333807927023706748782823604224.000000, 340071774407823868726790510400166384640, -278327953622945443557602283793221191488
187, 1202640196924640335324370587443265536.000000, 340198870138109809919505420559505037824, -278026467734220040134546185557608298304
188, 2520488470624439508729531645948854272.000000, 408681151391697666354290121550703807216, -341533535201176280171547551682195482976
189, 107320299706344213663465294656438272.000000, 339830161039316509448842329881256356864, -369048311360948971747148831747522708480
190, -1615127818057587254901993402754138112.000000, 340777224394823308594529161325788058688, -342688693990192604855776798041196088576
191, 1549702086105023119069541824311853056.000000, 345651722737947656046591582518056629248, -342470290729656974005035832751063518464
192, 4800776786136658194824759568054091776.000000, 345563438830285149441721988918627480000, -273815548158857117833065894366115457792
193, 5702515405932897435132392150380052480.000000, 352172182645808585471255102654386353408, -274590624387819478550365038886204087808
194, 3870932090932697399272905100782206976.000000, 346095568038849544454690137569661941824, -337772519138315787595399798057639975024
195, 7478508870528104331813252987906686976.000000, 377480318947324892639034681588016418416, -279826601491244144286449819843299798608
196, 3717826822057177167340523701477048320.000000, 346012361483425598594191302747778787392, -357549969750936317571692260906762546496
197, 7164454734031689008073605884269297664.000000, 423781364972177063429972636053385244608, -344832426520457848133050223320410110272
198, 3310135014155695579499436063374442496.000000, 352026045797570666574068412576962746304, -405925110955670248824134202616641299600
199, 6316646330119767698334723797384429568.000000, 350463945336526648234425568531209834944, -312611683518044507416308821290183486848
200, 3385859484012549614764764475936473088.000000, 340044582222758306788742692661032093168, -386367828015133648765807187926578118672
201, 11018562374884966371941246613946630144.000000, 424381085126999439266236613585274673488, -348873541750382178257101616605199259168
202, 2792496035862824957189223884559220736.000000, 354302751712690920823523413612990905920, -506480221290717764272564026226945947840
203, 1024517594791425897466392362084204544.000000, 473060446364974810576869542463901806016, -510350795418763390339112664263098833104
204, 5337876880562000263453888678176227328.000000, 443016562107059968227130366984289008544, -430890247634156168665051716299708562560
205, 3184768705927095700361885559614865408.000000, 361207729103277048411872629137862602608, -510262741207808051762943071954050696064
206, 5364177505109331764432568971845173248.000000, 381864694964975621823345318088369985024, -343168130302206905203762424541147774656
207, 4365687411661950631240391077637652480.000000, 409401435022850327534874317938255246784, -523253898363896670626091202138642531536
208, 3619635946420317168042136297527050240.000000, 423165919468954990875525331205069049520, -502791421921105735926349941983206167424
209, 6530676816537617717022347227624898560.000000, 417221711654390894375036246674824054208, -503961208710735897262244553560674485056
210, 5536604557130137918749205857665286144.000000, 426802461364418557136507538406150329088, -424008392113468333608932479354770746688
211, 12392307467118928975111934545525473280.000000, 429797290201895813205277861285055103664, -524059289625117811476869573521333595008
212, 6818475817974250873573150857462022144.000000, 415966896046532403302691536157893122592, -518584515445163687230115628278353106864
213, 12150932060768025658570445679115632640.000000, 473016291203600327153255100619700741520, -485215101074336939966282682441320559488
214, 16227080342210790021237373875649511424.000000, 369650990796803985809425874156584683152, -531940789472441252863490765483493291408
215, 9639264117359973090381151878470696960.000000, 421239795790099519307809398346208523776, -532912999106992444625497782574112876528
216, 18272460397088359215155695060269400064.000000, 348992855796551233256733311403024442304, -553380857653536695209536161644704281536
217, 16226460624803360289164432352428949504.000000, 393479542881859091387889541419777623888, -555990976396861557792753588106766154688
218, 10873343738890554631983766787525181440.000000, 454593890629192840599298567390722289696, -461485570840131170282089819575869300764
219, 15729607331281813199933843294929289216.000000, 375900802605079775563514551019608936488, -563153100242040753985196071201096701776
220, 12904074382519197932878653019964571648.000000, 466439277119743386835792564040936476720, -459711003111222401042314021474342711280
221, 18601127549171617945567993162895458304.000000, 466432868173348660828427669763667862576, -538065828678262203086461874011970515112
222, 24183945598769237053329305022840700928.000000, 479559503731772174929896861700761642032, -540851391283389985693971749222337444776
223, 18604857048821335333685744476534865920.000000, 468320926508539788689759274368202267296, -474744956261219435456460822964707522288
228, 6487528241428461658752247099128020992.000000, 468956665736683208618970021817833246288, -540019929164890524605229994596027776424
233, 4870785049123552817927122084765368320.000000, 479309236899390520311769715421145313624, -499678764532867113780189728272205189416
238, 19873326927347897157960026777202982912.000000, 576156870532716756248279395192816306352, -474227742230938530508426132897749429744
243, 18124251498141425540868699443534233600.000000, 595161354248494472564491128569249421424, -534527743382266337655064513610480194680
248, -19501395376640441996189457339237007360.000000, 480305138810952667437114605792846410284, -588248102501460810649452160063405628200
253, -32870093679167967514940197037311787008.000000, 551321940913112267059692374966106797300, -617597415041797771966477981957451106084
258, -57321372443067345704873008062248517632.000000, 539034186332729812565122979446848681652, -575828954889535286207368862850424633768
263, -51849383699732421559127960857417351168.000000, 520405952539950253256795358360850275464, -604073469049133129164141527239878053304
268, -51334276367531044945185444534314598400.000000, 414231573671684221682899184863057813076, -590184651085099302222131402934348168694
273, -44164205757034113929576654608328032256.000000, 548911918568018388212878140377113795232, -582686799457708778758386035751051733160
278, -29082040917419854665820103208813461504.000000, 528063488441501500626552191444978743576, -611215966423398078413848826202298545050
283, 5867233720824963937797234504830550016.000000, 474477348505602600774022500897440637000, -498451226753134031000344166891037100444
288, -15153984129571215719917045714151014400.000000, 562056526251894121502366196178317811607, -609793537494966604833052631347065729387
293, -15982669023307335231856299722122723328.000000, 480203826842830713548925026476827078100, -556959816541798170547843088324927413688
298, -8577979061932123421911816186447790080.000000, 581818542561566405356402913697134157852, -559644188045956201364240446979636697432
303, 38030458239219053157849497060713168896.000000, 604844911113275467198493524166501125818, -523460924937081682250217591497470456872
308, 66038316942987042521614036413540466688.000000, 594881704659944043823761289450841803282, -502823503044989596325296865664792843999
313, 44792481973393293102274523689448898560.000000, 531016159897540237173765790788088810495, -485449887788612822532755804840086185495
318, 70146707960108451815886476638051893248.000000, 564911009269276421977155530388919690904, -441919871887797095591199720145258842524
323, 25723198226973428424336113786792443904.000000, 586970568537969080239295462359701570754, -486972287243619074912596300492770746028
334, 16406788747693362225778024762677657600.000000, 478659093459885474665342603988831338175, -544208085585671783828356944101786221244
345, -7575828972527152622745291891469713408.000000, 455373932043577408437211064905622604543, -572689863137034740032801338855659839544
355, -56417622339422633473614171235724296192.000000, 402284720848362154455869436464349225314, -550484759825412743511804634216724802776
365, -44202740863997192320001124236378767360.000000, 484515550937295840237837789841232442477, -608455010803843428707324208754563732334
375, -36120778281974901544747211644129509376.000000, 469415700493394551998809944874310596038, -606845943568166654702117804278778891319
385, -53859400234761012499651664704620724224.000000, 508464784495004053088553942481469670748, -1219967991874808809196619641753476373736
395, -86596157020157422409875010034218303488.000000, 777980158972450623837166250309957176719, -1364479233094034271920053810669111391843
405, -26162834245216058142840147427620552704.000000, 774620680774489690355172334283202233567, -1409580216425993422448660864601180814760
415, -18655007009186122475873463528008450048.000000, 768042346075115557532865261806312213071, -1451080418069542518698702961356595481841
425, -9562988369197070695771602004643676160.000000, 546731643563615571030677048402592007890, -1435582441801717689739938806316237959219
450, 92745393518210411455570089508970954752.000000, 924426321173464669016439059942773951171, -1601286887000405772607788142426959986391
475, 133719729833206579346070096943765258240.000000, 1157773451890437102474231921941318386111, -1412393075656255160942306367170009237741
500, -225125918790403266944624308137700098048.000000, 1145299920291331267865668073495717224199, -1312293114282353676065392493483281997365
525, -304687956759800991880364510849997471744.000000, 1003371815906709340252922523778282613751, -1186229652458326070920676981587112344891
550, 95996180808409355381494396282543800320.000000, 1443847124937366579331363317285446803685, -931450461282941334445312113867809691783
575, 115564335605889273951957553357812400128.000000, 1333842112093989865361199269314984905799, -1320277281112358119510341883024206820870
600, 41017727923089667284330674256871424.000000, 380367601903388017989636332102162006772, -368091836728584535114534506410534667865
122, 0.000000, 0, 0
123, 0.000000, 0, 0
124, 0.000000, 0, 0
125, 0.000000, 0, 0
126, 0.000000, 0, 0
127, 0.000000, 0, 0
128, 0.000000, 0, 0
129, 0.000000, 0, 0
130, 0.000000, 0, 0
131, 0.000000, 0, 0
132, 0.000000, 0, 0
133, 75557863725914323419136.000000, 75557863725914323419136, 0
134, -105215899360496646182928384.000000, 4835703278458516698824704, -319911995015521245356621824
135, -63248543251666304487129088.000000, 4835703278458516698824704, -319911995015521245356621824
136, -7239387818239166112595968.000000, 56668397794435742564352, -19342813113834066795298816
137, 952732715552468052217954304.000000, 5091995552216818083862413312, -319911995015521245356621824
138, -30209727291197114895622847422529536.000000, 5006889063462541337821184, -332306998946228968225951765070086144
139, -20769275236521131763189091380756480.000000, 5006889063462541337821184, -332306998946228968225951765070086144
140, -10384636479491145073680505756450816.000000, 19287000644964651175929446400, -332306998946228968225951765070086144
141, -7913259563844153269508282773405696.000000, 1298074214633706907132624082305024, -332306998946228968225951765070086144
142, -9182704290238013469788718223065088.000000, 1298074214633706907132624082305024, -332306998946228968225952039947993088
143, -2321667809547460820962400092028928.000000, 62222778265007354418098664730787840, -332306998946228968225951765070086144
144, -3042042509093770864900847280586752.000000, 293364772507217761011973042600935424, -332306998946228968225951765070086144
145, -4167226493398625736143275284234240.000000, 293364772507217761011973042600935424, -332306998946228968225951765070086144
146, -2221481040679488734861727975342080.000000, 293364772507217761011973042600935424, -332306998946228968225951765070086144
147, -237187144887099072761998914550235136.000000, 1394509784214048629020182754143240192, -74353691014218731640554455634618089472
148, -201056660126495393169030702222540800.000000, 1394509784214048624408496735715852288, -74353691014218769420931974072165728256
149, -29845847199344735169935828190232576.000000, 1329227996945487020917092502820880384, -11465261403079637394187332876742164480
150, -345560228656276937223059071194628096.000000, 1394509784214048629020183303899054080, -85070591730234615865843651857942052864
151, -499530805478868989958723960615993344.000000, 1394509784214048628443722551595630592, -85070591730234615865844214807895474176
152, -26025571395531123036610286904672256.000000, 1329227998221159953588140982073819136, -11465261403079637394403505658855948288
153, -194248783159736627492566616607031296.000000, 87209818035950964848793712748100845568, -85070591730234615875030713622801154048
154, -422928610862993515712495804601073664.000000, 87209818035951569330150264136936718336, -85070591730234615868202693637754060800
155, -422788298930354113165200949132656640.000000, 85070591729925130855880164125001646080, -85070753994472176549334411106040938496
156, -233104274450791748799457682148818944.000000, 85070592682764779674262080924342550528, -78938549660579761428511700723678838784
157, -85475603049826887563040309521678336.000000, 87957508149732418682207849179121450944, -85071098795422916349794798016909279232
158, -433845945991234068054512223744163840.000000, 120980516813694576986407583223450697728, -85070591721010758015536631976282030080
159, -705349981103205552928297084694560768.000000, 120972791034567411198850214091149541376, -112652072620230235558635867826744033280
160, -112448004954533013976734775187079168.000000, 120974738145889361763964400856492933120, -85136694126851920216542642939179827200
161, -13580201270866474586144512013238272.000000, 120980516776766835223319352065908146176, -85136694126849312898161126900086341632
162, -1023127135788676910178014391865180160.000000, 116972389100185086183247860136008482304, -110936170640357313011587201085082107904
163, -365501218727404521075537247591202816.000000, 340282366922792089106828143435280531584, -131640373314093719761592102043529805824
164, -718355649103634766713862876892758016.000000, 121956668613439519586548885134084931712, -85070683987730246458032580317639477248
165, -919357059151842606109193766099222528.000000, 121956667517812943279625367432139112576, -85072049004071103912865949183152750592
166, -96654736040223056373522700599033856.000000, 121956668612911495141270941494117400704, -85086169706006907748425347458600009984
167, -397435714627398180784568208839409664.000000, 123851871602820878879133714916475535872, -85107267417203264351110748668762259712
168, -436509838816807883840469965192822784.000000, 340282447838113011466060659557926092800, -172373830626402253132460694316295061504
169, -1408916004930394616901973132827426816.000000, 125666438199074925173619409568582582272, -114313891945292560213904383295608389632
170, -1571180933364813855236783859782647808.000000, 340281680810140260158359359116523847936, -172170154266235479112029309493242231296
171, -2793961823513445411393876042744594432.000000, 125861504280749763523667485899451375616, -232620022968318950356635329704291762176
172, -3315950012953335907690918061159743488.000000, 340282363865102898803885706323806253184, -255201069554781494290679057061977292800
173, -2208687332001327467343668551375388672.000000, 340282363893074044597991619893465321600, -172698001121987411559060361876818868992
174, -100532451417028215541514308929191936.000000, 401675846373774649895029837795971769856, -245942747114408489512798891054589156352
175, 1566956663438335698153502792449261568.000000, 393700476503197734692405972604018114048, -170151200026700569218969053383312240896
176, -734769053288570728538386051427729408.000000, 340282442965137845253828791994419365824, -298603691243621489326940054594931966016
177, 1409743747210616988060197116996222976.000000, 401260784452385774220299338744988483712, -245906891881610072992550780417258277888
178, 1999124702749634200770833288207007744.000000, 340932903891166208403990654694683255744, -274597205292664291557317908356292686528
179, 494506542353697776065316233876078592.000000, 341269223816856784629470511489021962240, -276454481697858518895673784331818320256
180, -1187772991125641303561423100013707264.000000, 342827556207700131188131131813731766272, -276100739243521665484501589908250247296
181, 1866772978854508475824041428701413376.000000, 340682404491214118714392188704493815808, -276443070360280054730508351089450667152
182, 1174074325159647392110816847821012992.000000, 417863768120126190097475577714428998080, -352232509162627572472138440987348747712
183, 3211811326952227503533660925562191872.000000, 444934407989073761709301295363378752448, -277878482361409870095320509077598055232
184, 1600794418000847771891577237087977472.000000, 460653122606013006022963556226066844416, -277106139745287291304053848672114232528
185, 2487623809660636107144092098192474112.000000, 417889073349438090909489338640078240640, -274115442010148418939371714704299954576
186, -3180839566715287899730736515444113408.000000, 416006360379479261938521768313438812416, -338319724190144680316911551082365306624
187, 2638939536586214433362913589932851200.000000, 347367597605043193320236562689759021776, -280477001359320129530225155686395290688
188, -782834757666202806738067237355126784.000000, 416037277736551815275581778668840962368, -352797150619877191920314693161496445872
189, -1216625299707863693955213738333175808.000000, 421943237479962366509585042636128494080, -350894832958524472370478690253525329072
190, 4180302747501725684233710236193521664.000000, 379562976763855759054636338147323450720, -291513969171894777838999056547125962496
191, 3609467931233201583162455514450755584.000000, 425751286072045006712376819047740048592, -279913734298710760360349613685028664128
192, 7007076096443050370267349984540098560.000000, 445043735540294346026277955321303351040, -279927985538137612814939042193569989184
193, 11166534396490634403568655643986362368.000000, 363709065722019516228261149691724432640, -273814322626969942468314133429403648464
194, 6994025081745147335171906881751875584.000000, 386680977757306284092317775322088136064, -238716572384037979533283294476755275264
195, 5597313955235528947272167533943193600.000000, 346700248034879744363158096127061026304, -354491561003250418073446612330508868992
196, 4592174156899867384780223564360974336.000000, 424954957125349878263907292797349245248, -343604123787483124009024601791514889616
197, 4109352121076511516451216464126410752.000000, 374094276834832600285834682434196592640, -405846836699237067502944806307968618128
198, 5956829838980687432663596568101781504.000000, 427126700486874682160284293110793486288, -301825427586944411953219835550714168384
199, 5856330796653143756301661678482751488.000000, 374092480397478406211073528891336497472, -398305673884921942105277602801634536064
200, 7315020138144642794606913959791427584.000000, 406201634444039912915633048993777677584, -370658484445920542112156050124117805888
201, 7195880324398904631522306112398295040.000000, 406227539512319311413357586207071941392, -430849187833587170360967757162674813440
202, 10042660912664637972767301887705743360.000000, 423638227141314229069252024050785676752, -346808891843987830053216792278740307488
203, 6172447556441617959301715175042711552.000000, 432719983987559780518594334417349065280, -524588455928231012841752716508707692672
204, 2899621274332292090602205047670439936.000000, 447224322733104764841093368496711238272, -505971436384527502613381304186263752064
205, 2982773452116303215963136890287161344.000000, 389696860196693805853840310156879969792, -507858777206191287705436753015845768400
206, 4113849543972911913297304839509770240.000000, 423577421082354133929536990968915116672, -505184188005727065641280769483617274752
207, 5485638970827975537664702123771691008.000000, 426061622765700328888967305643198666176, -524549880873291605760591707971633824720
208, 2357151517414806734649961328609853440.000000, 338189181291392035268548635025895005040, -421103779552368886803374348573170370432
209, 709999417056202074161226806250700800.000000, 408664411473077694338453584538128766128, -505608567643260305679607055463074666368
210, 3695383759524837180820147680248332288.000000, 424232454589159640557780501214823446704, -524248960123130224615988062773015450560
211, 10544908228380340985813548722292785152.000000, 404948660420107335288592244429678837192, -524218854646065131646448344988254376832
212, 14869272820861074344910501597969121280.000000, 406060388174281668801990800871073947344, -524088071912398093471080193883451937664
213, 17383682608890456321651270876336750592.000000, 392808974831367356384081964936905271600, -524572731196426869673216539749870203776
214, 17610695253099136208580080324965302272.000000, 434304210762599376605898226116608164736, -537259531426679078576796891167322534800
215, 7439023569760017592176121910359228416.000000, 440036283346589536818104821583785249736, -511645764307187230214204387844836090160
216, 24196284938209361690885460415152652288.000000, 481463051543278965380527812034975146960, -552927570240939885854655135716612223888
217, 12432917229537305038171407185866653696.000000, 521466062933251912947168558648823502400, -511746559295002708106929899299093522568
218, 18501402922633484011968016315249065984.000000, 397492580599712111247505251372254184064, -513081627936625317292446144653750270928
219, 16856948953458857799870219608601395200.000000, 355209666661848083906243695520097118976, -510270532303604113160135130267815548752
220, 15769068388447020540779928844081561600.000000, 594468876952581593720722360707211453056, -513082673102239074044207903939535432080
221, 16633364529322623574813847619077406720.000000, 594864835785795155796495160949798040192, -510424193698901168355823991965103581584
222, 25975226267779771679562786676597063680.000000, 479076231623708273447134871077058794544, -493439560767518765223238666625752609328
223, 16171502629678863481125482190019231744.000000, 483865388031875935260583458531167253040, -507251740381123844478166041397978570856
228, 7355394316324886393560047933773053952.000000, 509132930943181550525651997464908517416, -540210226528621603322915544092432840600
233, 2675704991965338289605411701384019968.000000, 490420498074939637682522793123890025896, -506279965445186997496487617657380444848
238, 19118666789706266942699478585115148288.000000, 575540960086952629731873374385213211048, -474456984140303684905452259933807878584
243, 17982970346153487396184577582223589376.000000, 519368565127324802543970198658035425072, -530380342895662860198733129779414850792
248, -18735098969813678309608660390079627264.000000, 472147736506596089819795141147340839364, -530406770064021948502241275023233280924
253, -47541499802923926264110076236773982208.000000, 487626436725286625844959757510563132164, -553992511294819611772234074728709247992
258, -37581898612670799026152281203699351552.000000, 507759938773199269690448110298832605512, -616505227953927951367763968080684385708
263, -56403258925477806863506345144994496512.000000, 592915370252623818126047932321458206404, -609952346161279562845047554116364572830
268, -54021394310636095138648358800028860416.000000, 413400698871375790473576317476573011540, -593627482795974440198452515071639513758
273, -28195137751824058515203283743125012480.000000, 462290505178117804264126547670676871952, -582538220687841816780027977523453339752
278, -27091722860270824495671129360931225600.000000, 539604426772423700547028132526973868084, -648453249727419525477323737284455982874
283, -8790872678080890633003414019599499264.000000, 579691908040406763681373757457185654680, -518629064825821730001201636140877817882
288, -16846834830509883566988700832562675712.000000, 562078588130865630524560287062004244367, -608502097514509188630257236707595874667
293, -13714894326027098120192834184922791936.000000, 542857587484093921403567468846648419085, -539784762362955527504537662110127315274
298, -1442739520152696139265879663798386688.000000, 587178148660524957541546587741598384156, -572372456122989103167602487909207018592
303, 39610518848000994731414110939595669504.000000, 567437098379141464314209066659810183588, -509967065509206717042434531492722456287
308, 68767959160948770825480266803524403200.000000, 597634072209118070907286664028230617682, -524548171677944779804948340649040339982
313, 41955228927468526272161242389367750656.000000, 553492826228096664929857265815914398283, -517400803173039551565524573482958269471
318, 57633451898643977588391235627400560640.000000, 575981724128314188079100205995081090200, -439492502929602572481718989724365326648
323, 25930116575744889605465305458115870720.000000, 586059995216607932034156139485923300226, -438526937359106584008575720339928929408
334, 19519362235312917013560413244213952512.000000, 479903802317232911210344163166303975743, -533454512823841685670347894160247435246
345, -3166840081928515578025590403736010752.000000, 398848174204893640673691068635924948055, -545732331496179938218281261707077829946
355, -31997417034723247900721103521093517312.000000, 541977892456118281699709905728116429365, -724429085111135120319988909686836554070
365, -24277686133457210353905536968037498880.000000, 622701747074502237585967769899548921525, -712032235698883462677546317739826282511
375, -6932987582800767851285594817741979648.000000, 830660480409557925267336705401359206883, -667698753101881632839161958318467478334
385, -47191052983195577190909662062452932608.000000, 714786771587613581975652188825360406922, -1433096953446250339849165872479356670671
395, -132705417522680377305062578497066631168.000000, 572237039610015250818076052296089624085, -1311034906355778755454320530453034669669
405, -59561725125439609499754776097063960576.000000, 613361633656676495218401846470155567744, -1330792112924718270038577751926759513117
415, -85765994708420066291844989774435713024.000000, 612212121245416458549726424745297500542, -1439705204958866361981828730010882188631
425, 14142603869968147815811148168619360256.000000, 805683113320123703430729198030268933825, -1436751653870425601315785394384774401190
450, 158313479590728161440681096046968832000.000000, 1232067392919214282142130083679248464691, -1436569715378951880790740502942484582375
475, 164585886173879894355658411714765914112.000000, 1260035804875607797066514733254822733583, -1571722072249404423366346798534263721224
500, -217162931427526595261127567879044071424.000000, 1247902214867434158309968516210191591770, -1233026969498325685343871999972357961189
525, 369353456983157405627016303821449068544.000000, 1340292450936281617874265249185165040177, -789533126116815852326032308687650773814
550, 65699423638303163067145891470349697024.000000, 1389140394000996406786172786005138625206, -1167709483504661152301076400935277732026
575, 66057822051712339654876070485671542784.000000, 1256263834234847993205202906315787303647, -1340350200676346577341951796045128800507
600, 0.000000, 0, 0
122, 0.000000, 0, 0
123, 0.000000, 0, 0
124, 0.000000, 0, 0
125, 0.000000, 0, 0
126, 0.000000, 0, 0
127, 0.000000, 0, 0
128, 0.000000, 0, 0
129, 0.000000, 0, 0
130, 0.000000, 0, 0
131, 0.000000, 0, 0
132, 0.000000, 0, 0
133, -571406344427227070857216.000000, 0, -571406344427227070857216
134, -2380072707366301187702784.000000, 75557863725914323419136, -4835703278458516698824704
135, -2380072707366301187702784.000000, 75557863725914323419136, -4835703278458516698824704
136, -7239387818239166112595968.000000, 56668397794435742564352, -19342813113834066795298816
137, -142661904386411497904930816.000000, 2873560004826179112534016, -1237940039285380274899124224
138, -5748612661679849792224035289956352.000000, 19287000644964651175929446400, -80480601307289828242222693102911488
139, -3770595443728120771761097687433216.000000, 1298074214633706907132624082305024, -80480601307289828242222693102911488
140, -2235571344864856659803950007975936.000000, 19287000644964651175929446400, -80480601307289828242222693102911488
141, -6923091250825946971710918286639104.000000, 19749012189224582198000091136, -332306998946228968225951765070086144
142, -4517794081255893358067942762217472.000000, 19807040628566084398385987584, -332306998946228968225951765070086144
143, -49834943620183559672060369174528.000000, 1298074214633706907132624082305024, -5192296858534827645981944885280768
144, -5359563302828676220483580800794624.000000, 1298074292004959362468891263500288, -332306998946228968225951765070086144
145, -5941416119208748578157985651490816.000000, 1811611933517035106139470691303424, -332306998946228968225951765070086144
146, -6635270605218251629113342106271744.000000, 1811611903138051521839043031597056, -332306998946228968225951765070086144
147, 149402297557333378205742803189760.000000, 1329227996945484659733851067998273536, -332306998946228963614265334325837824
148, -201634091135630075740697523814137856.000000, 1394509784214048629020182754143240192, -74353691014218769420931974072165728256
149, -368668794648771821052797331152306176.000000, 1394509784214048629020183303899054080, -85070591730234615865843088907988631552
150, -28570080848376347901433529197658112.000000, 1329227996945487020917092502820880384, -11465261403079637394187332876742164480
151, -13318284657709269231484918093053952.000000, 5005374171472831319769353890151006208, -11464591132824766718107464277036105728
152, -26345242288118514352245560636866560.000000, 1329227996922890497296561249936474112, -11465261403079599615471642701694238720
153, -21403430741571364857951676125937664.000000, 5005374171472831319769353890151006208, -11465261403079675173442329107167707136
154, -134657224797889355537544883799588864.000000, 21610643841822591398031510117491408896, -74353691014217660770164673897960570880
155, -591996466761871613803007284122484736.000000, 87209818035951569330150264136951398400, -85070591730234615872814942606134870016
156, -73776746317439965925690731428577280.000000, 87729819515502845193110729178004586496, -85071098795424104062152554770438029312
157, -744110891756921791758571306024435712.000000, 120980516803769296085878508428184256512, -85070591730234776430730826384070934528
158, -805230089763840189967297312691585024.000000, 120980516824213138370331436215883530240, -85136793515257852819020630758730498048
159, -560264191531320019155932241918427136.000000, 87957508783618812051508056828453584832, -85070596945606488098405245078731227648
160, -958574184399564312207385834530275328.000000, 120972791034567411204606878737366253568, -112652072643905838819192137621044559872
161, -419404210496451464554507216600694784.000000, 120974738139572658402673334801490116608, -85070419414012661917363440321962704896
162, -712078351086262242967452740352999424.000000, 121956668613235278121205979298078916672, -114022840642602263432847657809567285312
163, 93631596058321570075668634142769152.000000, 340282366945561551024543035085490798720, -131640373353664280278949915529029197888
164, -252407814823924634901812865295974400.000000, 402033993441147037394707497782008004736, -170069789381563338039690296048111255552
165, -350717660493465512763888870572949504.000000, 402033993444808946871602400211973095424, -170069789391082419493701912280632066048
166, -569999910916029373040598042523205632.000000, 121956668611649071023614694766035861632, -85072030179130829556116994445717274624
167, -556227625084713205780163904013336576.000000, 340282448050592360046452956723772833792, -172373789971285648897135105560667947008
168, -1238411714261608711847533818188660736.000000, 121956662621234869422813456586626236544, -121502331142118985428830771989255620608
169, -967178650197056639775838631832322048.000000, 340281721375047558768259329548055444480, -119627911833085917873790111732551450624
170, 93664575621672184979031553044643840.000000, 340365777831657279170171270873353224192, -170359565380275290593318741790755332544
171, -3498457644829885270925116922820296704.000000, 126193816074832158794945852206473289728, -232620031253172962030496155050329522176
172, -2571156446001556529753382948310089728.000000, 340282364319251962311280648746963701888, -297754231735186879696926379345053237248
173, -1729128805418096043068528638390435840.000000, 340282363744405216711666721623911303296, -297728270322539977778312077359612215296
174, 53655540390181552994989648386195456.000000, 340313817118059717044859553208177704960, -172698008955956461773171452886388833024
175, 1232420955478465211515462229054980096.000000, 400886221204241973887431604214017278080, -175448097274316171759307304760970215424
176, 1076777214716267924813802037290467328.000000, 393700454016610938363107570683622045184, -245942746460750723023504205260656225792
177, -20909522423561151241064660489732096.000000, 340277265697725926697841328005197010048, -245907193745472482135713278811892495872
178, 710583537539641289144920534012657664.000000, 340616371648607539588768108192041176736, -245865861486771239459352495973181296640
179, 3552981512495992787714770811790295040.000000, 359217063139218175668315344417630914560, -245935600833169116936861871532764184576
180, 2233357605208202903274714365528375296.000000, 340682599905720881743729018513678403584, -276433211069217956544286597608495269648
181, 2538997603194799397353199254888251392.000000, 342198668746756795071699563415148120064, -277254200679990353693878037401669717648
182, 2063586899129413264552083573952217088.000000, 341710077071244923581623440564549682208, -276453481048215518843182044936624552224
183, 2426691875654268892573284893129179136.000000, 341311552436157585411992699123043693536, -276453654745437280924591520672296290464
184, 756705968866535029294694781480337408.000000, 460650669773306081222613465454933149440, -352271147604303220787814044988143265984
185, 4418862775245318996970169586499452928.000000, 422571549185191360056785528416053520384, -278367660406277844835682554244415653696
186, 4245093961024080054272892669425352704.000000, 340258725812725886635358113694398749184, -276436643544446497248355461545426745008
187, 1293457327342442192023034426728382464.000000, 416006278584182309515937512691244699776, -338392223543820797560887053945338851584
188, -570000106134633662297179624818343936.000000, 418537257571832597629654054097086773056, -352796619537959356770008606473494692720
189, 453448151341457183440543809057849344.000000, 379111520973295728697271326476836668768, -350499373191310898343412465666650466720
190, 2021213764590928190110846285800013824.000000, 379438323528714662860359559391698631008, -344049734282867249046740616835980921248
191, 2679799251674816070246742561927462912.000000, 436279821991358216126481020995866492112, -362558793878078281165191946439862859328
192, 1368824661361020145171296213866119168.000000, 436025219430833279070025164734219064528, -351437158518617186200775859200663309104
193, 8523838384870414029554710210546761728.000000, 384563524035897052244127708174178263552, -258340745118855481976502186362862451968
194, 8373331892605147814372930577087070208.000000, 345984598579241010163650744410547017280, -200650562056645969088926734941705998336
195, 3005727759808577920090762683049050112.000000, 423577724457194939637712674534863908160, -346555967822485395771576633370658756928
196, 2058755400306724495857491053989855232.000000, 372194543360623481961793253460724407808, -279791675918978388435831086529577168464
197, 3741583640073600362179058298372751360.000000, 427126663776232781815307274707260649680, -361024587659673534706162711079237123808
198, 4171236131803587608674576983423713280.000000, 416640194870539139315037824230651464816, -405841159641771196755974837092444003920
199, 5021619258772972522663884971912986624.000000, 406268388320562449139219453115541065120, -279721102664632917407393754792465481072
200, 5280938964845935243933979617301364736.000000, 424827441505941613953299824559716539920, -317472141091176273160321326965723308736
201, 9021689407988776054751693809110745088.000000, 418836296450799312427407085175346302992, -351845462510152131638404615212805269056
202, 11127185917605505902802452161560051712.000000, 418844912947199272241658557403773260784, -426095150785893432695627551540405605248
203, 3988415763162356681129630776051105792.000000, 391695647984537533702556000808265145808, -430081248279751589058497874384385483392
204, 2439256652454371950429210301637328896.000000, 418979940870793220756978399647025745264, -513983678549825784020073847116614368384
205, 4435793435149171624140526661738168320.000000, 368330019151564052187808354264359030400, -501197027252587804255981162728226286800
206, 5177333923639007784367414702577287168.000000, 538542329061884688685024968215104124864, -424286002396304789024334961700742413440
207, 8736941122834894768317808957181657088.000000, 384168682723036135991056322250940055936, -505315159862103681355452432060607430272
208, 1133127801749728415000250451771785216.000000, 356287421806041178114812126989156133024, -524225223397044668773440730976769527680
209, 6216025938032019073634652986342899712.000000, 450155524211249074568567266773863113088, -524082695846165194464544525920454742400
210, 6366599409183085308643324473286590464.000000, 407017631788440950189724839815193185736, -524058816486011383830484330774435632000
211, 12790651314000801239133985558560243712.000000, 410700843309203016525667849463905587776, -500115202385287512023592471848208218672
212, 7722986946104403186792947452292890624.000000, 368513358277809288066863112039542546880, -479797658088840962574630584256825573296
213, 9554902956414847625069756773673467904.000000, 422095925922130075079904048538048805376, -509122391983325086364295649391049479088
214, 8091306984343901666879859617305722880.000000, 502908183219066059569157351324067641920, -511625100562186158989891194499188315312
215, 17234282310160705195009303763931365376.000000, 512508159980071785541193345356593854016, -511655076473896029936284075039851093648
216, 20360869758682881454245237894816989184.000000, 379905969144419421435934253558334173136, -552934297476527740715346332917687034816
217, 18470588449762281908538335108389666816.000000, 474038711128380397719624298866940020304, -554929541813865615183110360428369925072
218, 12549330004693084417560767484389228544.000000, 579152892115605725805483246591070699228, -510525365695121625960515625289980144192
219, 17275043643983074655908319258841448448.000000, 429338912787533130000221404523056392960, -510422850077003443559874180484037786496
220, 18362969417092422322188797478566887424.000000, 389069964062766695981620242948186922256, -513059276815530822912207419771470481808
221, 18722538349722429568546540806152912896.000000, 478710816468627463015912159931993444400, -453207975969036138316649410813517100272
222, 18882311181821315699151029672670658560.000000, 441848530242274092572494799986156737200, -561432008168784775162840877815855507832
223, 13779369560352817832780897104072540160.000000, 406178036141824342978864419375589742028, -517384481115469781422897125193696162240
228, 7620377832638241323724290381544685568.000000, 422124684343632283727169872534762452160, -540843715111794180686902832936660154280
233, 17298286052226237654977586012465659904.000000, 578342891221042205674063681233250017404, -494961136280899924463009885093134717760
238, 2209878980456381853078004605533552640.000000, 541820270935181999827613836664971592360, -524444552255242228353375392008544401064
243, 9798887233042153027543477602373074944.000000, 591599615366779524709613781682862602640, -621361726595774473719470024372271788880
248, -23680471679092851181276281204367163392.000000, 549800972415148129192591179830312990248, -530499552055744556198929677173556145052
253, -23792755240777913063753079191695785984.000000, 543585416772196935812479705832463683956, -534845216610918020457955680157795804544
258, -44214755727226290085199366186399170560.000000, 496303810612765510907961022034179589192, -603916805445097918751764280112115811916
263, -53555630679939944483733779725827440640.000000, 527310017155129443167518099371149112076, -537375726299712489380572169386968439099
268, -62589204602839336835715016533030731776.000000, 560340554847261819682750910751596742616, -669252881665541702983619349023573888418
273, -56593647532917361528873305777314463744.000000, 462330676990800431748675729538921840900, -502118681917360692415035568642152341676
278, -13343368353617374582905778603519115264.000000, 509189626236345469726589215118472712442, -648453929225216473204911202405825144730
283, -8764026372668699889222407172407689216.000000, 455825184628908397931345848520398344310, -549898392001877426648897635302105533912
288, -19783398773087933950318821593021677568.000000, 452453587683028447492657128724422191336, -608602369773895033736654368568349782379
293, -23874010546598111281118080171509809152.000000, 499682306000458888417415115945497078052, -551725081920996153636802200866956759240
298, -15804282403165998247932809013916336128.000000, 539739366280080911637619052351635489683, -552073134416369933549928887255558243656
303, 37955042094376005336245472468307804160.000000, 587152743814070956843106915645755690012, -434602508628049555907731005885424132558
308, 64908050711559512331208699083394908160.000000, 597665951088164606811174304017232968210, -524527098207081374784927692812501570574
313, 37028132073507853123262660351786745856.000000, 573210518659604403073036161838616646543, -527622544009758917730663245872393887743
318, 57650236700413342079497454699262509056.000000, 564206372028694070969985362854827017368, -437386664739532928739622041798377830200
323, 34323688982442405813158116610908618752.000000, 602840701645896830557503791732121608957, -453934077676549566459034514497181158578
334, 16674446209946776338363647786991222784.000000, 561281955114518154131601073129265631021, -533028152376735113001997229545322446282
345, -4874588069540730746920275994950500352.000000, 425743854349672208743612230972201563811, -469229463304694881869855906765763220732
355, -35162689263088893988255254031548547072.000000, 484749059854845762636220931644476929440, -637197766294743313574148351917366682774
365, -39062122866820977283943775221609136128.000000, 465693735092828112309563090384641859273, -618468613067502798720969359398738343183
375, -46532198031998146422595462966915629056.000000, 464449708531978049449543844986776598362, -635838435313207449811673272390533936736
385, -61341565251904284140507123643093876736.000000, 459901832958826629230342939479948526123, -1237286542434944138253693606278021413117
395, -106184712740217439908261657015870291968.000000, 642291209544547909729488217065717544333, -1408540571375785825681278430109517105719
405, -21565279432360037971755213147636498432.000000, 683806716811065052428908386433697862962, -1497721601170910798834695441264802711179
415, -34839431813774805476143261513513172992.000000, 887875877791679442913065667178211193396, -1450732709240025332183496588375458368529
425, 3431253017759982946866919840533184512.000000, 557746663842267929052493575694360322349, -1433430931970523580533254884740081665143
450, 141493514063339356028289586212762550272.000000, 934119453149251628407532178857835153254, -1471603575586898399103602933987225854160
475, 105462471213157371801159559061966946304.000000, 1538546302334470464309929140181462976402, -1563157299540382188487097530664850946549
500, -226843488143064272150180907568160833536.000000, 1109002796941747626700581909796792284889, -1094260254765744759595257852045232462180
525, 128644867846126394523034437484632080384.000000, 1163493089724128123166886740309411524851, -855190207157405941092521779455200143146
550, 10210130978291823435161378650371129344.000000, 1269713122867082624553020436909941094646, -1008107993089248193656672298859455109624
575, 123741342975091209202591642464582369280.000000, 1339554734952064744399204256245355923223, -1170069522277992927335189357560002700283
600, 41017727923089667284330674256871424.000000, 380367601903388017989636332102162006772, -368091836728584535114534506410534667865
122, 0.000000, 0, 0
123, 0.000000, 0, 0
124, 0.000000, 0, 0
125, 0.000000, 0, 0
126, 0.000000, 0, 0
127, 0.000000, 0, 0
128, 0.000000, 0, 0
129, 0.000000, 0, 0
130, 0.000000, 0, 0
131, 0.000000, 0, 0
132, 0.000000, 0, 0
133, -571406344427227070857216.000000, 0, -571406344427227070857216
134, -2380072707366301187702784.000000, 75557863725914323419136, -4835703278458516698824704
135, -2380072707366301187702784.000000, 75557863725914323419136, -4835703278458516698824704
136, 795958805993081137952456704.000000, 5091995552216818083862413312, -319911995015521245356621824
137, -157547885749402282972151808.000000, 3943176013196153753436160, -1237940039285380274899124224
138, -25562184907575960735534738439143424.000000, 3943176013196153753436160, -332306998946228968225951765070086144
139, -4399027948919642244986023788412928.000000, 1298074214633706907132624082305024, -80480601307289828242222693102911488
140, -2299444245213244749611190687105024.000000, 19749012189224582198000091136, -80480601307289828242222693102911488
141, -6417212160055372304056381152952320.000000, 17864959056995140537743966602264576, -332306998946228968225951765070086144
142, -4251413844875580988517178796933120.000000, 19807040628566084398385987584, -332306998946228968225951765070086144
143, -69385498759383836774056501182464.000000, 333312879697510068256039399063552, -5192296858534827645981944885280768
144, -2939289992170146704859822536261632.000000, 293364772507217761011973042600935424, -332306998946228968225951765070086144
145, -3219409791051777676716695227465728.000000, 293364772507217761011973042600935424, -332306998946228968225951765070086144
146, 83936533160965426451052790798090240.000000, 21267647932558653966463164764299198464, -332306998946228968225951765070086144
147, -236815930981641360763488864118505472.000000, 1394509784214048629020182754143240192, -74353691014218731640554455634618089472
148, -197504630712093081890887660606586880.000000, 1394509784214048633631869322326441984, -74353691014218769420927470472538357760
149, -176137119728932813259759385720127488.000000, 1394509784214048633631869322326441984, -74353691014218769420926344572631515136
150, -24028904056905846648712063726125056.000000, 1329227996922459581354999395347595264, -11465261403079637394187332876742164480
151, -23830239347241376983199258687569920.000000, 1329227998221159953588140982073819136, -11465261403079637394403505658855948288
152, -15163388585639962273654068895285248.000000, 5005374171472831319769353890151006208, -11465261403079637394403505658855948288
153, -16583012645854214661392614488539136.000000, 5005374171472831319769353890151006208, -11465261403079675173370271513129779200
154, -384434018757077032778841197079691264.000000, 87209818035951569311703520062700781568, -85070591730234615872797209682602098688
155, -585982270083072928602208459370266624.000000, 87209818035951569311703520062688198656, -85070591730234766958548420916494204928
156, -620393926584933495052729555093553152.000000, 120974738139297829556902525823495438336, -85070591730234766967772074428325691392
157, -457787650332630680184299086321549312.000000, 120974738139297829566092965288074018816, -85070591707332725139059294313772285952
158, -495886248521218188059142612704034816.000000, 120980516813672816326374292857544507392, -85136793515257852821253149537047937024
159, -881474811121994091277645860982226944.000000, 87957508783850850232563595641930645440, -85227880628270665161012268941241751552
160, -70507138945771297913105890408398848.000000, 87957508783849716883198566188896092096, -85070596945606488099024523049889694336
161, -306686535831090815231847608277270528.000000, 120980516825355875479728187076431708160, -85136694126873566991080062253726171136
162, -596536913072827199292886086380945408.000000, 121956668613525743800329441146511556544, -85070419320935039714170723225346965504
163, -547218573061651749215769703636533248.000000, 121956668613506445845017391376944070720, -83741323169673657151580004535479830528
164, -137550121748229633682166749551656960.000000, 121956668613445729494549253117265576000, -85085416824258380233560256761202475008
165, -116726974427426083727869604605722624.000000, 340282366922790432844184378094823325696, -172779396657563569711809935224378294272
166, -963781892486032409259863673940213760.000000, 340282448049339083336667190132878524416, -172777698915703751166651625835019173888
167, -1173579455207897564363590747998388224.000000, 121956668612911185779025188534150299776, -85096877741886800064461170505816735744
168, -1419660787334492881796765313614741504.000000, 121956662690119346137998534787822469248, -90741174443606189601540242019317776384
169, -1722362722685387261119686883749658624.000000, 121956662621234914064750568386165817472, -172698153220684448541218698018452142592
170, -715308221726607467698142453931442176.000000, 340739635391480083325301764549770018816, -170676061157620520585499492107192422592
171, -2013038738824925916558418166427942912.000000, 340276488513280985562386432139116724480, -232622067500365460947926807574009118720
172, -2696132442032022404694197028710776832.000000, 340282366145946614893641613342621954176, -232621349375980828283866768489746300928
173, 881107956978887531731952790082158592.000000, 401675846769326043086467145678044997120, -168858634074848313367955389505543215168
174, -578629896939544352237818403530735616.000000, 340282363858159665200220219629628802944, -172698122797804772814734665076185266944
175, 1113641861657168067607533407761858560.000000, 393700476502741737037076339312036562432, -170151854018131420812226225474091614208
176, 2249341433790683717886834977932312576.000000, 372425503652369313421828004137470150144, -245943071896202053434966390686313758208
177, 407822297592595549819363317619097600.000000, 394313947505437134984840858989379960832, -245885794917054937622279406266211493888
178, 1314407915937303996397033249333837824.000000, 339768199707053838081110501331842099776, -245937230971821556449669479519140118528
179, -298030861580883731370554323254640640.000000, 341083391822102162479980048972018713600, -298573154921153317377428165922619571008
180, 1462737311159291783492225533845962752.000000, 359312915268935999587021033055031134208, -276443556046973624402865828998723944464
181, 1035960583968249994454414821565661184.000000, 344223105692782222842413036929548555520, -292423983285897630294247620379843546112
182, 1066911534690155222465495433568321536.000000, 414797388973065249673138360178075475712, -276452859109344009367225670618220673184
183, 1940959480673467352087382379733188608.000000, 417860977773568194498287328431601418368, -277107842777010498805053729848269654160
184, 3011015434854719121069197804968083456.000000, 420978263148839228712342970048983910400, -277909450311082124251786808338008409920
185, 4544202608422539006482108882605834240.000000, 429333439624360690027920274711528994816, -278002942452934480601616922362847397440
186, 402807205954720440699163237716852736.000000, 339949557787625869239830156249418145536, -278462623199354567154789767280060958528
187, 3084951383289204944256158497048100864.000000, 342769359428546349314563403320218228800, -278026462029591659723944512615004197696
188, 1007197398637506434584710115907076096.000000, 339831090413633983512784284786007241792, -361630875225763614433661630532622496160
189, 2294196754358372068704455006437244928.000000, 348048904431382332396660686536551188736, -352805111307786937732521130326559925424
190, 2038480403695563677000733272982945792.000000, 379518689871202122916327134704585992544, -279904504029218420097384410606505308928
191, 479235125779487648454867139359145984.000000, 340010337405070133383877681462924096960, -345025413954106801168650272093605940480
192, 3406323165415531190734837880570511360.000000, 437976349393117557460553752699273213136, -362554853422593889270160969315529087552
193, 4942748814264726942909495754778214400.000000, 435695930083074863267139305004129118416, -354632925508263490610307599096597220640
194, 2497135256414763943762228978848366592.000000, 342839459811320055502918760088977837376, -356136298201605402011936543740110490416
195, 8090828723707130499868919179352473600.000000, 371169832299390572364502467510568029824, -286017054450336227441582613733380958896
196, 6662056855549812140591079460360421376.000000, 423429570974090870028098199210271296528, -344387473033088573345807145865394851312
197, 6696562211200511848684434188461408256.000000, 423575970627856569013966155327478034752, -331247366365612870652432168931718270496
198, 5888971450864363559734732783406284800.000000, 406128366044002127528774498095539980112, -279687437246722756718517013070108657520
199, 1911397759563124941406400052079886336.000000, 423024992825503136253278756068458867696, -405925403453759786491281672786745559680
200, 2490135662656961449529321280545751040.000000, 347799191663931540311820627581392289024, -347736221408671014318335196344624018320
201, 193732032904225208484198570377871360.000000, 378464219606791024291253854711458834752, -510279699066276251902745159713667266752
202, 8613094378266639230480052701875929088.000000, 418180334305630673988778650303403026448, -425571754603948793455061506415767850112
203, 6622032412626131191267289799755563008.000000, 443484042613655259923078880795734785056, -429677884232250205542602229317375622272
204, 6072216737938189344889762896488169472.000000, 422903855697514587388382862099032686800, -431504693914963258860188958262428698768
205, 3468329894363269120702363307117379584.000000, 392196975207722578372120641610115806784, -501174157051947931667396046672357510352
206, 5916587426734749919065402522078281728.000000, 344052591021818656434392638798041223408, -505177442042292006822122180183966864256
207, 5347792599648603194938406998147858432.000000, 361168453036768366217066198966472068464, -513588635873669734811076681682855315328
208, 4351881451971952716944774029113294848.000000, 373745089872802109011523941413296042640, -330177587513178029174954872629964078464
209, 4026720896889588181022051836174008320.000000, 409173348576605314793938563087068936720, -429375974058810144731965429076948286784
210, 6584202278187003188864887942843203584.000000, 424014516082113893698199992840144663216, -524265927891554047798841365502549480320
211, 7181137926527907763176492663629152256.000000, 422501232462218306174119243644602662624, -524051443751549715968664133988948890496
212, 11715719500052963770613722705255464960.000000, 473670297629885897786755632941900051120, -532400655226567185261095219148524727680
213, 8375935038510987081701336822424010752.000000, 416226605780625409291934544990549948992, -511653139495864867678998418587171244784
214, 12693880019756334232514051051425366016.000000, 502792091110737152169372023231636403776, -511739306928590349738241422637476277168
215, 13308886703482795691868684954525237248.000000, 391552282329475870437561087777196556832, -490262174029169053346570434472161571728
216, 17945725993144656030854612576188235776.000000, 369536785640055274979804816838367216352, -438322236613916786554426355266193544128
217, 15242785447898104596696189604628267008.000000, 451547026786681189146687964593935400768, -477178801945675485378348637032225173532
218, 15007452032322218346518313490786025472.000000, 398950795579559737674889708058533939216, -561325415620258692747985084973105660240
219, 13913638441374839492145908368319447040.000000, 457089771872490054916876423409693257760, -483044345553249230425271751862323907420
220, 16835826827607067720405877352529133568.000000, 450661551728392139977597134293595411532, -517378517590711011111745188705158476416
221, 22124131885676859934328020015553445888.000000, 451417083474189332520868691135363969840, -561408155264163666834487536821566495096
222, 21385250397830066429246978816527564800.000000, 392166261444142779858116597004941530976, -443823563493494078034253330333424107248
223, 11152037695957303810303076213695971328.000000, 574120415505553132472576926634111069364, -454925232144276564103919727846069253872
228, 12277270126976007751297795016448016384.000000, 529172119399494888366080775215134885840, -503832749668061857654728216906189219592
233, 23561771267703849514572249789225762816.000000, 561849661667987055157804987065551401076, -475603619759331741907228388609775199168
238, 1821552327172404399482427263428853760.000000, 523410872527976240856775047037003420036, -524372477694362322024350448353661641128
243, 18593388691117176757729813372065546240.000000, 547041920369203472926566535176260809096, -558288258689534041448063738559015819112
248, -7848510789927176286024835585730936832.000000, 432229398569224890232743025725407917084, -543601242988126267018651824753919329632
253, -31496958533534555374622598628628234240.000000, 440371073282587257208349210713070062976, -617602323501549838420715947868938913588
258, -59590996862154394205087273139673497600.000000, 551573493311485988907223453678631302836, -539742616056557892313690134943986103480
263, -50822346093850505387821922455889379328.000000, 486360566085748907366224581978708121736, -543082854696753725937309030892093854216
268, -52497910464700046158237977259272044544.000000, 401552553359302426531172873608155548849, -613773631175872316595731382605603945974
273, -49649843885261105274679265023370461184.000000, 434396821057156052882168922288561861608, -509085822599393274559324385733659279280
278, -21626226260646826207988402932387151872.000000, 565378060890674465112764130633833224440, -530176971077459235454266024984692081728
283, -10379422486095030660540129871652716544.000000, 459063364855734795052317304812009873480, -466132533004981243631914964109057818036
288, -16786947904750856705340874030558740480.000000, 561094013513491965246018859415646681231, -608600984833419553793976533401075462507
293, -5713838920569668023925585960547385344.000000, 483864867979062048550824125413329286931, -516675793796060351547224216153375811984
298, -8168941543424372128558862814450548736.000000, 582266786269501495833898253381389123612, -559618835018203287746017646280076335448
303, 27269272476546160562828540047819538432.000000, 596223880153313614613886485559237241340, -538950786502745038481141644836625577299
308, 60229530513967724054035092212918779904.000000, 566967505878844636792124419949647237886, -541919400738703828769483592979422213966
313, 63272192672625920830627380407797022720.000000, 597665199599656543392786559085493363474, -423986218522592178059225460326255705660
318, 62248762736712075651374350001613307904.000000, 564413205527168835645417381903767970456, -406988199996415277525883391061858653280
323, 29851925699656017244315178235301199872.000000, 563966136325718880312377654935575745474, -448816743922880219730515505060776924800
334, 14046329070281489008906500294798475264.000000, 573784406467610882961633370692360340589, -531545022122346146265141193183268880828
345, -8399300988649891219224836437362868224.000000, 476313574586415851971918913355998373976, -595960657053771432908718488847026298936
355, -48901487014072295904891460498434818048.000000, 603241546406064709823042104703305698514, -578102711678733417311790181278257487790
365, -14049207341295690838655583184022929408.000000, 669198789203523022707220161780266275869, -661830514988935728572583161324740802648
375, -5464263106613498753584684357233147904.000000, 640550634544794475539214930140988778096, -704159065009164118704873024183536705002
385, -21933570320828303778405997724672458752.000000, 768052893339360038597788894132835433243, -1240806410390536321987857687005344633832
395, -97348574748626433811678354977736097792.000000, 596138849412031413262477264104027241475, -1324777597333099312029027234530172986095
405, -62981030415660786109215099622378176512.000000, 646512157999841564031699806081125910981, -1284561635842298224630146819165742263673
415, -87429102846686200391268203260593307648.000000, 641983497846779470580738119459628870419, -1464509465758839705964586568451543802272
425, 4029048656684102466775077460125941760.000000, 729678057490608916992572031179166011983, -1451463247479644705334452513978868742883
450, 175762028953082894002108637714608816128.000000, 1021098089558444527343115677063228722114, -1677457516035113331949535746647829819544
475, 109009922397269946776418284191216566272.000000, 1171982281625329791853583470583505299763, -1646536565095577711454979829999724262207
500, -242578561724852251234406911255441833984.000000, 974261578179330821398564398415122480057, -1236999759059979815085217791868409448025
525, 89233064596776155174675040492142460928.000000, 1260245186010935732599462427219910987604, -937142527855195019437370973974628107161
550, -4113553396615766442512372409745539072.000000, 1128439609512167698670085581812939701582, -1397242753835408626244851445519511845745
575, 91920664992140533259697370850935177216.000000, 1446366525970261439652517413478707895363, -1376204449273803275058951962194223938763
600, 0.000000, 0, 0
122, 0.000000, 0, 0
123, 0.000000, 0, 0
124, 0.000000, 0, 0
125, 0.000000, 0, 0
126, 0.000000, 0, 0
127, 0.000000, 0, 0
128, 0.000000, 0, 0
129, 0.000000, 0, 0
130, 0.000000, 0, 0
131, 0.000000, 0, 0
132, 0.000000, 0, 0
133, 8270044303125466180485120.000000, 16464530742525018037551104, 0
134, -2380072707366301187702784.000000, 75557863725914323419136, -4835703278458516698824704
135, 795958805993081137952456704.000000, 5091995552216818083862413312, -319911995015521245356621824
136, 795958805993081137952456704.000000, 5091995552216818083862413312, -319911995015521245356621824
137, 679574678556543526438436864.000000, 5091995552216818083862413312, -319911995015521245356621824
138, 365612969097688054629400576.000000, 5091995552216818083862413312, -319911995015521245356621824
139, -18461576918230147714027654056247296.000000, 19287000644964651175929446400, -332306998946228968225951765070086144
140, -2262356701048333610822687680102400.000000, 1298074214633706907132624082305024, -80480601307289828242222693102911488
141, -13282102937935700455955922723799040.000000, 1298074214633706907132624082305024, -332306998946228968225951765070086144
142, -8750576976916315915278941784375296.000000, 1298074214633706907132624082305024, -332306998946228968225951765070086144
143, -6056651449427598191590078551162880.000000, 1298074214633706907132624082305024, -332306998946228968225951765070086144
144, -3488271464725485245434561745125376.000000, 293364772507217761011973042600935424, -332306998946228968225951765070086144
145, -3797227288111945015258238412652544.000000, 293364772507217761011973042600935424, -332306998946228968225951765070086144
146, -2205202420809608650011970457567232.000000, 293364772507217761011973042600935424, -332306998946228968225951765070086144
147, -946011508852914005073427911671808.000000, 1329227995789522541407846399186305024, -332306998946228968225951765070086144
148, -32906991197949573802874894957936640.000000, 1329227996945487020917092502820880384, -11465261403079637394187332876742164480
149, 202848844432809959907166425914015744.000000, 85071495765415795310032257162546249728, -720234491436182728233739310189248512
150, -343866330045921815453469473123598336.000000, 1394509784214048629020183303899054080, -85070591730234615865843651857942052864
151, -499601041205900811698240189359980544.000000, 1394509784214048631326024114089492480, -85070591730234615865843651857942052864
152, -26172169386709032266316699649703936.000000, 1329227996916241405288682988498845696, -11465261403079637394403505658855948288
153, -424152471606813138112466346292805632.000000, 87209818035951569311703520062700781568, -85070591730234615875030995097777864704
154, -565336543512241295729814842099367936.000000, 87209818035951569311703520062688198656, -85070591730234615872797491157578809344
155, 75969450720844557417026910328717312.000000, 87209818035950964844182026727525974016, -74353691014223680606829704778941988864
156, -204322904607152994934182270686199808.000000, 87729819515502845193110729176935038976, -85071098795435521269145072826146095104
157, -603562051195669609805826117695700992.000000, 87729819515502845193110729108748238848, -85071098795424125017653820305462001664
158, -591685549803058429984843814628491264.000000, 87957508783557727060463613474912337856, -85071098790475991681201695026080645120
159, -484947584831831122086094315724996608.000000, 120972791034567411194227269073669455872, -112652072620196142443036162459978530816
160, -282067755149310782034184200534360064.000000, 120980516813534696560023210140518055936, -85136694126851843496534040381154656256
161, -627863690100921320146295970091499520.000000, 116972064581130703404434075357454270464, -85070419410066728121995833947511521280
162, -774193330235464558165159056917921792.000000, 121956448675915397139503339740799041600, -85070419381671378808603567063685332992
163, -88947685584183633469218005119401984.000000, 121958291206293712451604826975360516160, -83741323169689977021173203145813131264
164, 58212358961972842837957995065769984.000000, 402033993448576302078516015692446204032, -170069789381563337902780869575071432704
165, -556287702113200132973192627068338176.000000, 402033993441151945687217482665786458112, -172777693866035091439606871134251843584
166, -722774978240621587017571481677725696.000000, 121956668612911488556441958625239826560, -85085416824299795203072897737440331776
167, -613758615849920461692809370755137536.000000, 340282448049823383737491736554412113920, -171044562034920570595669472441430114304
168, -1491489033513065440488636432047407104.000000, 121956675882073552382569532728231542912, -85076189957615732644354136132375020032
169, -1702831806347453736376937455546269696.000000, 121956662621234952710957781563405582464, -114313891942856429623494368119335223296
170, -3589489338989709504195694607105785856.000000, 121956663086652565590401165710810890368, -232622059593291752703948308945875615744
171, -2472430495419910551238399661998866432.000000, 400886169762881133291869661698270675200, -297754239291651949247816127215984197632
172, 564687837841030289780768213747892224.000000, 340739397494017932945224579706336976896, -171195168047890164611034201647896795264
173, 1860338223786705440761656681061941248.000000, 393700476415465297229134424231647929856, -170224208017749706076569760689046624384
174, 786250635562352802769795467041570816.000000, 393700478804753260410877661192413003264, -170535746314824544471445197737935984832
175, 1610043242896173562203645356869156864.000000, 393700485922205364165559266052797531648, -170151610624943757421355176506819612672
176, 1810227041934227027706726988564660224.000000, 393700452414984745237568353912884983296, -245943259323367159123391399743453670912
177, 1710919428562064669248439964460384256.000000, 401254953236048186450751605635090792576, -245906424429022592339815549181891047424
178, 534544038963005673549977110030843904.000000, 401285138010889779057495004967534902400, -276099604226312439706844829050289865856
179, -152061051165221522374381300871069696.000000, 342053015506521185074697304385419993088, -245942242707584515662339374540677459456
180, 1606506825594560691315976373654257664.000000, 342011575859923751937987031586231044096, -276440999148565584481527697433931826960
181, 1823911310304652748482732196538351616.000000, 417865713797869314674328595049221258688, -274595135574717026842679896883321784656
182, 1311020863466147232281052958819352576.000000, 417864060306114730907797667110393084352, -279101400804485137490259023213919577872
183, 1879194565092291427622214383259615232.000000, 422622702171661712644505422703851376384, -278492237431991758692907109828032269120
184, 377000105155140140528978295728898048.000000, 417864123696030033776544684355369334656, -312932002490622942007023388563372468672
185, 1742725287927061730194077379930882048.000000, 417958526135460161451338751956733688704, -276272468875639791998203984416430018560
186, 1851393946650422786467782706839158784.000000, 340768399752317883295082963893259555392, -276436613160398457039378943073354501824
187, 2676098954466028141994936717463781376.000000, 342398197252166296172138373506857983040, -280547416086298455709871124259073435712
188, -1896292200874378149006085964104204288.000000, 339186146787576637852413325680698272192, -352802221058567788955916204125941957616
189, 166908920089268977429482862809186304.000000, 339634151119493764267416621494718497152, -352804455391159362011418516492411378832
190, 1195178488141451486205841558648913920.000000, 340494636104265699798243160821269393920, -350935714024481084423630817275818713232
191, 2416305854087496435971311824678158336.000000, 340001750607510610770851821980171612608, -349535870440583234481678683403830771120
192, 4537760794809712273528540281635340288.000000, 338758459122079382448964506153429551360, -274302466479977931100584377237094935552
193, 4248133364092095044685347650663350272.000000, 340862179118292866126472414840562701888, -274583790612663620709910185097360780224
194, 4977480448836812523840176559459663872.000000, 342849327560117724679880464807650431104, -356135442990995085835940927314691901808
195, 6041290140164433142110198325628108800.000000, 377574246187654658858467637136303918640, -288665818912891580899708804583393995376
196, 7458324004246364547657602165460959232.000000, 345971451685185209263250576689075470272, -348778085349533541517524071875056879936
197, 6580644404205524837421083133372006400.000000, 419485233538750551620129466754069040080, -359573047569699751632505870368021749280
198, 8529253671440990475843700048816766976.000000, 423578246156093182964335229369141145536, -359001838772162714816260698618422033968
199, 7589099021420251254559234543507734528.000000, 406305329406385532206871867666508114704, -348372302759918818704793931172076378912
200, 6887507860858602960160793693022846976.000000, 423563813138815444692271708931878515664, -293529475135806810397932007209200177120
201, -1343640630689220973159803682318974976.000000, 340640047508345636285520959181390876304, -501164909847016026224022930212689598784
202, 271700081578861664255433731714580480.000000, 400930716461899826983347716392404339968, -506482171045594375466787513965875435840
203, 7612827561867203696562347781629411328.000000, 389686346184123356048412148143944505936, -430081344005971874386709483732180794496
204, 5713662749500771928627127996123185152.000000, 366256856833400454613176104672037886560, -428825165021619125881058794180109930880
205, 5531429611561156397671315736251858944.000000, 390323033854773791733963498667166806672, -513583778409816740586572521749803992448
206, 5362364870755824088574364003487186944.000000, 512614539016052429097220656610918067008, -505321505531072450037696932858856275152
207, 6009103166566877388826662321870864384.000000, 426074512841557113390356691308409542144, -326486168605164462946658093498730941312
208, 5438175570813708983658938529430372352.000000, 376936997597824409841903382513075336880, -436074136454658594146457692333700225344
209, 10810353711957487039285984578695593984.000000, 408050376270178520663116962062060781744, -495003032714275725215479350168646668160
210, 7794551765746268950132269116662218752.000000, 368765819412980599979280051050538653392, -458537001942519628545121922509173494080
211, 11082322294579095850475939149515849728.000000, 469869756864938546172537182733201020144, -530128667761978483056595727774509018496
212, 8028906795436085061249270302709383168.000000, 421823785525244206085040226127330548256, -509746833527712255872871615666941805488
213, 11538182435921723708715361701378129920.000000, 459909864976088596662571457194865508416, -511138972210818674121043209446700343024
214, 12707992681860923117226756779028774912.000000, 508192475988636805238078312423891032640, -511674038005943639906113136805593378736
215, 17307850248202106609837048685968490496.000000, 426322717832010429209796089296628419072, -531694017476127096317980281271144526992
216, 18365277327642750770704876413051207680.000000, 372141415719660289364000155831680252688, -476816159450088689656789096504280730368
217, 14872911559340705961378011601006755840.000000, 355396593596913400889999562424627510784, -561325049199448180424568481918043726784
218, 19039534468755303244293415743894061056.000000, 396415984898671293025151487684375627392, -515211607236344252674622651561776819088
219, 15796629482331345213312557455201271808.000000, 432246397748674728648274827821575128192, -552815431881463830203311282682437741440
220, 18027867425662245462779294575505702912.000000, 594851940344888624879776120913443866240, -476989433307544046268552565756359612144
221, 22694067534874195313965847853532184576.000000, 563164113356914510612860175706649108544, -517479410496309241365088726952949526976
222, 18323179948261709265421477635409575936.000000, 422213572911472503474633363932417676748, -538151383982339537218637616796248620200
223, 10206783771462710795970940109798244352.000000, 494597001315106955257823304408057830048, -508580718769541925140638615609012101224
228, 8091955531622836584398557992735211520.000000, 515667012804736841077488556514542890072, -549684325170571368528258023027926674344
233, 18975827915642885290210411203872686080.000000, 605064905360218474940713005132291094648, -468033273666474467121108865872372777792
238, 7543991259293719615883071255750901760.000000, 545809145287885453351608167835549361432, -500487269701098746086088304623337969320
243, 13554767939104427678293506856088240128.000000, 425150125535405745206680941273233874624, -532699984407723023580122855415479387496
248, -16879094269710602655042194460488237056.000000, 593574771126070190725280139760939499048, -586252111535829393008968668655723677312
253, -41217121640297144181160338445154910208.000000, 435962789048396540989023034679832042062, -530540565009807635999589960688857782124
258, -56809254240057742859599507762479890432.000000, 509152960642649870042138856926543975496, -595672007080562618936639152669567092140
263, -46954687746022629017451003418584809472.000000, 537331504361743687926843185092196446476, -530034382724410231225970885448212482420
268, -67777172630922119277214227727160180736.000000, 596231982719942956034761167407018543064, -656244242206642873273699999737550163362
273, -44757554738336735152017603738688552960.000000, 460762338406959264515566970737807507718, -582512241546199285371634334043916296796
278, -34128260627386051077235896961252458496.000000, 569973084873332203960995685190408063890, -530494809107457238785037612448057082928
283, -2641654708807080572568245883306508288.000000, 467012855283304456094904440415854530614, -541667007022538322069762158313206657387
288, -15474415207293747649111450627826778112.000000, 557396431935578758853871911333762305943, -466369156759116634491239044932539688344
293, -4493034876414527719052216652586287104.000000, 481737774585504602866773900652117132179, -561017822937038893775393010488666240762
298, -20334271637485045582152755993393496064.000000, 584247527156112780266788709417861868028, -517118646516045379406537267403291158688
303, 33838144821302985630498325420983713792.000000, 594963281815593410857813522592605694460, -540747859107608487325126515548764239187
308, 61844453205606216614286356346782613504.000000, 548712833285496775206536103955165162796, -480868785012245228204384147303881484476
313, 57104337871116736521823825149172908032.000000, 602968585242943510635065289528080841490, -432801876445267997731283741494069456444
318, 42591801976544983575277340668270215168.000000, 575193783295923452659114932285582167037, -490897549733959715299878672371896426853
323, 24726094852152013982122279043382378496.000000, 563895930655911108166266572611496088482, -422224109661692343182371473071482228526
334, 12968036224153108404586741395162660864.000000, 573665376676770184898655207535722419375, -535766929982258723358038012070483721466
345, -3978015279272735143869174462980030464.000000, 469830083351586416820662894039197816801, -534492341188990947390852077950774544186
355, -36782614624856046631536363723871485952.000000, 494049691716386826861206384025786065504, -606625262684288904752987829463731819734
365, -47197710590450954670597679183900442624.000000, 463457853466019856307297183971480632285, -623975962075037851917675291098207691150
375, -31046902058002325002393335594942988288.000000, 470932799906181645344318697103744002153, -677269403547100225285384621961608061064
385, -61422225264033611775228110448952868864.000000, 456534406431401635552306707484245124380, -1280790120671640568878743179912306381252
395, -105125831991942331470619359639683203072.000000, 810434141798966717908145098433184405111, -1423628511119452932007707248245198643811
405, -27880148922810655056672694093620445184.000000, 706770680701176723384361725588210624251, -1391718856828454958108290158001413501366
415, -39241242036501150225807742208141426688.000000, 675931119060162526505388539057747995445, -1529547218273036705931110955185914072741
425, 11630687133500803857577891468561874944.000000, 566307924928669136985267087399414955839, -1332146543776435079778636269561127856835
450, 158360601386552824812771012923589918720.000000, 693690201532731766370554849700177257498, -1390851298920873908442155291018484436684
475, 169496910005511327901824254183559135232.000000, 1318832053701570295123721526335767680145, -1770747558975094591304362902839687791345
500, -200255148037142097087727152638787059712.000000, 1022684558736487330228323264116735796222, -1183249151935407105653354719931912464593
525, -221597335365408545884980591920047718400.000000, 1337523423501292907729121153890267408899, -1026877505809898203013329834922367612107
550, 16451535465928808732418493452566659072.000000, 1181838069075494850105085408510587949049, -1295866165674317463291314198669653268356
575, 103239049650379092832167265359471050752.000000, 1383611573269651744455851171322574022443, -953904420866984375918242958246650269898
600, 41017727923089667284330674256871424.000000, 380367601903388017989636332102162006772, -368091836728584535114534506410534667865
122, 0.000000, 0, 0
123, 0.000000, 0, 0
124, 0.000000, 0, 0
125, 0.000000, 0, 0
126, 0.000000, 0, 0
127, 0.000000, 0, 0
128, 0.000000, 0, 0
129, 0.000000, 0, 0
130, 0.000000, 0, 0
131, 0.000000, 0, 0
132, 0.000000, 0, 0
133, 2132148467015644813983744.000000, 4835703278458516698824704, -571406344427227070857216
134, -2380072707366301187702784.000000, 75557863725914323419136, -4835703278458516698824704
135, -4835703278458516698824704.000000, 0, -4835703278458516698824704
136, 795958805993081137952456704.000000, 5091995552216818083862413312, -319911995015521245356621824
137, -211206266824183914180902912.000000, 18889465931478580854784, -1237940039285380274899124224
138, -115226600794311843645489152.000000, 16464530742525018037551104, -1237940039285380274899124224
139, -4235819921692383306128671358582784.000000, 19287000644964651175929446400, -80480601307289828242222693102911488
140, -11756843609597871934172851670614016.000000, 1298074214633706907132624082305024, -332306998946228968225951765070086144
141, -6750071461509223139215501309247488.000000, 19807040628566084398385987584, -332306998946228968225951765070086144
142, -9659711229317465448625561162219520.000000, 1298074214633706907132624082305024, -332306998946228968225951765070086144
143, -6357256511735607162599938344353792.000000, 1298074214633706907132624082305024, -332306998946228968225951765070086144
144, -5121334144578527983961057144078336.000000, 1298074214633706907132624082305024, -332306998946228968225951765070086144
145, -5155140564325632432037060149248000.000000, 1298074292004959074238515111788544, -332306998946228968225951765070086144
146, 263077533087995299538595561340928.000000, 1394509784214048629020182754143240192, -332306998946228968225951765070086144
147, -227616802954691768419457162480189440.000000, 1394509784214048629020182754143240192, -74353691014218731640554455634618089472
148, 231107388725805631425849383349911552.000000, 85071495765415795310032257162546249728, -332306998946229111188218336319111168
149, -374623771299655667863228772622794752.000000, 1394509784214048629020183303899054080, -85070591730234615865843651857942052864
150, -23224766877252518271384240575741952.000000, 1329227996945487020917092502820880384, -11464591132824766718179521871074033664
151, -511857005653261091398702626127216640.000000, 1394509784214048628443720352572375040, -85070591730234615865843370382965342208
152, -24850851991107135662014287696625664.000000, 1329227996917623878076540878648770560, -11465261403079599615471642701694238720
153, -297146684756128275862082425643335680.000000, 87209818035950964848793712748100845568, -85070591730234615875103052691815792640
154, -449075259711398595323112443592310784.000000, 87209818035951569311703520062704975872, -85070591730234615872797209682602098688
155, 303674430934536697540016037290835968.000000, 87209818035950964848793712745953361920, -74353691014223973467338618991783444480
156, -582278988063879150267570196267925504.000000, 120974738139916794840311023938715516928, -85070856593711418301806426122599923712
157, -896496697261783089663804178264227840.000000, 87209818035950964991744720318133960704, -85071098795427751905499306142954946560
158, -603462463058124678271002194049236992.000000, 87957508783473583934471842136494702528, -85070595533186416711332810638064353792
159, -809918264753888918863339863886790656.000000, 87957508149716065127074293898593173440, -85070596945606488099087500876903350784
160, -1009357148170699208916552518545178624.000000, 120980516813363329132953394506613915648, -90397796058590951869546358734052720640
161, -709858840947063575151009232987357184.000000, 116972470229320453061795322182066241024, -85070419319774471769249229654872817664
162, -719864864268345273626278249445195776.000000, 120980516773113042286256388062518575104, -131640261760878849808887719206534365184
163, -269880191889334317056640233729163264.000000, 121956448676146582951582996877991739456, -83741323169694242557461260417854609408
164, -316159916818994380809034918436798464.000000, 121956668613439519563907319482459619456, -90553657686588910336303169572103389184
165, -180787634807582917927596977993809920.000000, 402033993448579512011295766931824361472, -171366484392290803762261270372689313792
166, -415554171423504035558781057698365440.000000, 121957946577277233325888458021227987072, -85085529415891314590508596612723375360
167, -658879484282826956838215691018436608.000000, 340282448048720746558500767891062964224, -172373830555917182318342444135653769216
168, -1441409493653240181491643880870772736.000000, 121956662571726521057202104361540075648, -90741174441592583766954845817082544128
169, -349188135410659048149674977428242432.000000, 340282725666667444394858098546735710208, -170359330970366354478841901064271110592
170, -882288493669957252446344758746415104.000000, 340324254563805291089746309036211240960, -170359331024984154197554389915991478464
171, -3422918043087516147160879819688771584.000000, 126030922955247311277152923888233857024, -232620031145466024159201081730181120000
172, 473898530578705760178482557099180032.000000, 340739637648975229092175801655080984576, -170359270115830870032379874893322457280
173, 1635937037082761087421345577346007040.000000, 401675846401309444859186251987446023680, -170203436948762759797183008216857843840
174, -766801607438590982258723860695220224.000000, 340313815773016565155708790033061953536, -298609185441598854080421725046266970112
175, 1078798258853968890524301842618253312.000000, 393700454043871597468968270186620323328, -170151871752511799072207203126750441728
176, 672820345760193975006165481446965248.000000, 402122917616621092921726138095367716864, -245906889501770375687065442115419245568
177, 1203971189699410645511700789036318720.000000, 401257498707158311491112459023266332800, -245907583781358642754381594607577754624
178, -366184614760402883484090134645702656.000000, 372432816400693273659448675483109475968, -245937030067761550827875814143070382080
179, -141177282863080266167231169964277760.000000, 441791810036439264704787092367151922624, -276435319172028211873766049212289397696
180, 1122970063580373435070094574234894336.000000, 341685535356105156790953002660436790304, -292592946698321627269350863364760563712
181, 934602063307473243312878764427313152.000000, 341677464949008243336602709052687854624, -291796218946980907921259205291762643456
182, 1209118700246779868827693289809379328.000000, 417865572006545287331553222517881436096, -279102010576728173900772128772894967568
183, 1029380917436515115468623343557541888.000000, 417866170993154694761298986356589852800, -309721017513052718816624766378946332096
184, 833621402110754518015961794353299456.000000, 417888954635415551848938634712958695552, -277106121672561348295741913466048710800
185, 879103711085007096181893941990260736.000000, 416006466814202947734627803206459964928, -275907001502871978423055890727923079680
186, -1489956101396332294283231461428428800.000000, 416043010606086966804422226063195026688, -276538215709467390367407415632730254160
187, -19003426990024457758609086454169600.000000, 416047609848570211205822004514203710592, -338403280635370256692827515933040710912
188, 4092706352236787770333457323237834752.000000, 342919585630306554123050766521733813248, -341590809033983037727629503825591151008
189, -360266506364776083233604696782405632.000000, 353858559514051786563726920945653545856, -340267300648372105545654920942454860256
190, 84209833998267651696615036534390784.000000, 340813572630871506350715316487439681472, -276547462755933175876200332311876685120
191, 3688518501379553178631431501079642112.000000, 436289808603194409337764999142337504448, -364195960251512273910157918772614727888
192, 4543421640254986842150312331943346176.000000, 349758476314176672647922883822384266992, -274323721754426670942006961158658728384
193, 3130377238002589180234311107166076928.000000, 436280412114052582878175879266575659088, -350821777640829835765020239485930179280
194, 6130105411884998512617580763428159488.000000, 346305827608896876241060743974252523456, -349461397201836008928225902048987044160
195, 4952065286534536794760355023096381440.000000, 341006888572066117630575230409873046464, -341574338806433312528654914788416100672
196, 4848811746564577881490792607261917184.000000, 424986266909197252217297952499289141184, -356399963849339204563070614793325399360
197, 2492157398983454215538181317062557696.000000, 423780722827948186750776323323471581264, -359809300240694872401555888164563405248
198, 2008292450889984151691238305727250432.000000, 339160096947406379674933064840273239552, -407265539478075614047847808925115583888
199, 9346461872690312926736372786058493952.000000, 424810006950656939777127263202544348816, -317324022867566286102498775370081028032
200, 5691321859319564249993783488911769600.000000, 383984926900744452087449573737589239344, -317335546057684760436264257210471228352
201, 6202073412890156004965182532866801664.000000, 423497849816196569972849593413555733072, -430841721856689385527010342530274332800
202, 339064691161505576679218689834221568.000000, 396183024717040061333502389343495548992, -510312417133594819742042381957420587216
203, 1232496015131081105929885080956698624.000000, 381327924691034097668025402719743368592, -501196418770126055750055794743006599360
204, 6962663048399760093362060271644835840.000000, 446831798084540702634637934272285327488, -511257713172589501978084190563501806976
205, 965909287901718202677364242358730752.000000, 441174497735457153778092730337775659072, -427102952663191149780710588911658256256
206, 2388386514746669292751504931077226496.000000, 410166401821183389401628210307976915136, -411801815601323099884672697944689041024
207, 7273838352986809426324813165197524992.000000, 426269639154120665302147321895976719744, -328896622617056931140727428555834836864
208, 4891876511004454640854961593451020288.000000, 397440118644449877087828213626553205392, -328099484070525360113414462200979365696
209, 4957740673621115195753225886759911424.000000, 460324523509710740742825570720945898368, -505515063915813073422983326684588464000
210, 8851221973678429123636661535385845760.000000, 424749716777055790599462764714738203568, -524391168970606619970922991254468595584
211, 9921701243678999430464696431327313920.000000, 416522573074041355322388046786234538528, -503906140955860832932271069231898021744
212, 12434431937462991911436454280531279872.000000, 411171007350526332507648850288408251592, -524051116766990144505345619152985762688
213, 7229267867782799161892701838375911424.000000, 508198414019159207630910001374661229056, -511549813937111984048084760298238421936
214, 16378764894246819107347776609816936448.000000, 393886260609970978806332234573928809248, -530238040650301810517474226267459416960
215, 11153823780420088937497790966052945920.000000, 367879253822613174296220033414119473296, -511774550784010690830769881812833639344
216, 19083776501968085976761220642226831360.000000, 379304715580033020883493282073910184912, -552934320293863238374479227246248253648
217, 14534795809295869688770473989941231616.000000, 376370770551624679592962307626009905024, -552884328342390846779825777184891354048
218, 15984588105623591315713538460867362816.000000, 572868104134637547778430758312289585792, -511022444117759412405646016399988294592
219, 21149494958854570105452468765401808896.000000, 398275403066853736455599083698042110056, -562874689021049114678723118128638835584
220, 18115557252537393505034618268272295936.000000, 461122365046082263767149046091995535472, -510065947635550544720165438381518295568
221, 21098762925218982578955881909323825152.000000, 480024255294972374123889537941846057568, -538722621254860229016718749548545462440
222, 16171025938510234384960953957155340288.000000, 448822008455578710434260866236882168060, -553456488303676020056969386608911735224
223, 20371261715904084234395257998481031168.000000, 492932206536254009734295345331911447600, -522831108323110914924868626767702209184
228, 8778002317273764835471932329977446400.000000, 465664569124891144895621171994914227544, -476317597249198738390744131940682886384
233, 18617895296906970152671086918932365312.000000, 577080525711263610250706224955075657908, -479933330975683327934373206124063937336
238, 20151384860862284731394822773806202880.000000, 607429429881317154984317135740860120424, -516690606171441073523281862744247772504
243, 15355997349077970006516418009643352064.000000, 603147198682485572357006826245116288916, -623205506196355791590355207583330145120
248, -15224301916002914182607287671859445760.000000, 481927866419075247159262918388849665188, -529169664159731978722449374056335578344
253, -23545361604751989134166828540158279680.000000, 508509256581074535519666105581112753144, -570046180311742460290879545317411463552
258, -52814180650151649830748316987564228608.000000, 540438780123042937526707563765857973940, -576244679496983179232550996669693347240
263, -45318299985064468747044087624187772928.000000, 592915248538396485564440202118360905412, -617633456369278714403121860563274377034
268, -48121621453876342956187020205334986752.000000, 466657134175774121051987472442233640732, -650377371542462079026743968456836358308
273, -53689681077350498737518022043755347968.000000, 434395321736817751850120410329359332264, -582686731750470754587712164781581329180
278, -14319232460126709014769466984028438528.000000, 610603419701514140489309773280808238484, -491528211008091468476277046747068931420
283, -9151747211340879023786591343330983936.000000, 470103006562754488776095766832803546496, -579139277303822830843976728769050832344
288, -24270684712284312889007076480571670528.000000, 416843181594155093597315958165670601599, -608471266489053814197434154224903074155
293, -13448107932365308091105580946479382528.000000, 542014379214992066491959107455133441549, -564112813064746165620673114528255152448
298, -6212800770857119513448039586442772480.000000, 545056029372552606980504418957474595731, -550608490014817213277369292662045764947
303, 28796261282708840122493056385791557632.000000, 587053106482967055713969585315150241820, -494175861937486228174732851948864451624
308, 68678548158410765946978006234749206528.000000, 594434220583127235839741494057936112146, -523223474944644430135206414728060294158
313, 60029336784548938332669934049981104128.000000, 501814144346716518072125055462756351517, -466740907816183982318759464432200658660
318, 67144888069374737317335357583689515008.000000, 574558340113489973635143951799422936002, -468380296457697973780838073733161023436
323, 33431376818745329795857640721532059648.000000, 600184954840241903104332512420009672075, -439523424028316114319457820456182750336
334, 15839528429150953144428960378246922240.000000, 479884506054419987758354930785548926591, -533521355360047855905093035947433762658
345, -16520459594823431966775525549669351424.000000, 433033735659021802247402237326893326079, -602688518500511068596322992045075066936
355, -56861120123317760239184270890213834752.000000, 407408945423844229011808391705643384219, -629227674192250490412919880190694138606
365, -36745309990894853833997109311773343744.000000, 490760502875051381100578313113828961079, -625238923404299756022273499334449751295
375, -23255035190358162852012588239637446656.000000, 486441759380754284918422632808739369046, -621826168619188146592149767384224181670
385, -61636224209236478831678805442631303168.000000, 517147046123412486409129911646544653948, -1347892645551710079694843945790244842441
395, -112114237137073119638232904729282740224.000000, 705136528515993347230070448145955147135, -1493769723460021021277889115698868515112
405, -26540507529727445107450990673015078912.000000, 723872978385100973834476636411380897586, -1357441143642198851716945884345080144027
415, -39260838294392092294409311187703431168.000000, 661283083324821670135296647744277679299, -1543451421946458845883360286916780697026
425, 14898190034567990922205599389951459328.000000, 545663881982652381476158283428069521818, -1431446188275028264676980281794433616495
450, 107161419509531194993390814613536243712.000000, 682415988518429507994363925757566887884, -1603663317306843680110089532936824775148
475, 125342969678774519157939169918153916416.000000, 1281030475984493736516547540243811042082, -1579201950756442944757227804408248866958
500, -235313313371600541321460020322691448832.000000, 1013671276779423736519158588913264588736, -1079284047852388092568785790245211463287
525, -235179321730710050812252912281288966144.000000, 1278111184333809374448096142506490705975, -1107546665269574616149406482180430215923
550, 16167404278201541563174519798669246464.000000, 1241788359533934748592777186610711261834, -1147501580415948445929031136275055713698
575, 74323684058191183846825153386107633664.000000, 1311559927659978885585661939187907111549, -1277512205416915947313634792007778606433
600, 0.000000, 0, 0
122, 0.000000, 0, 0
123, 0.000000, 0, 0
124, 0.000000, 0, 0
125, 0.000000, 0, 0
126, 0.000000, 0, 0
127, 0.000000, 0, 0
128, 0.000000, 0, 0
129, 0.000000, 0, 0
130, 0.000000, 0, 0
131, 0.000000, 0, 0
132, 75557863725914323419136.000000, 75557863725914323419136, 0
133, -2380072707366301187702784.000000, 75557863725914323419136, -4835703278458516698824704
134, -2380072707366301187702784.000000, 75557863725914323419136, -4835703278458516698824704
135, -2380072707366301187702784.000000, 75557863725914323419136, -4835703278458516698824704
136, -7239387818239166112595968.000000, 56668397794435742564352, -19342813113834066795298816
137, -157907080750005555361218560.000000, 3943176013196153753436160, -1237940039285380274899124224
138, -6190815119749159946565208472813568.000000, 5091995552216818083862413312, -80480601307289828242222693102911488
139, -3658209147132919471351460551196672.000000, 5091995552216818083862413312, -80480601307289828242222693102911488
140, -12859046976766613298824564929724416.000000, 1298074214633706907132624082305024, -332306998946228968225951765070086144
141, -13523595719452284324036299055955968.000000, 1298074214633706907132624082305024, -332306998946228968225951765070086144
142, -9917303474990267026964326689800192.000000, 1298074214633706907132624082305024, -332306998946228968225951765070086144
143, -6303117570146883520192215718559744.000000, 1298074214633706907132624082305024, -332306998946228968225951765070086144
144, -4660627598172321901444994237988864.000000, 1298074214633706907132624082305024, -332306998946228968225951765070086144
145, -2701693987773236968395241766780928.000000, 293364772507217761011973042600935424, -332306998946228968225951765070086144
146, 1333601292368014041256928747716608.000000, 1394509784214048629020182754143240192, -332306998946228968225951765070086144
147, -227648286868933211591954209414578176.000000, 1394509784214048629020182754143240192, -74353691014218731640554455634618089472
148, -1067363802814284688856543127404544.000000, 1329227996945487020917092502820880384, -332306998946229115799904354746499072
149, -370665979873058309309412575086116864.000000, 1394509784214048633631868772570628096, -85070591730234615865843088907988631552
150, -520420782487383213389049831549304832.000000, 1394509784214048633631869322326441984, -85070591730234615865844214807895474176
151, -499376126491337407458162770825969664.000000, 1394509784214048628443722551595630592, -85070591730234615865843651857942052864
152, -25929546755865150654046011358445568.000000, 1329227998221159953588140982073819136, -11465261403079599615471642701694238720
153, -155557438241920210791375572318552064.000000, 5005374171472831319769353890151006208, -74353691014217660770169177497587941376
154, -450691490560141621781978117107089408.000000, 87209818035951569311703520062688198656, -85070591730234615868113466070136782848
155, -654601636992602596198778320373940224.000000, 87209818035951569311707179237922308096, -85070591730234615865845551814035177472
156, -196622056285703843664341808806100992.000000, 87209818035950964991753727517388701696, -85070595533186416476744880046772060160
157, -346172231042562942678354361294258176.000000, 87729819515502845193110729108748238848, -85071098790936592338350936413673095168
158, -920989987125708947181486955896504320.000000, 120972791034553629019537453736307195904, -85136793515257852821253149536511066112
159, -730437168334594699566517816387436544.000000, 120972791034478686192155493461968551936, -85136793515257852821253149467791589376
160, -858334498314127261503889233680531456.000000, 120974738145801044171066284199202521088, -85070596945606487888039905848778556032
161, -288876719338595303865140653838041088.000000, 120980516784133618354115311805755817984, -85136694126849243243057064718533394432
162, -789709950311363144496659394035974144.000000, 120980516773113461690961343930380713984, -131640302246461488771357317919502762048
163, -425381505671208960510975272124678144.000000, 340282366913196359683438100215247126656, -131640322568502199877264731367119372288
164, -152627534048495095126808284673081344.000000, 340282366922790359708428836833226309632, -131759796181270863312523231859937583168
165, -438604982290952997943248914483249152.000000, 402033993444865539896009014890299572352, -170035517722651380280784131197665214464
166, -1105373833623178779741579678547181568.000000, 121956668612856922793516348387394781312, -85107549773994725613352391247722447104
167, -131287342191171143712791488169508864.000000, 340282448050593383485527138743694311424, -172373830583184013853513683063376642048
168, -743076507672793502500090667708973056.000000, 340282448049253419049504817117700210688, -170119236941162528692377281249889288192
169, -962092246253272944485344396183601152.000000, 125666438199049493479124537518550925312, -90741174442759591997740764226909176832
170, -2776148889718337480490566714390478848.000000, 121956662865141057955332513749942485120, -172170154200510858529446220172093291008
171, -3323573319743364336772170700180946944.000000, 134169184278407990358607977455690694656, -232622067499997345963060781092265623552
172, -1894451976517562155729144509760536576.000000, 400880775382659365321029887289493012736, -297728270209721413436463847211884642304
173, -544023425424248840881868624751493120.000000, 340313813388886222184367694086591696896, -297728279263182346228069845046232989696
174, -976753281049791543047193308308701184.000000, 340282366142730823693578463584266454912, -172698008944565962681141861355303746304
175, 1856077730272733480642850887154270208.000000, 393700478428404061026294897544200930816, -170414098096210072950453559057468817408
176, 2473000398733990048778881311153586176.000000, 372425504234002592303067883573852554752, -245943071603334251306918075131866791424
177, 606508803219805324990836532620296192.000000, 372432828956991642246283907575035921920, -245937027581685814870987827426217627136
178, 2238732986569081406029468550922502144.000000, 340963429551490746581103978101821218752, -245936902659677991753729436549495746048
179, 575379835320848682742954291506446336.000000, 417865695968986430647208530460069860800, -276435602292051318990332877381413647808
180, 400470830309279066998768927273648128.000000, 337403635591596840587976031368172079104, -276441514964747919762849949167066533392
181, 1430262114062700514336993679761211392.000000, 341240891817211349805885308640327394336, -276453184934629657792786993657383040416
182, 431879071818343853748681576839905280.000000, 356200660345764973237412767074782220736, -352481235278074675674538179411518936512
183, 3923219505928101695674686738960220160.000000, 354470745017358727134906435573920555040, -276427181738197868767568033938141112960
184, 1841609928498380147131718091294113792.000000, 339892921812637557317585064987577847616, -276415229841085708940681717066695210624
185, 2470491848002056330150697693677092864.000000, 420977968048200366580676124642945476608, -278628930161828691739144476536164157248
186, -1109872862605927895171452903872266240.000000, 416043010160630521796724232201962224896, -336990344093038102339558540545626373888
187, -2846246642576705476983847802472759296.000000, 416045585915414226695067387977638524224, -352800037671950081249026206440858485616
188, 2655684689029516266409459292821258240.000000, 339829597615203663578397028383519109184, -278001126776145428355941954710286104384
189, -314727922514805511857163009641152512.000000, 379509887095608523646411836470511875424, -353029613261200716489002322755768504192
190, -173410766520613190534736493485752320.000000, 339610696453026926143269143645698154944, -342360962698825113530763538489091616064
191, 3596254452862849233727637777538875392.000000, 436113981223985407812938005459112977360, -340055217631111092676095290952806853024
192, 4075307802359887830965446854674743296.000000, 437629492278293668314945976109002658240, -362555149234289517626729432486768926272
193, 3680759162699713375962255294533206016.000000, 437929747494067546508298153402541895888, -355725537376349698822849333967149943088
194, 5641555515861321648735938540973588480.000000, 346034196397507089150247490536835573440, -345252435604687077968129742062499867584
195, 6185401636047965046487437000411447296.000000, 345991029519747371478373977869018418752, -288699297919600191667504213293784624672
196, 3400354073137194988294664088780275712.000000, 407582663787455273749684383691237381584, -356762673828135147640572450575981885760
197, 2574388905419232799285859979991449600.000000, 374142073800440912124471934293330027584, -407021142137489329014369379863071292720
198, 3162640153484620636153093413146722304.000000, 373689558769587170061304869172125584704, -405839607944405630641803482146488782480
199, 3838367750000679465548478928851566592.000000, 339043520797441546299098882427147953456, -386401308575858394228314163998256357392
200, 8828231798599867993378428727010000896.000000, 406248999886198195993143810595382780176, -373038915297378537474658800275928698144
201, 9341983614547415472907075988641284096.000000, 447619665686930158153505913368742569088, -372670794821695413070258008737272026656
202, 1573568376584495807442745113838616576.000000, 341283318795468413036919432790736252288, -506482138633256667340397045136559721792
203, 4828347866792022200211979607423844352.000000, 426235019309979812377287832894340787712, -501194950640232799111191699387965099216
204, 3555709470406446156866192492764069888.000000, 472832464977747055984783075388476931232, -501194465574445926902437532401895937232
205, 7602149630445201290770644270512603136.000000, 419373106578123362590626357610429759616, -423602819764004584025805636730183418752
206, 7450890891934926021029820046520614912.000000, 540574630707163041178676048098555493056, -505348556761436046083010000175967437696
207, 1440896076215583606166575275757797376.000000, 437309900344502253631036422910991237504, -506056768459889385246192089143157609344
208, 6859604811754783099949549091622486016.000000, 364106493083523872090060058991796576192, -493136167286314601186049923848356448064
209, 10844182789751478981900017500887711744.000000, 447964854018465944114442153016485943680, -524060738234685249022248511240405766016
210, 5706525248749321311041168023652139008.000000, 423995157393664943595935123317679293104, -494652899226185935221582029711723809664
211, 8670457003979998482881415865440403456.000000, 426800642743187836880618780735129742592, -503812803572682363213272561587284816624
212, 9885125700789785432698367622430851072.000000, 416726414540785195701760352960377412544, -498602212011442103655588267527508152176
213, 14458076607141604158318658993931681792.000000, 391489287070282239285559701487720986928, -530458738080230938264687993105882884992
214, 8909464088969716618659413300091027456.000000, 502906356920569772551243993321663785536, -518559297580930116257855188386487891888
215, 14922391923828208153584478404502093824.000000, 349063890590299578654738073509070932352, -489094424476204827492069700498426164112
216, 14291704943473005881801187771501510656.000000, 380976787543265261763376026048081637440, -533016105962198354820511816324949712328
217, 20413062144881027130971820667158134784.000000, 349344416299882548829918520614268656512, -474860967313153933086150743656590316288
218, 15402496973678677692680944883867844608.000000, 572784684807275165713426982824557660800, -553433449001116300702975375033071147920
219, 18021045391207107374360966964254343168.000000, 547292596759808463041532157144962166800, -561309184590755710794906914455422311312
220, 19167640265112136873516860501779283968.000000, 455989995806886235440649543690286942284, -503687092637432161901555939267385307680
221, 19015197007776004436190615647119474688.000000, 458230307412242181074403277764224928384, -552836781026901188154950260549096860048
222, 20039708169369961258070149732480581632.000000, 459817965060766838116230744557747433724, -552927965938702797982707508680447825288
223, 12029272718879656364587175488901873664.000000, 403660172551517410476686408787809395412, -553433147694071572649005108590704190856
228, 4845685974714450999521155933645307904.000000, 508195306593474011584783187441364605256, -477329790363940743351687243247986402416
233, 2118480290890506226928367384387387392.000000, 463736084975696877662059435014342650920, -494472484532948477796784576416447667496
238, 23436784125591938574487223276205506560.000000, 572637076936155513231493084437621701616, -479503234807804208253205574105851973048
243, 13456982367278547927799351667484262400.000000, 516475269655750309384178725699980757184, -536534457112919201515678740875881923704
248, -12771938818721354445542351753806086144.000000, 419134442149112761098751098740305102388, -534435129665844660251880169711838667976
253, -43826384198136094035873931541860057088.000000, 450701778806781267006183550171056005644, -594448141683036103652067479663347582202
258, -51328837510694633247893631348758282240.000000, 531584916942023199534434904089293431112, -536918282884213917494450902481832184832
263, -42241531010102883685545442216123564032.000000, 496419359317675368120276837123433617244, -588805317364977687562874671832134357022
268, -54552283757765337247795312041528393728.000000, 421209995290395582542892036109289647796, -589820515196063707588377993470631755254
273, -62903160660464472954644961872069001216.000000, 534006870027654682059710247030608826378, -648899210436677726091934315835042848610
278, -35748146841484046944807242323208437760.000000, 446346052834500759889827079467310707363, -535156447353945595133691006773917232070
283, -9589013524749157849848736622705639424.000000, 480638384853473203204249869892011863340, -650597424983719705598801150397886801946
288, -16937575383825133353281470367489064960.000000, 592116314082132596530621928587079542930, -444380488227569202577754033121386627172
293, -18489272976535170848484520215837671424.000000, 499744652122224782764877269976267532580, -551864842076405669983453616923987661000
298, -5435709561497410342686806882876653568.000000, 585981045737538547687436061853626794012, -567886955566290128781278463658356939096
303, 37796704695600244674123166768192028672.000000, 591399091869677742446433830224126189756, -515876672025380618254299580030746000116
308, 61887259987535886016910976248807686144.000000, 540256741021248499256667957565192219932, -502694241475319464336768476414578275486
313, 47593647426291170374032641793504313344.000000, 528071908567435683344420008506996250599, -516624800219353244280132692967615126232
318, 67355300448824071843117223890279989248.000000, 592275986127946952378043068566751421588, -446193000495563458531852334120342785420
323, 30389365560471302462690327127035740160.000000, 587019714788380144918255293493273334626, -479780583364039766607227305526940244588
334, 14627099521125836008586336871716487168.000000, 473368254679822375530679598577221311679, -526177410164829672217467834301000129518
345, -8822257002350246303883678692547756032.000000, 417636356956499912603173515948114576163, -513577950529351170714575888550661308040
355, -37627056610526809585601711845746409472.000000, 495963016656087638162291564682136743920, -617017802027079895991506315134096075926
365, -46838170142967906833148819552096747520.000000, 527068782041402363599692434121173569323, -627202445697400852704777445207731430031
375, -38445730452796289764776495252296957952.000000, 495418056165878394340793935062877598054, -679256436817035574711695433338211336440
385, -71164315504761845394396426715971715072.000000, 518378906160118960494482233137279512956, -1332076331574367474836082556952021968217
395, -55303750188854646258788867305772154880.000000, 746740421326767953981536119871158370764, -1380629642015182035576065870891581976670
405, -48525546392106385324597925718626664448.000000, 765133293024894075337294289322978426447, -1450019021682996886015356764067814861304
415, -25189520060368792841867938005778432000.000000, 679192574061615782953824934403814189120, -1528999064725990578683511651147923279234
425, 28183849090582019143128513719964794880.000000, 552684704634388791555767701427570992237, -1363223373703250879345728866800981984815
450, 108333309698773229196724950187357765632.000000, 733562251096633352562813373004832773487, -1477692099062676339050596662409101109407
475, 101799228325053653101932144767640010752.000000, 1103370049863612786812116130225173191769, -1587984548113741266412534386977530934156
500, -253553220679949265313789147372647874560.000000, 1087506584074017493846921565358171227261, -1284140007333356365581204230848238114057
525, -332618690215383362529068998783108382720.000000, 1243947189053849055917311262485336753040, -1340754242637686019078706406576942127918
550, 103730054826771903461715311450109509632.000000, 1306490837985088067605456436191216733127, -839123233603701303167459525632305700139
575, 39187647662847589223761212526938816512.000000, 1472991056117393365694549471420714333030, -1335303964167139221853448643091265153324
600, 0.000000, 0, 0
122, 0.000000, 0, 0
123, 0.000000, 0, 0
124, 0.000000, 0, 0
125, 0.000000, 0, 0
126, 0.000000, 0, 0
127, 0.000000, 0, 0
128, 0.000000, 0, 0
129, 0.000000, 0, 0
130, 0.000000, 0, 0
131, 0.000000, 0, 0
132, 0.000000, 0, 0
133, -2380072707366301187702784.000000, 75557863725914323419136, -4835703278458516698824704
134, -80120850339987118106869760.000000, 4835703278458516698824704, -319911995015521245356621824
135, -2380072707366301187702784.000000, 75557863725914323419136, -4835703278458516698824704
136, 795958805993081137952456704.000000, 5091995552216818083862413312, -319911995015521245356621824
137, -3546497228635103555485696.000000, 3943176013196153753436160, -19342813113834066795298816
138, -128454743528806216961622016.000000, 3943176013196153753436160, -1237940039285380274899124224
139, -3353357438478263899665872241819648.000000, 19287000644964651175929446400, -80480601307289828242222693102911488
140, -10069950525563521809291515122417664.000000, 19287000644964651175929446400, -332306998946228968225951765070086144
141, -8229815311564067015328962847965184.000000, 1298074214633706907132624082305024, -332306998946228968225951765070086144
142, -4193056170113924921529654667378688.000000, 17864959056995140537743966602264576, -332306998946228968225951765070086144
143, -2735005424204949609263522660745216.000000, 1298074214633706907132624082305024, -319929658485600536349737954972794880
144, -3845130177827713182563869436936192.000000, 1298074214633706907132624082305024, -319929658485600536349737954972794880
145, -2742017919735281407313606688636928.000000, 293364772507217761011973042600935424, -332306998946228968225951765070086144
146, 80912893964696126076166137435914240.000000, 21267647932558653966463164764299198464, -332306998946228968225951765070086144
147, 982437729552035004285411318038528.000000, 1329227996945487020917092502820880384, -332306998946228963614265334325837824
148, -193335667701294916866510241677705216.000000, 1394509784214048633631869322326441984, -74353691014218769420930848172258885632
149, 197732038220588603191410232255315968.000000, 85071495765415795310032257162546249728, -332306998946228968514182141221797888
150, -24497036300263139720200374921986048.000000, 1329227996945487020917092502820880384, -11465261403079637394187332876742164480
151, -22980595290234752536965256090484736.000000, 1329227996922459581354999395347595264, -11464591132824766718107464277036105728
152, -314617282713751687842124358720946176.000000, 87209818035950964848793712748109234176, -85070591730234615875030713622801154048
153, -16565892043033103663454611736363008.000000, 5005374171472831319769353890151006208, -11465261403079675173370271513129779200
154, -200946824302921047644991487389728768.000000, 49409896905819837564771460849348771840, -74353691014223756164711445091774889984
155, -329749026113066286785179931000176640.000000, 87209818035950964848793712745953361920, -85071078512916541705620360742502400000
156, -644318343558906822859430151554334720.000000, 120974738139280000271463877358092550144, -85070591730234766967576449318974914560
157, -294088058524112330959156377401950208.000000, 120974738139297829556869839541824389120, -85070591707332725120612550240599605248
158, -584873070242953627900953526102130688.000000, 87957508783541289683328364957334765504, -85070595533186416711332881006808531456
159, -440584334442383124163304561596956672.000000, 120974738146243405918124579168698499072, -85136793515254829324816581385138470912
160, -517685066280220369178075139066036224.000000, 120980516812611485728467712953790234624, -85136793515253620417610203278397669376
161, -822517801970790923755054981240061952.000000, 116972064581130703428068968400917889024, -85070419410144098801448256636298985472
162, -42363652142942099772746333228630016.000000, 120980516812727138858959955842254372864, -90382635938990342533541593663205081088
163, 233644419860237946633402899398393856.000000, 340282366945561708711910467167420858496, -131759796181338686826515247726487502848
164, -131906271359219948492879828921352192.000000, 402033993448576329278093785389827391616, -170035517722309768940026694827321262080
165, -623600717620759725377945148508340224.000000, 402033993448497379675040409617145184256, -172777698956474831375867620558031093760
166, -844340748688160811670764241157095424.000000, 121956675882095390873274425032190984320, -90553657179282735620639694349962969088
167, -695885870131465632673570196094451712.000000, 340282366919081748310184883617202880512, -172777692883117835576958420529134501888
168, -1673471629329285224651768661616361472.000000, 121956668612827787135913161393811701888, -85090832865032771049874586444016844032
169, -1058413695476157981568876078725857280.000000, 340282711155220608520360712607864061952, -170359290405582197063187623596537356736
170, -1085659476319994967160454311187578880.000000, 340282674967962487862200470364512649216, -170359371535242908241937081431349637568
171, 859346905918173263746368419840131072.000000, 340365633259836207175870144991457058816, -170530554053227244151189632163716993216
172, -2776209302865645830606203127823597568.000000, 340282366145476617665879717473544433792, -297731169952210519463003971790470938624
173, -2603722121886591539590428287656001536.000000, 340282363855745768726241658360269604736, -297728271746758076682150133071352659968
174, -616227948095162789288789570568060928.000000, 340282361837364104369902587028684900224, -172698130470673159230715621431381621504
175, 2196021276892817599791553270624813056.000000, 393700478901956619904866042431803377152, -245943386079611433378053757109541551616
176, 884844012827452911953144628169932800.000000, 382184500195648973600273195306476797952, -245906891880596713297933038273809812480
177, 1336744436810772824013097886390681600.000000, 401417533410009180267863514768229843328, -245885798301196180017452921375338865664
178, 834356641461255134828298516756955136.000000, 394335235474469746835699252831259934720, -276099557815946273135390052407708557696
179, -113349001284229743533653424284368896.000000, 340940551083344753480716871772808421312, -276434629383358806696117276994097265616
180, 499367575270525420056628951259283456.000000, 340890341156517329899110841015912962048, -276441119740277983803425276126218308368
181, 1316623696835294144077014808934744064.000000, 341677585692727163522725850295361512416, -291796274206090172447939675485852495360
182, 15023496535357557204550869571338240.000000, 354468196727913844323732507539393788960, -285574198977955025737616052156869150720
183, 1733902141054886082983088639266783232.000000, 422624681279524170936400192861139737344, -277878699779035019116729468829242174272
184, -1032576352450925658571576113224482816.000000, 340288493940798779329915642939357306304, -277106222073337205092337016636857814608
185, -390117569426673782995464771973677056.000000, 416027096857034454484180599425721546112, -280630539602625451026510809398197459584
186, 1968965965762681587039332721886232576.000000, 343765289587929500693472075277342346944, -278034298058488210295649222539427284800
187, -1186099904903860418565327921761746944.000000, 416043010581712603769502290159682729088, -350809790817417719006456944852935016304
188, -1388351710801273517873148943837167616.000000, 416005354416668625893850887576472524096, -352796735302016883917816167329555315696
189, 1512814051164477459035074344481980416.000000, 340873462313443439584269069238283496896, -340592424515510784099772538375766043040
190, 2697706935439463739786239003362066432.000000, 425738477754418437504173181246710981840, -340119323542992583205653473904920440992
191, 3873611555555928414202706618767900672.000000, 379106053631030121064291050308803967328, -340391944205948372852117976693480149440
192, 6181392758092235963169294748085125120.000000, 349597834762043115640040448087392468720, -273928669346622384744423831238254202368
193, 5542267511289938634077265358437220352.000000, 341173540374756165600027574757264447040, -280058920138634527593753366516016127728
194, 4052703846593517498284247547304214528.000000, 401756028381441958104989333981665626320, -356732483658536013463265767225071454528
195, 5918055584518172772129310284894437376.000000, 377561012651349654348036685334136036144, -288156950050024541721350324464221022832
196, 2722768857270707743073646967672274944.000000, 460237056395456175631480553489633146880, -405165014033405830100230697919625361456
197, 4168337857459008344213615616729284608.000000, 472896382957528129011662057471192303616, -279822280189798389512676886346273685424
198, 3107073733109559427987587436879282176.000000, 374088953632883400762977103580679197888, -405841637969430273881365406787428036240
199, 7611080883817893037127258412930826240.000000, 406220002097478465163773130924335928160, -279804688257231625754568864887094365552
200, 7855905368665197389375911993291046912.000000, 427316928873331888739003536304120663888, -386938897338506150692514074622844383248
201, 1121531528443762710024710717410639872.000000, 339782817812328053792408046970821342864, -506482253822407573789340960760588799296
202, 7270999365077790056843161223705919488.000000, 381871497197478921138124694906993653952, -407263682335101809759081504960999076096
203, -281069573759309380608094272820871168.000000, 354261775417060268681098029572463253216, -506483312952471264608686419297125067984
204, 3358755490394211714110764268994428928.000000, 476727993412672414973591616991123711136, -501195073464896943030631252457782187216
205, 5371668440727674426766241438657150976.000000, 408843009415799286031270638198866569152, -501196591961023474158394621727913409744
206, 2467567163220328764518780524254199808.000000, 408719903104943825097445804474088826432, -501176128290350779647486585895169424592
207, 6740456252092129882189549688038883328.000000, 342294926723876780932273314971483589792, -505979750755945097150649465952276203392
208, 3938661856044176348352241283362717696.000000, 335232352660695696361379895332599455344, -524248554573848053522063176039684392832
209, 2600925346182035883162068069436620800.000000, 392589595689492846067453174452917857280, -479710495773109426455649464681687771968
210, 5668955850819999573137175076851941376.000000, 424481886544131422178283569994702920624, -524060698136930489700174675767014280064
211, 11013650175626763460427973639295467520.000000, 425188058209186424078291618686576009392, -524058750645764650341473844516762587008
212, 8918514087038590535109935618674655232.000000, 372389853256619225419409316671354037792, -497370385963012230316553013028858312624
213, 11615757513288735067155847087663349760.000000, 393631131075145452363624971069071984112, -492701993012511793046428223039124010384
214, 13337691886189041511927531742720688128.000000, 502882992319633478490240311175999609376, -511240596711939083580279999314699305840
215, 15368984810704741041793131157848588288.000000, 506422326196784443301754108715509709552, -511748667864354515443051905239237880752
216, 18054650132183160933910978693592776704.000000, 476635717621371865392928803047348545104, -553100638500044618601179924648684619968
217, 14944296141313299379990474419158908928.000000, 487800685986190504117117685447207234880, -474523436501898242022968230213319121692
218, 11889274266625672971279132579170615296.000000, 379088462670031661981923381265505385164, -476057585903689004091749812016477630492
219, 17801798298818155247725749261532397568.000000, 359134649968098220790401164231508183680, -476515010391684366921983291024532927216
220, 19422217238248412043002632577398865920.000000, 428562211332487494354516382500368427080, -447111153478632216642339068499450375004
221, 14598215684200629803500756028975218688.000000, 351655630841959617651630400670248208064, -482512108634602860603581595497767917296
222, 17418933266273366535502898854094700544.000000, 478941693839509082640136496734037365808, -524923582171236584428849321397083311744
223, 17173447211007968679722131486698110976.000000, 513458000539145510397238834644371581180, -508601753561769259808177625736505361512
228, 8090871305228205820572769558651207680.000000, 536341453968795126005867497623463602128, -468172016696116208874829947244255813116
233, 15799246682539294674692492145998168064.000000, 607006134563622337767316722512081174644, -525020394376103043975181801999398523712
238, 21617633244096400580946522286308982784.000000, 395514018303035281875215729944427458016, -471642723615301028779605989927020105176
243, 12247582273206900032374194361111412736.000000, 456879975344550445229133621804482516576, -533335351492844054580894616422326916280
248, -12112436736438306727377079205260951552.000000, 537835475758665039413921011933002481168, -556497281004118710420272454916373017800
253, -32689163300678303708034798621917446144.000000, 544779384855203941704198230747027592564, -585234970507085067754116473481075115220
258, -44748620421436582742499881167460761600.000000, 496369607839242549873712499877090726216, -616551353505290143671014165864948299180
263, -52519818879182285516477152321794473984.000000, 593997286149604283186329516030199510708, -612599141830173794424546565862991104030
268, -39447534559659784504308244894191714304.000000, 497277872887156825983368604521770162328, -613496701494544756605733845764501945862
273, -65531307387900875019524287985684054016.000000, 434396544205442592531745522434950247464, -576539039982760871895844040760907376744
278, -33382677210501779768858312259101786112.000000, 574522869509388185396561540903394588856, -502827441578442197434696818564856749632
283, 9335850618526871803272852100272357376.000000, 574011761496473389967806201425331849875, -571123802104097247127414913658582068696
288, -22344474051292577019973892387542925312.000000, 561125788350007265928749995268264607639, -460678497146361940788738282881291030640
293, -504677422387834723584425833181216768.000000, 540014496458090813974727868008312374227, -520071359690669261168952101272614906304
298, -3025822082527114991257756765559717888.000000, 582079242529674035775324470849317238812, -567762431636315915048713318571278702872
303, 25724323044153204500519597909942992896.000000, 590993309541261173682965272305075341732, -511329262143862957070166312419225786079
308, 63639260946935820151912894215703494656.000000, 574705580458382968976132735774838307612, -503962932653512134937585218954766594702
313, 54725603240727745316575561369138495488.000000, 602969887276121563548567044677836995346, -428667200210441481368668955563345862194
318, 58597248025638043992885738603099979776.000000, 586303960541963293908411552284224917378, -437220559949018088878295001984840101836
323, 35910719791157984060000213042064261120.000000, 573605606180082277275067992767173597949, -440688098691370203320184866329000603161
334, 14252727569508075518136448998654869504.000000, 554318386389642587455702276091469597551, -479740805441839361370916771173803877336
345, -4825763582429139187574845569119551488.000000, 461352129350673353392131952759684286335, -490242303139043478827826462095290742359
355, -44521220769328575435713365855696846848.000000, 554172093820839809495770854350256024908, -577137299477957022178486863537620836270
365, -15975485348697932831466468757991325696.000000, 659133467384706296485221772573766898205, -719784605661619590891168504861391047800
375, -6678193107158716257687440670194663424.000000, 651139204984932680474150846894258854244, -667776906187775051717485310094264139024
385, -19703540134150934111231350773112635392.000000, 802291431393099083520696051614351602441, -1402756179756711306521810271613493056379
395, -96622095711436670124107634517427093504.000000, 664852720208587729028029579421857548284, -1454873502780748375299250107544874273706
405, -43585023795987177427207629177008160768.000000, 733613592585859274709775936936519914974, -1391092166298944845739919705760200211181
415, -69392450245195513479672334483349045248.000000, 573832142821856988597573638300319684990, -1429031150660328266683629406778517487865
425, 20623598922003655899497590492372140032.000000, 976841196613544176539107036456288243380, -1572579138825511746570013443458061622413
450, 134691155050487538592943327726377369600.000000, 1131420610171527180837588033811125342561, -1483201897191323617970075453801103985659
475, 117363404367551693919078406712421515264.000000, 1178758124178728007315042928233108037101, -1558575308364131290565567948106947999265
500, -219307656725229551825797925652851064832.000000, 999880929104993880624143039509724967741, -1143002111219147741455826693702736605915
525, -256233980422388792744044961587347324928.000000, 1250055593015126098389289723374654400123, -1080797841682600046984002289324524733707
550, 76327844173367007583895890669042925568.000000, 1514067986991635401765838836235926031834, -1055349595858824254646680392544524776901
575, 138262278303028833360340348539433385984.000000, 1374676704486150231342514185198548920754, -1186335809616073161554653885202220731330
600, 41017727923089667284330674256871424.000000, 380367601903388017989636332102162006772, -368091836728584535114534506410534667865
122, 0.000000, 0, 0
123, 0.000000, 0, 0
124, 0.000000, 0, 0
125, 0.000000, 0, 0
126, 0.000000, 0, 0
127, 0.000000, 0, 0
128, 0.000000, 0, 0
129, 0.000000, 0, 0
130, 0.000000, 0, 0
131, 0.000000, 0, 0
132, 0.000000, 0, 0
133, -571406344427227070857216.000000, 0, -571406344427227070857216
134, -80120850339987118106869760.000000, 4835703278458516698824704, -319911995015521245356621824
135, -80120850339987118106869760.000000, 4835703278458516698824704, -319911995015521245356621824
136, -7234665451756296467382272.000000, 75557863725914323419136, -19342813113834066795298816
137, 681575612697713741458833408.000000, 5091995552216818083862413312, -319911995015521245356621824
138, -127713889766873221425415585792.000000, 3943176013196153753436160, -1403575493555235078808470028288
139, -18461576916773230784615101310697472.000000, 19287000644964651175929446400, -332306998946228968225951765070086144
140, -2328897271986512503133675131502592.000000, 1298074214633706907132624082305024, -80480601307289828242222693102911488
141, -8068445937424877914587688826044416.000000, 1298074214633706907132624082305024, -332306998946228968225951765070086144
142, -9659727880715001724426956363005952.000000, 1298074214633706907132624082305024, -332306998946228968225952039947993088
143, -72605843384599995590744876253184.000000, 333312879697510068256039399063552, -5192296858534827645981944885280768
144, -4071314254819605961873439911313408.000000, 1298074214633706907132624082305024, -319929658485600536349737954972794880
145, -3275330732296938394833762624995328.000000, 17864959056995140520292518046203904, -319929658485600536349737954972794880
146, 83091322931538209729018194267471872.000000, 21267647932558653966463164764299198464, -332306998946228968225951765070086144
147, 179121222045802498606255679995904.000000, 1329227995789522541407846399186305024, -332306998946228968225951765070086144
148, -203384826694637395385992820077625344.000000, 1394509784214048624408496735715852288, -74353691014218750531464916693678030848
149, 200022864947812345984640950195978240.000000, 85071495765415795310032257162546249728, -720234491436182735151268337830330368
150, -347739703902617040574274636141821952.000000, 1394509784214048629020183303899054080, -85070591730234615865843088907988631552
151, -23515624815179359264163818058547200.000000, 1329227996922459581354999395347595264, -11465261403079599615543700295732166656
152, -24789369023510641355585278374313984.000000, 1329227996917623878076543077135155200, -11465261403079599615470516801787396096
153, -164055520823087944539728149728985088.000000, 5005374171627573831597555452154478592, -74353691014222496473452139613914136576
154, -619612194144599972612589480996503552.000000, 87209818035951569330150264136953495552, -85070591730234615872797491157578809344
155, -299962075011451058546546015117246464.000000, 87209818035951569330148047519350784000, -85070591730234615872797772632555520000
156, -40656968648596985514805044461961216.000000, 87209818035950964991744720318133960704, -85071098795435402029391380367608643584
157, -623777803798830233684716309325021184.000000, 87209818035950964991744720318133960704, -85071098795424125128042080736543768576
158, -783996270420165229539591597460553728.000000, 120974738144502239848784690207530680320, -85136793515254830506912263708851830784
159, -724202868886070130502279579490582528.000000, 120974738145889361751140462495027167232, -112652072643871745694369060217424281600
160, -320906949638392029569513090239692800.000000, 120980516813363331325092836454995066880, -85136694126851920234989387012889378816
161, -631020230969853618699196887113662464.000000, 120980516813363331324847390275294986240, -131640302243971446034388206479917547520
162, -498920948831802844906082922053763072.000000, 116972389095233333085620103639975591424, -85070419321012416342698991493789974528
163, -265109368336442242596560930061942784.000000, 340282366920432983035644834472980889728, -131640282122323772785045626233108414464
164, -212924423689518497100241233424416768.000000, 121956668619122626442407272626547064896, -85070591116484398381404944427144839040
165, -157743347149812927623971714025652224.000000, 121956668613445491014241071893590835328, -85070591725055975416853446913586889728
166, -635052862461405933658157569905000448.000000, 340282366919081375581079973371850964992, -172777692873351229771101273949321887744
167, -908320448011233973981477960362754048.000000, 121956668612911513485967334540436963456, -85107265820850078752525956823544496128
168, -1423975601193195111679111703581163520.000000, 121956675882090597838200809777327980672, -85148330856841604825844817788162539520
169, -1275555024177694323915489946323910656.000000, 340281721375425238043764591046119095296, -172170463673698126921191517759349979648
170, 485166664400949598172113941991260160.000000, 340282715532873928234162309958878429184, -170359290381859141226024779691117973952
171, 603111959449045108059943574467248128.000000, 340736633986080541047004950642173026304, -170676040872303569604177183632804843712
172, 143009597257738316379011999005147136.000000, 340736631581504878836219803397908791296, -170359565372144654542484262033943554240
173, 723443899526187463701551968421937152.000000, 340739146053629997437621707664694640640, -170192438322234459126493045668813412544
174, 316186310402880086027852855338074112.000000, 340282430883349153220942884715297900416, -198096445660237016492631743793281007616
175, 1273601283343746381813214896147398656.000000, 402122920013910426291125849317391499264, -298570445564224988679526978282403315712
176, 1249208996422600464256243189759868928.000000, 372432828396340997484456949718248371712, -245943386115225384138245677994816585856
177, -681692930478158698635515821482311680.000000, 340277302798457138677979368928606884800, -245906756047857688718309735252256383488
178, 1124797710793181296124979475145293824.000000, 340775770897323992451433264322518979328, -245944847014653360498455224202109795328
179, 1088286347457464411756985135663153152.000000, 369839045596419042666085774490977560640, -276434305043723397423420838507095723920
180, 1382899072719798285378958843711586304.000000, 343229428418644705363150551478732912640, -276435118240505260766922849176155736976
181, 2473666593072607477498338419853492224.000000, 342904695474823254058191322083352905728, -276442946119037711186052529341724347536
182, 2994008515921583294950268707568353280.000000, 417864245424367237907253701425589778368, -276443550785891814989525415836304134544
183, 1801374891363308155163352963106209792.000000, 345604761039921362847369247546658593216, -277105893814811340650731503655328253712
184, 5214576910052052347942396679631667200.000000, 429335290681563482048036879507856932864, -277878570216176890254975537733992098624
185, 549952883690321915784876086439968768.000000, 417861517912027312781180858494717262720, -280624398417990685473989417233370944128
186, 623461392939751913073355859068715008.000000, 416008722743287138641464925677135674624, -312936874684951184737307939379898753600
187, 288875831394595087548242568281063424.000000, 416043052971517588474491873930187093312, -352796606167617938573170715770207241072
188, 935901535740810648923374290577915904.000000, 416043013219849841533778199137068425536, -352796663687882579263854241342427333616
189, -611940562247681886842536934672171008.000000, 341815076837383579207679229868706780224, -341804776856948545074245580105213766176
190, -1481384247123636955370978587336245248.000000, 339229436861135480140931983704698724864, -361673038829669048674137263613936214336
191, 543610047574372680311914834924929024.000000, 339477255179716983772894292737280733440, -342350130301716167174440595186794339328
192, 3392257939089477538212379553815330816.000000, 440858371234326109848900762195976328400, -280026112886267703790127367188471755072
193, 2523192055077404981815091604679032832.000000, 438016270728736516157951741703497513152, -349493476515803620723993359939446492528
194, 4131895905511394434853593677320683520.000000, 343146013324394361562627736438543929280, -253747379993153778723162733998418001440
195, 8461461828272781918194456658150686720.000000, 344202866272356228895191334576628338624, -238664138101521629014885375295861181056
196, 5143562995066359781557999176421212160.000000, 398681247301777746837035695277947280944, -406091056514418823085476679751080153136
197, 4590444822431014392621220631624548352.000000, 468249298655298828507955670711576242176, -405933153080954161484905330911596801664
198, 4559709086449310729424352897140785152.000000, 429946199623791032587983893449186746176, -396013599448360657436841910638732307136
199, 6745728551156090911984492376122982400.000000, 455447213028977317172502482636907463808, -347733317663973778905171420012365378496
200, 2088074599408072282896187674368933888.000000, 341746640503732541574373111519048919216, -506482663488080226071558385284775582016
201, 5187624376682461989345208729824395264.000000, 389701157522719073712184315202038695440, -428248230177694388948938137577400905984
202, -537080367577030882505001029418876928.000000, 322066673031818588129320675685486677392, -506489018101814875588518029128105679040
203, 7456531684475998859066887703596367872.000000, 423569465663928320320658553583171109504, -431542853971331206609329563991111536768
204, 1409267808650805903565435011686465536.000000, 402201581678069818891619242920585006592, -501205624227648793045984789811428671680
205, 2113093111220169225995614615288938496.000000, 360833893305728328213467144605155481712, -432344292358930293996204714840183277440
206, 3932206426588143179313659448322424832.000000, 410759985795601588908283218445655925312, -523941104983216399442219790212964406480
207, 6851161820517567454233202256764731392.000000, 409972461511244929822921439863471996544, -507593344331228210718556737227889857744
208, 3979193677631446015711828147341099008.000000, 376274420746013631585416202742288659728, -431494366091012113985554267459648175760
209, 3311324532105450732508908561239113728.000000, 369621611753836089351995597019228600432, -524250378805220522035917069664288658304
210, 5036427893860533241923715901994041344.000000, 404338767924320120099158293406039691008, -498724712130033166439359843880666111776
211, 12233507262859425650015550268288008192.000000, 424480376133173117003509266993673681136, -524058874130388876344088389831992447872
212, 9935132785581586549475501230786609152.000000, 467421008534887721941445525781357977936, -530009604422710541085537365800745068416
213, 10356459527013104285698120205035634688.000000, 460090262438784207154474550139361372160, -503773696118381340847548584365040185200
214, 10813899076202229236628682928417669120.000000, 521824126196628400905723070346483833376, -511647703334395737909312556838177647536
215, 11764355209016197195723716080990945280.000000, 421449454433244802097051045683388815936, -511188864530884246892590705215858918448
216, 12054964877105582463600830505480617984.000000, 521521361123603803081540700826555610688, -511445611334794463888966668823040185800
217, 16670931901899868323258916851958153216.000000, 402037795347829005012228709559941046060, -552936154356526730065224152699224947648
218, 10465512315013919605854783216900112384.000000, 582305551083976624564089628878951434304, -495600237843070469594361759943962815040
219, 13315339842745501330752692675848175616.000000, 466454118646733046972499799972997259312, -522072359804207729710095211578800222688
220, 19931343743136948518288257117744791552.000000, 477809800810243161753867727648375242864, -513846457777670762639083834573074870688
221, 18527029598664041212473506511915581440.000000, 479055191641106219842117288281778635824, -540519531212725236241912810022362880936
222, 14160624693368467447650697329858576384.000000, 367879550389384590406641193613726356080, -552873978926870729399888763182828136904
223, 13354015718790385227822662981492146176.000000, 496187342356545240242990008006298592016, -552869753182032273064420269476530633336
228, 13798923329670945041157759084208848896.000000, 513645927360155137937569569974552111736, -496009570598797775243452075437455493992
233, 22189864196939779735437120179714129920.000000, 578316644839864946822251452563174645940, -462319043180385972561179204498876835768
238, 15773127876737373514206025519913238528.000000, 446878908495232801844882510133664442728, -475652714143867859122420080998073847816
243, 11206903974532202605538471228532064256.000000, 409858413127062502695901724773609919340, -549970018062985533291824346890476377208
248, -2533173594353612960508553846897770496.000000, 593571900404205301911596777245877324296, -542137030313751234423106815499903157632
253, -43918967198959612311012072681159786496.000000, 418143427512094108802748001736092677924, -542252672966371860546755989886080047484
258, -45537004683795116022511828167970258944.000000, 544344907967413667843022619056563183944, -583073131269918777246416545474058807418
263, -42242804328388157180022998890618814464.000000, 511138374389952432378915281153508302876, -612352983896781523358222746172771043486
268, -45673494386352117766105657903597748224.000000, 593709775339641895958768059911663126488, -634637786817176380688381610409689389728
273, -74905155764558331272452032041804890112.000000, 535162140594403664201944233661236973578, -648436434949331771686527359465368154978
278, -23160668157983004921266683061288828928.000000, 503910621748321675118820238074498090068, -648444719691603421102520581035689797530
283, -8008319772167221928110340985256411136.000000, 558700336031640670460740299679024372036, -539973669485656453050620942930538071120
288, -24869693331474484608543614956520603648.000000, 560793176445081216334249866320051314583, -460878450988599544538274885755473033732
293, 1211294200215019025905527308848988160.000000, 581046207657631993482461966744336142636, -539982379163977645079485458746816289098
298, -15402752678066482308134090921245409280.000000, 552416902810796059883869554629212537747, -552092626450306277056639101442581579080
303, 29198566077276154343308979577651462144.000000, 571271565507362349684530554536353042198, -532304554352500404984225035787489590360
308, 63128811520756698293214499741865345024.000000, 524101071040606129020349416949830970376, -548622034811494618622088987885641743310
313, 55233691496672227466969040176478683136.000000, 521973600360317901169500469188221850582, -430022851117874187241944137616131563058
318, 52067098654181440191296197134416609280.000000, 572338187011154704241405378303003840898, -468378189953294822013460064265970878776
323, 31169453185137283079551076972340707328.000000, 586810684685584449394251615173118702434, -420292436858525011663116569204240964156
334, 19296770626155443616817215490588934144.000000, 575245512180893511633027874172403883183, -479753527832349920918325282364866932952
345, -7215854282547371571463319261764648960.000000, 487760223258129840527718110851877100705, -543724539787598917136841801375602397498
355, -60018909213563314953886892482032041984.000000, 439317120734168925581462406728323550491, -619042039913196224674329853973075636190
365, -45070956402739607370490792570668449792.000000, 566532806298796920157625119567878715446, -663822502956090500312744408977192871800
375, -30731243931281646176962404791013605376.000000, 479930266699179734576631519958925215529, -669674129914144737590635565242152110407
385, -37596392037116710593803667465750708224.000000, 493759942675033403892478793232504453796, -1157409383743729826792585182946514975497
395, -76620585200061738807440989678448148480.000000, 792447353258795823211300897183619432063, -1538833717045153704361330729442622950029
405, -11080778806949532025997628557804699648.000000, 857954135874327666310518484233813493887, -1397486071902926601409886114891185418399
415, -33454936330092801393412929183314608128.000000, 609562708040759512090822429305855298119, -1472963244111533205378346356878781274318
425, 19992244050681858021249969413888671744.000000, 552401845774449650052581261061722583149, -1408942163845952795061488399433998877713
450, 155054539724705591616053970898394284032.000000, 799408241737028445919768033492802978546, -1255015867452082823266560017719252757234
475, 75808357680473325127508839594725474304.000000, 1031243418682730981003207235682706979079, -1422994447282705825045448690018259972646
500, -233462944372591983822986928074669424640.000000, 1061271624008875748345640295377853330048, -1075841454497258895125648930310947753658
525, 121245303097812990161980823326699814912.000000, 1341029453953718752953769501955468954157, -826315091224079185308429721188456876417
550, 17857378734559958661123899264241500160.000000, 1343952842564211820354674645112345421085, -1316155684743460008187902283329285167161
575, 66441845020928028060345411059970998272.000000, 1476042445611270950453015260203069107840, -1549399436391058282566377715326194331909
600, 41017727923089667284330674256871424.000000, 380367601903388017989636332102162006772, -368091836728584535114534506410534667865
121, 0.000000, 0, 0
122, 0.000000, 0, 0
123, 0.000000, 0, 0
124, 0.000000, 0, 0
125, 0.000000, 0, 0
126, 0.000000, 0, 0
127, 0.000000, 0, 0
128, 0.000000, 0, 0
129, 0.000000, 0, 0
130, 0.000000, 0, 0
131, 0.000000, 0, 0
132, 0.000000, 0, 0
133, -571406344427227070857216.000000, 0, -571406344427227070857216
134, -2380072707366301187702784.000000, 75557863725914323419136, -4835703278458516698824704
135, -80120850339987118106869760.000000, 4835703278458516698824704, -319911995015521245356621824
136, -63248543251666304487129088.000000, 4835703278458516698824704, -319911995015521245356621824
137, 954183426536005662203183104.000000, 5091995552216818083862413312, -319911995015521245356621824
138, -5748614127926997089149491584434176.000000, 5091995552216818083862413312, -80480601307289828242222693102911488
139, -19547552870670779201588081788452864.000000, 4984920614584231748287070208, -332306998946228968225951765070086144
140, -10384636361215528906978467535388672.000000, 19749012189224582198000091136, -332306998946228968225951765070086144
141, -14033920086575485638725824130580480.000000, 1298074214633706907132624082305024, -332306998946228968225951765070086144
142, -4682920282392895066802002719670272.000000, 333312879697510068256039399063552, -332306998946228968225951765070086144
143, -3416844487105103056551109344624640.000000, 1298074214633706907132624082305024, -319929658485600536349737954972794880
144, -4089759163583773047502681717866496.000000, 1298074214633706907132624082305024, -319929658485600536349737954972794880
145, -5316484885058609036775147006066688.000000, 1298074292004959074238515111788544, -332306998946228968225951765070086144
146, -1926768072811768329353514530635776.000000, 293364772507217761011973042600935424, -332306998946228968225951352753225728
147, -230859730272857724286834387017793536.000000, 1394509784214048629020182754143240192, -74353691014218731640554455634618089472
148, -33985451579495685207324279871373312.000000, 1329227996945487020917092502820880384, -11465261403079637394187332876742164480
149, -376294209250182218706815385073614848.000000, 1394509784214048629020183303899054080, -85070591730234615865843651857942052864
150, -331531419919368714948820199150714880.000000, 5071427067049487954910739622097059840, -85070591730234615865843088907988631552
151, -25521854744556480520889126241697792.000000, 1329227996945487020917092502820880384, -11464591132824766718107464277036105728
152, -324116897531590749397312088578195456.000000, 87209818035950964848793712748100845568, -85070591730234615875066742419820118016
153, -155797938261654460294465612213649408.000000, 5005374171472831319769353890151006208, -74353691014217660770164673897960570880
154, -731479658501407265591891292650995712.000000, 87209818035951569311703520063225069568, -85070591730234615868185242189198000128
155, -468883492623713896505905648007905280.000000, 87209818035951569330150264136935669760, -85070591730234766981607695433561276416
156, 83760840921996972660720300392972288.000000, 87209818035950964991744720318133960704, -85071098795435521273756758844577677312
157, -158286722285590066578320532038483968.000000, 120974738139279993164829017471167496192, -85070856593832966112048144356656676864
158, -508144777253147817458778612674068480.000000, 87957508783541214125464920517990154176, -85070595533186416711891327360602472448
159, -525347489155642186465065938024660992.000000, 87957508149957734574575867478136324032, -85070596945606488099053730493410836992
160, -588467371870676239235641451133009920.000000, 120974738146243405897371992085786787840, -85136694126851843478065200523920801792
161, -573426334622688296887163478746333184.000000, 120980516773113042231078285427986792448, -90397796021344057383620413202665766912
162, 615035180513043093143096423088128.000000, 340282366918457604389232364540829614208, -131640281964051431786339596541593239552
163, -395513558261283850069691316268171264.000000, 340282366922790529575343749890045886592, -170152866127911793621890162079981109248
164, 36592187693403113404590967379460096.000000, 121956668613525269202573910990342324288, -83741323296009332254801247911857358848
165, -198241713669309388736692575113576448.000000, 121956668613445510599021409014449176704, -85070591730776246222700240314136790016
166, -1263655890385300004876121114700414976.000000, 121956668611642109213613908796058894464, -90512078313869730961801336261905874944
167, -552915055396406279266860164475518976.000000, 340282448049338946956646074882292105216, -172373830587900101482097086673235410944
168, -1792681396657453470919751176487436288.000000, 121956663957770024193085655332116316288, -90741174443024433467670729535804997632
169, -2818732964722791652315663887501361152.000000, 121956662422458581882538716487687553024, -172170062984019133817002459683052584448
170, -2514825290119043711796885607025737728.000000, 121956663102834158741263468198392185344, -119630792085922796131116577682979364864
171, -660685258150106544598182818765340672.000000, 340365790024485450151103392446093393920, -170359270138444410777271369990644371584
172, 807563329161347836656377326649475072.000000, 340738748451537475527395107907548151808, -170187965140284087367397428898206781632
173, -507486052934828238937709842985385984.000000, 340282361872617777296432192195224258432, -298572717708428307323731687215200763904
174, 820816430371332242219994877955932160.000000, 393700478780896605859114731038035088896, -170141459915133700617867585780566691072
175, 1938412931315741882602337432336596992.000000, 393700476496552504914351225481151055360, -245942747411455053962027435630742789120
176, 339481834761329498571036902696157184.000000, 401417533384593365520326527127605461120, -245906889218338510642197639356702280192
177, 972593844254658379457673124242259968.000000, 394315321960561903043138083689537355776, -245864885673410129201116327254275386368
178, 301357506698984582255764310098706432.000000, 340932912262192023127102672087556826048, -276433979682522409949906455463841396416
179, 1650832443166809307073734357280620544.000000, 342032768626027877309635595966431053824, -255347632527686329196156300155650802176
180, 7311342152657489756752852052606976.000000, 340833719254496906656601474500879927296, -276454581104015214283222192994346418304
181, 2021339709019469376819984071093387264.000000, 340890889885971012187742495698724118528, -279101361728838509089944684944286568080
182, 2948335969824943141422083906469888000.000000, 422625120021838035680087591216320384768, -276453002387517212711229695697893984416
183, 3583952087942633202946196607596494848.000000, 342390683238615552440187795294989096960, -277878499991078392348134560720088763200
184, 3854194595319665892022158776114085888.000000, 341085303515327437657212977257838774272, -278027656046560134760063726374941722176
185, 3653352467264528057181390768210706432.000000, 427300125672475792331031947440166356992, -278466882558188153139609200017948706624
186, 1673855789353284335958640330547396608.000000, 425803332298273644513852922649101993984, -278534040021292946728093950650130007872
187, 1590616405218057543664132945820516352.000000, 345435658348067972972044234371057716176, -279515233640283747699012366409169641536
188, 60175236890079579800378336943800320.000000, 416033081047008308939990974586749784384, -352797144753731996876840493389932690352
189, -293140788973667880795244537384534016.000000, 379538971616927307742135925689463945568, -340365163909052857863777856467252013472
190, -920339346400234998358926792274739200.000000, 379537147369261706667993409123077277024, -368977051126620678971970045071680799808
191, 1397057931932497419384887858004230144.000000, 341022798490900009132344449470226213344, -274591946824133906852101237638122154752
192, 2370892336327972877514656096140132352.000000, 436272497378720784557883453605568133328, -369053580958042420246151220286558647872
193, 2524460615126381334973898289909334016.000000, 425964505307535363497279180058109440064, -340839276378053637602110288936608074016
194, 4421487666205952420050811036142403584.000000, 345971687594030782695093870021091338560, -341347551641435442434794913246953920832
195, 7711067167979207312468659195688779776.000000, 397248019310488473849598295150540688256, -286006801668644209318317774196118923888
196, 5579432326398395064540657964652953600.000000, 350051347863629870390394431866229131264, -407137119484009198259256333137764333936
197, 7135931959334023500709092126252597248.000000, 423461010195100408159223502648195271632, -279224459196159075809552621270448768880
198, 2770208663119389850225902464624754688.000000, 352109376812213982225764129937198195648, -405925371461899605898452309165261276304
199, 5588611197819050452441953851087519744.000000, 414260007352960235268965583602020696384, -397815140752304349589587363217762894528
200, 5288591949430483929057634700067078144.000000, 352024230384252365990549412726045686976, -303139242212379037750173642343876845024
201, 2744199278719893988905823418332479488.000000, 353085522056302648479769091007324072000, -506529753736855805573741078351220366656
202, 10198637373131806947265907937310146560.000000, 447388762696361008501074723461767479424, -429870314343050582133135095062842833536
203, 7370074429942218733443104321684111360.000000, 443016327492172392857482440522951507088, -430257419369527835203416512864657868160
204, 7419745393873849195782529657092440064.000000, 479871672212424218834139553899436696192, -430081008019026701363977575384640914816
205, 4251186794665682298039041788624240640.000000, 445304547863400491786491520835758277248, -503269534720280966176214927954203575168
206, 6718876785348576712834260324262608896.000000, 397254341455406190869348562437248051680, -501859664186801396597680593125453151440
207, 7484085612039744531025826838317367296.000000, 426087200659836623452989875187970489728, -524434636350335972916302124684718097616
208, 5499136529754596093533546892025135104.000000, 355131467718573455181519258071578378880, -506299608989536437961480656671973299072
209, 5444561701888183002557316169872703488.000000, 390575912833464507428168473944375820976, -376978036217104315651556370208251840976
210, 6200072470224371884525727153494425600.000000, 419067925073830707059979145930913046208, -458370359420704525906669058842644283712
211, 6873697726283553097200757433679478784.000000, 403964791941080348129694339988983600384, -501066907699108232924749886388639222704
212, 8762157934348911774177869671604158464.000000, 367856653919665930488587143079311615168, -504762801283890994938385282188775668592
213, 6641515640591925311105881074841944064.000000, 348697310692298028413309674296450610736, -505311225202635898895263453248008180464
214, 14506298438168792256610295709102505984.000000, 393412127052768083910196985888682451488, -494976042197533749749298801811386786688
215, 10247076924163615637640609193170829312.000000, 503036808883309752542592215599214541056, -511734144551151046822867799913391717488
216, 20176662735264119336735961871254814720.000000, 373786581766653829166105669659614784464, -555591163271444165443805682849820222416
217, 16992694468856272287228328599695130624.000000, 521490602846694920252401083207892343360, -477190421729692148927814650116974473228
218, 17077980502810469505306145803961630720.000000, 344257276863830852704779532120249966304, -553339808044598756170377602939841938368
219, 19666710490073998094451510525093216256.000000, 453063647514276929285775482642639507788, -482257671660800496410587029277969091420
220, 18236840858638091661047625860914348032.000000, 400149433297218058628951209679097143328, -482184016547924674032364865717302187760
221, 21287718514550969365963378393566150656.000000, 385507189721636979875313759013217293144, -508449032257989968293431362500752759184
222, 23340754409401057500516408580338876416.000000, 421691333272377806585224618561308642560, -476513406300858566499424604407494647536
227, 5903735986093910390673931241890250752.000000, 407329753262287980994882707103402723008, -530570456925439704775590374089235702728
232, 19213836106999449412428655400492990464.000000, 516207684457073697079181662886850276032, -479028400826937219526649456098656856304
237, 10123687503258713070224374654952275968.000000, 570614621787951816424812882817288749840, -598649737232817580837722988533650486952
242, 16260563926172528304418119275119640576.000000, 434818405164025884040218424109306613512, -530820049285503282377102192003602598888
247, 1589561741128461866384754773525004288.000000, 551366377372459984617144225789655630836, -732040690320597639516338795583377088912
252, -44552694290978651548718107636281638912.000000, 517107219565892363689544685295741143556, -617183249010893671741627015886171768340
257, -35602293803497625475671747055732129792.000000, 549206765849964918175969745133378664116, -529578145389786913021792078282586584376
262, -42314918039064624477963299030755704832.000000, 418868036937523930714078020401677915996, -558548268293094824605212560448543909656
267, -43816045572108472841233818745804161024.000000, 399326086502648406873340713688540289704, -613444776514652034904210838339358572022
272, -60206185863413053897328052249085083648.000000, 546426892654937451597666381031084490152, -650591765488369607172330794822648034338
277, -51830205328393443485509155475014287360.000000, 513620836845140984262981250869240459939, -582417211485241994735574317159327309404
282, -7868648563827106954564894648914935808.000000, 555647346471125010601394361050243356628, -530185199387836082874970063109311120144
287, -19074430912122495928735056933788057600.000000, 561497769140432304385200094452313657300, -575472156143481062021958999621400667128
292, -7121168350712684230276059709350871040.000000, 542965807248253008659077065363066199565, -568827618494570909942137546579549206448
297, -22541993676857572536312613434847920128.000000, 481185190585966390307023488784381412243, -550772879092587374149036686421083647315
302, 25359273279860992474953986382355234816.000000, 506543115502170199352922185151139047852, -532205228063772122082924102780968713328
307, 54784721085425465571899208546654355456.000000, 580637465045479164774086121236787356980, -523899453969622291080311723773771725198
312, 61518246857176781064847031894227812352.000000, 597764846276005309637723719225243592909, -407862492854819438807435311530827266455
317, 63663468267852327629966161077512175616.000000, 576379892230942992176694645729821991576, -446108211942533382841249819853528107532
322, 38819609988919290547168982011704508416.000000, 527848481859187029503269244135216648399, -462622080243058945963836347353635215439
332, 18268671233868080825549797016326897664.000000, 479341266912733688430045889299311328959, -545247839645566330237166985255102407996
342, 504608008610166789431679079172538368.000000, 463969427243979253927537989024528659327, -589799686546913439893750063857884240411
353, -58091920776141328596391813941232140288.000000, 440996064066177587129382360005431370105, -603639025391230780569687380866547118638
363, -42754453103516579124395075845052432384.000000, 462977648434464314693589186006762152029, -622278694344615763667517979592556631182
373, -40805875769648351064434544289949679616.000000, 452377035982557308777232528960820138682, -582026392552267592346519520638200329413
384, -12732669907476869049443959489406435328.000000, 518670455636561963223877884283877966088, -1118777028167586994159351178900664053968
395, -104109318562229241112923441455041609728.000000, 702110350582769587953222317327105266831, -1520418032930286418615627726300048915597
405, -35078465121349692228258092387655483392.000000, 756246030806176322927839960360708869999, -1412984798065238839081281290821854156652
415, -23777287308855441458091405040580296704.000000, 712815796482169235157320233695252336323, -1347130228076622630717159309180881151897
425, 1757612936733222709267141885339631616.000000, 676422154433830211109680477548475134538, -1658037207263436818813234193657647214728
450, 175866510007682181545984053533009248256.000000, 760777933038779467598396681967273498062, -1488335738597931172375481876165768018976
475, 113383182500143360120758152054817423360.000000, 1250481821920911552491220046456378867346, -1602954272546981906678406327042529794673
500, -213820091236638659698916217351370178560.000000, 1139072427030941760663441576367099445859, -1234894096461266102245125804839982301225
525, 57334891260283056866812310968720162816.000000, 1398685509711819484526006882413465341340, -820991412220472379457800908591793655317
550, 118323201990454769894774518379131699200.000000, 1531842071555823972637180318234950449805, -938632879972101879997832754142164313657
575, 111567374429297719931155282764117311488.000000, 1336652236015560693664409764646894200062, -1224499611310812377946932070138492353261
600, 41017727923089667284330674256871424.000000, 380367601903388017989636332102162006772, -368091836728584535114534506410534667865
122, 0.000000, 0, 0
123, 0.000000, 0, 0
124, 0.000000, 0, 0
125, 0.000000, 0, 0
126, 0.000000, 0, 0
127, 0.000000, 0, 0
128, 0.000000, 0, 0
129, 0.000000, 0, 0
130, 0.000000, 0, 0
131, 0.000000, 0, 0
132, 0.000000, 0, 0
133, 8270044303125466180485120.000000, 16464530742525018037551104, 0
134, -80120850339987118106869760.000000, 4835703278458516698824704, -319911995015521245356621824
135, -4835703278458516698824704.000000, 0, -4835703278458516698824704
136, -7239387818239166112595968.000000, 56668397794435742564352, -19342813113834066795298816
137, -8942288505329042801888863948111872.000000, 5091995552216818083862413312, -80480601307289828242222693102911488
138, -6190813637101083974837875461062656.000000, 19287000644964651175929446400, -80480601307289828242222693102911488
139, -18461576915102170214936872807825408.000000, 19287000644964651175929446400, -332306998946228968225951765070086144
140, -10719624641897493547414894388707328.000000, 19749012189224582198000091136, -332306998946228968225951765070086144
141, -7620199361286338275362469016764416.000000, 1298074214633706907132624082305024, -332306998946228968225952039947993088
142, -4470786629457602113065218316697600.000000, 333312879697510068256039399063552, -332306998946228968225951765070086144
143, -6226555108087035483666223221178368.000000, 1298074214633706907132624082305024, -332306998946228968225951765070086144
144, -2292691882456690858994500150231040.000000, 14994811169132497080333920777535488, -319929658485600536349737954972794880
145, -6349996789413726061790758407503872.000000, 1298074292004959074238515111788544, -332306998946228968225951765070086144
146, -278874004116447457616836534596534272.000000, 1394509784214048629020182754143240192, -74353691014218731640554455634618089472
147, 193077590642055970729789268951040.000000, 1329227996945487020917092502820880384, -332306998946228963614265334325837824
148, 229621396861577504458936939672764416.000000, 85071495765415795310032257162546249728, -332306998946228968225951765070086144
149, -371625270826233285967483974937739264.000000, 1394509784214048633631868772570628096, -85070591730234615865844214807895474176
150, -24895778372363451797392910788329472.000000, 1329227996945487020917092502820880384, -11465261403079637394187332876742164480
151, -23829852101143877936404679742193664.000000, 1329227996922459581354999395347595264, -11464591132824766718107464277036105728
152, -15356797828904918078240704495091712.000000, 5005374171472831319769353890151006208, -11465261403079599615470516801787396096
153, -118611216999598362936755703892672512.000000, 21610643841822590808312158312049147904, -74353691014222496473443132414659395584
154, -597429347871560436794786667770675200.000000, 87209818035951569311703520062688198656, -85070591730234615872815505556088291328
155, -61909264844785145303799569177378816.000000, 87209818035950964848793712745953361920, -85070753994472176548181555709570711552
156, -31978085437035291909791720709029888.000000, 87209818035950964991744720318133960704, -85070595533186416476744880051067027456
157, -706742981698320254501221799229915136.000000, 120974738143943726745442568645060329472, -85070591730234766986004616044221562880
158, -175959581087002953519416242763464704.000000, 120980516823576336694912164033560313856, -85136793515257852821254416174443134976
159, -615703378810295539192326167185063936.000000, 87957508783618660917333579451082735552, -85070774276875198449269000760916705280
160, 248516678714812582536638678104539136.000000, 120980516813363331392679543540332101632, -90382311416902520518801950712478105600
161, 316838986583075160217894456020434944.000000, 120980516813457325320988600767187517440, -85136694126873491414679520273144741888
162, -205346701233932250453121406471241728.000000, 120980516773113042286256388062519623680, -85136712386012183003709541205267644416
163, -870667696462564117442452506917470208.000000, 121956668613439652693483683116114772032, -85070683987731984252070512615344441344
164, -538498640254794068471312070813417472.000000, 121956668613445791475050612952588091520, -85070591037585259973737524739150712704
165, -699717098754307905964933616504930304.000000, 340282366919003317638262005541482905600, -170035517722651382154158137853041901568
166, -143560580331898322096499401374564352.000000, 402033965030911222933078499940071817216, -172777692874405891116396285962024452096
167, -1207997378038806803545844684859375616.000000, 121956668612912116931432148162611642496, -85107263412014307453009221733463359488
168, -1423577841100987506590895744487522304.000000, 121956663957745928448957069054450532480, -90741174441815916846957924148381810688
169, -2031949515554768082976008288937705472.000000, 121956669028227356210412438891342413952, -114310999851965691525310036814960859136
170, -2175239621729787420700254628919377920.000000, 340281680810583771845797935247113568512, -232620022969845542947336697774138736640
171, -58964967049767768816307439948267520.000000, 340739072910679192270736915386686308352, -170359290402507914775742465011755454656
172, -913304863128342856105825761996308480.000000, 400886230610110277310380943565931725056, -297731169953921120554232346168325586944
173, -2081552583422239031567661034958225408.000000, 340282363856282233325459855408642885504, -297754233238637400154015776045541654528
174, 968561344746774970044258175504351232.000000, 340282363893393226631588834531378595712, -172698009102325571245260042574671936256
175, 2552926394690820925308887805481451520.000000, 372425620573132255170975210858988914176, -170151851515155725276339320628305465088
176, 2232515372104049435397815821062373376.000000, 393700454183228849644906400150059169280, -245943386109885515539686971177809939968
177, -193775400593066718012898160171548672.000000, 340277291201415527214963294441844446144, -180764060138547797544190596075798654976
178, -586180100584941534353498978119581696.000000, 341083406528839951371201658382305181696, -245864887478796021347568260864750743552
179, 1081705551236296581210226621839048704.000000, 422651402761665076340752204012442718208, -276100765228939108792985902212171251840
180, 172111046162548255756880579036971008.000000, 422653857844993435036462240357712502784, -277876490651683763501995798049241262912
181, -238583678540056573680239565338574848.000000, 340288496289199031774983048743153900992, -276443557107034281906536850720502433552
182, 1331255056801483706240016851761364992.000000, 422624689553135657533538872372719421184, -276453187656776530047776000144478439840
183, 1872308237157732874410108810986258432.000000, 342390721226610076032951139256017164288, -277902238532286033105770812444059577152
184, -1696279203500341378568972198173736960.000000, 416167638957999942042243820748538822144, -309707196494613209459449165223304105664
185, 5071676013225166281745782131140853760.000000, 422622830541856044425407372362866991104, -278052664922146741257360801463876627264
186, 2506441014437526301056370655446958080.000000, 421068870916099001850136436722092297216, -276428725798711180109220049382311393088
187, 1195636847158382015528663216753213440.000000, 345036273327399725898936767793472515328, -278033171424133674466648308178758453056
188, 1194727834906276150423427565217644544.000000, 448461766606972124715324930653086862320, -361636638064576540472261858417478887776
189, 4645785308071915201332399716033363968.000000, 512583844553484175690827938091974722176, -350527888353287945545623697650300496032
190, -666389285686028460588966597168726016.000000, 338091537281870078895988937925711242624, -340158188748549423630209501371240896928
191, -1215808464000277984892355005099540480.000000, 341073306609748685103733231622403882816, -344913908026894137648985457020428182656
192, 6070994229494927909761236862958043136.000000, 435697308681157655490073802605127754960, -362554819162066497944692844559386139200
193, 4748327155484163586322757177896337408.000000, 439345235205973247499415183587253843136, -337876209063217174766600898294686452112
194, 1305030518841622959400735619323789312.000000, 345621562936950600706776594969725059776, -337645838914655118430354013407664099200
195, 3578986746604239772054001817596461056.000000, 346571304860482564737386379868022380224, -354809440305774105161900564395897688384
196, 3170546562888258505988919192667029504.000000, 423783185366403085112319042736451596480, -355402913437697904047343877787977120064
197, 3588905185028443403114998478332231680.000000, 423780715197759735392224548312611925760, -351955772676282710609307096031757998400
198, 6605020102403349781865972617592176640.000000, 350696818463486804408070995220734442688, -405833247984229805961365325973223197312
199, 9067590908002802348563247875452043264.000000, 406187941165276218150765823020750670864, -294083907411547413256130094454706425472
200, 7880297209601089752697998900461568000.000000, 424776462253855641491213865337035902480, -346776414537697005339638495960495793184
201, 4940120163951874315071691560461533184.000000, 338810894241419204941557856637456296240, -347705735864767050010327980104687631744
202, 7407143991852216312128993907372457984.000000, 446838042413217062132113779335942488704, -426194803287922337734855897059864686592
203, 8588138160390493705136947882035773440.000000, 423578836770874407228994922375337591424, -431460550208492906130731354952141798784
204, 3856778265301856055691776216180719616.000000, 361178646549938574913907654973322298608, -512119552662765817818089749398815245184
205, 3184169822327306159120450163467878400.000000, 411366591953985085741569463733243810816, -501196419046148081581435899411346095312
206, 2482033305286932467913392581353930752.000000, 394746176223427646551940465051070148096, -498554646622762461195612472910087126224
207, 2078529895359828775168471286518120448.000000, 330173023184160683813693236162220405952, -505699399335533698680341571287145124736
208, 4183319018426638078793815647707987968.000000, 371061163532387101765446217563858679824, -524082400754952856978664930200728507264
209, 7056007182686924433146277756594552832.000000, 425041151805332243910234879402577834160, -494859343226862843781642710470031806336
210, 4817335614250366249201196911854354432.000000, 368550476912183864479694198154027308480, -509748937522568861770591651696630970224
211, 8478637064952927645145335526322077696.000000, 374830245665221595332056712739129633360, -498574766911581829329441542441468637040
212, 9133952042373624338594459090637815808.000000, 421776569052245538887169672832621836800, -518460765254519182333906650287630394224
213, 10502763720510825211996884477725900800.000000, 459564440478346344424501939385127047104, -519882282897068577826733649061344335728
214, 7442802081349959468689107413450620928.000000, 505209111197659798328738985830249514560, -511616640311322899878239319045087162096
215, 14670840444386598695759149494310010880.000000, 466891979088428238527718866335970047696, -531860663938177296257081348970924995472
216, 15037245322419033855899460291751051264.000000, 519356035646165014309212683829855513152, -533008536749172692367624944470682007912
217, 17421106976826667155424663551925551104.000000, 390128179395063905992247677938556291328, -552931207340474301632631726905209496768
218, 19532594071759587298164012210299338752.000000, 509399751151467394801704877780680428160, -513081352348504644572611083862581050128
219, 12002806136696978245955545293972832256.000000, 463078632464257732255502596029228810272, -482183689553206610023350816515992296220
220, 20199333751261003284326927360201850880.000000, 421507388495484062957692897958312013232, -511170130471654688942887378455516547536
221, 15702400770122792118464177763984080896.000000, 398012395269771350522779326963536254636, -516981281014118994845486888108313292320
222, 19013667001589722146384890082227126272.000000, 421516826955118633363393983940205947660, -493457924285826775782423418930465190528
223, 11330371850220856399247784696105402368.000000, 390075290099436514397436462219396280424, -553332017689762205511877023109034759832
228, 7399801176734836090995831532895076352.000000, 517555084671604838895179651255602802232, -530885004409484050424261696145682557704
233, 5669088375667692774953440012507545600.000000, 446328930782720000448888802459688184168, -494471985695221936429512765572742585640
238, 22945961717778529522677672336638869504.000000, 575624170611509256252629775063533054568, -456137213343510463180847299773837520880
243, 10169423961267134793660209626896924672.000000, 505935103570751996604769455047036733520, -532745282421632100273571686189580909544
248, -7385904558392293524887611003900002304.000000, 540810788844670813615324290593321809544, -558158324517935400856429399716660843848
253, -30564269125349160707497541581022429184.000000, 542800836728671833921866925554567541748, -617480956296315526885104977885368895012
258, -49614336345435320409922615900916154368.000000, 551567579726035753439004736097878943412, -574013098798169686437685436025466549672
263, -44468465444187703078443635518923079680.000000, 420921254877526156678240258572018469552, -517064950914475974316057882164175208528
268, -56741660793657057617232531381163130880.000000, 577454665588155302887754560767042127832, -633067835114355399028840349215376841344
273, -67097654311535690190676116452893786112.000000, 444969036749058671106792909238701671764, -582390598146887226004572016599939262568
278, -25422574423554405970586703894063087616.000000, 505264860669191286118121081832194904058, -611634696910233033527621158297062316403
283, -16590897345497413313241847339446960128.000000, 474484704092815524780991378510379458632, -463719908055625118492380236318311493812
288, -17248495634281562027343097434793312256.000000, 429436682756937199945327451325474585200, -468142768656283788652251608747703171216
293, 4791398027482718280850831094707126272.000000, 542780311977948000909853645504756589453, -539825669583558682804382661116615153994
298, -21415762872726291058969766209181974528.000000, 584247754311403161145578954148973472252, -568281447731937292966539186872690787836
303, 30331769079434390453005335418195935232.000000, 591421788073038293176648751063127951796, -536061168126272601658036648041072309587
308, 58492691570565999129413152614868058112.000000, 540268543784127658834878920937988587292, -523963869334955849926811044652182608030
313, 62870232266579022005037502805741404160.000000, 497027943675625290213109865886860153629, -393988160510648487540525103257224575231
318, 60733771555326162891964244187349516288.000000, 576388703895281743182498187351370114200, -437084850078888723226854735838855267128
323, 31084899871672849371145818977467367424.000000, 572296722653006871843176225892525460523, -442791751261120740498913800237695508608
334, 11885853573149455550318352512749404160.000000, 574522573223358984164792979224994877229, -521208518219642403186536561246714854028
345, -17375638825086678895445313483263967232.000000, 442240143996249000597956954905089073023, -629798615089303936767397978248094571824
355, -32643261407432751911353886001254629376.000000, 587670786797025562673734905619071349365, -638597093154269726905539818672856552406
365, -16101461900549144494133444997315297280.000000, 594278191926051625483368006469274648373, -669830656876049974951421538801586974999
375, -20624724452770769940864733522939609088.000000, 613544827364565060386331775246600260419, -710835931543466267915002564405825923475
385, -37797987323641250294243718858767597568.000000, 736895245497233049307596412951438676527, -1250755882980550931952737806760894460650
395, -100315109185169990466186055613182640128.000000, 718988197518581961021446849730704256424, -1377893132440246548833935232417298886235
405, -32640998033326360246759868576041009152.000000, 589178316754254958179441267628391324121, -1409218838858693144272672667931004773149
415, -75614332621240719667063394756185817088.000000, 728565381134429547510455988875219107363, -1474597286309387229126056225622984524345
425, -27383971917921434355061937901416742912.000000, 870823579737386306230685319260686944081, -1406497766757392382259543560845842321875
450, 134151661400705466323757779515854553088.000000, 1230204450854916155609315574509358815715, -1708556695373351397940805024253569363641
475, 129713408980690159758924352025352208384.000000, 1276837000127405692313754099559640470287, -1524522467375904632280721123626248181897
500, -220595207304824032996601200534655860736.000000, 1123753964138932585224998912050084185368, -1125065640175825166853267375534818987697
525, 35503741333121969505624279848715288576.000000, 1262486095157890435441119917942539515008, -977131825024138605539187833654455637913
550, 26646196853615380211703076331349606400.000000, 1309444448966729130379228573627899259706, -1298784586002433201841852458270854379851
575, 80823238356041391482566292300835586048.000000, 1438567919606212553210113200595638889940, -1265189488113959039433955914651336978723
600, 0.000000, 0, 0
121, 0.000000, 0, 0
122, 0.000000, 0, 0
123, 0.000000, 0, 0
124, 0.000000, 0, 0
125, 0.000000, 0, 0
126, 0.000000, 0, 0
127, 0.000000, 0, 0
128, 0.000000, 0, 0
129, 0.000000, 0, 0
130, 0.000000, 0, 0
131, 0.000000, 0, 0
132, 75557863725914323419136.000000, 75557863725914323419136, 0
133, -105215899360496646182928384.000000, 4835703278458516698824704, -319911995015521245356621824
134, -2380072707366301187702784.000000, 75557863725914323419136, -4835703278458516698824704
135, -7234665451756296467382272.000000, 75557863725914323419136, -19342813113834066795298816
136, -64314145248525838211612672.000000, 4240685101616941401899008, -319911995015521245356621824
137, -158045505117534671836545024.000000, 2873560004826179112534016, -1237940039285380274899124224
138, -6190813635575759600870980057038848.000000, 19287000644964651175929446400, -80480601307289828242222693102911488
139, -3599204740730643698133661300817920.000000, 1298074214633706907132624082305024, -80480601307289828242222693102911488
140, -2199514649848576578330416864296960.000000, 1298074214633706907132624082305024, -80480601307289828242222693102911488
141, -8397770725578297704197693064085504.000000, 1298074214633706907132624082305024, -332306998946228968225951765070086144
142, -8750576974272957441434602593845248.000000, 1298074214633706907132624082305024, -332306998946228968225951765070086144
143, -254619420183582000865945707347968.000000, 333312879697510068256039399063552, -20769187434139310514121985316880384
144, -3248086669759454830525172221476864.000000, 1298074214633706907132624082305024, -319929658485600536349737954972794880
145, 1896940935480293558915755459739648.000000, 1394509784214048629020182754143240192, -332306998946228968225951765070086144
146, -892274654184880121961952774717440.000000, 293364772507217761011973042600935424, -332306998946228963614265334325837824
147, -230466947757551176508383643557691392.000000, 1394509784214048629020182754143240192, -74353691014218731640554455634618089472
148, -195830019563655123529930735223832576.000000, 1394509784214048624408496735715852288, -74353691014218769420926344572631515136
149, -367766983755559104990548928988446720.000000, 1394509784214048629020183303899054080, -85070591730234615865843651857942052864
150, -337412850765059346203254723195174912.000000, 1394509784214048629020183303899054080, -85070591730234615865843651857942052864
151, -24726995644009389583800308458323968.000000, 1329227996922459581354999395347595264, -11465261403079599615471642701694238720
152, -272155746877514628471300157467525120.000000, 87209818035950964848793712748100845568, -85070591730234615875031558047731286016
153, -22782918056424652932698028447367168.000000, 5005374171472831319769353890151006208, -11465261403079679896241157541040488448
154, 46124336063508771798989377233747968.000000, 87209818035950964848793712745953361920, -74353691014222496473452139613914136576
155, 486124176737410628168124071659175936.000000, 87209818035950964848793712745953361920, -74353691014223680606829704778941988864
156, -578394542008392587179963216644014080.000000, 87209818035950964848793712745953361920, -85070753989820985574094574985978052608
157, -202158219157162662673716853115715584.000000, 87729819515502845193110729108748238848, -85071098795424124980754704857531940864
158, -917656342568457293948265513399353344.000000, 120980516823576336644080070223802662912, -112652072619857640243621648122469679104
159, -587197357572620136072770367002771456.000000, 120972791034567411122757394787110223872, -85136793515257852821254134631820689408
160, -349764565776028783363336270004617216.000000, 120980516813384787498222430007514890240, -90397796058591056001457186671362113536
161, -378863687417102278111451007982501888.000000, 120980516773113042230775451339456774144, -85136793515235903283318578713434521600
162, -746478904233720629459782989120536576.000000, 121956668613536321900948202075775828032, -85070581668801958660980089048337940480
163, -222256234385003143786619603941064704.000000, 121956448676146604202240051091816579136, -85070683992867967467165222150967265280
164, -132882602230744163658182627078176768.000000, 121956668613525787758996567039547801664, -85085416824267404960599708202744940544
165, -167850446927336337937760169110798336.000000, 402033993444807578275270099967676432384, -170035517688898172733054452598743171072
166, -627156874928460184272693997554630656.000000, 121956668613111866542986416831768297600, -90512118919316956267620998635393515520
167, -817635912317916052990459108759961600.000000, 121956675882095317473752657606235062400, -114313891840355428928612820309086339072
168, -1861615227799749761511663139433742336.000000, 121956662621236802977119297726766465152, -121502331141767482484589673774835331072
169, -2688857021606524058501848537451462656.000000, 125666438208502262477348138022276415488, -118088993478198880685665561490664980480
170, -724471016323084094748757759566544896.000000, 340365630679222199985711903492682874880, -170364482608482036151300390799254168000
171, 1027616019772604427085864813555875840.000000, 340739637775143188327191168126071808000, -170530554049779047632197402241065492928
172, -1754969876751564322901580171129651200.000000, 340282363885965127134014367483980804224, -232622067500096369053411543215213920256
173, -908014367572193314515170589816127488.000000, 340282363895293895245127524152782620800, -180761570190597395111108280312707792896
174, -439693347042853526405882239791398912.000000, 340313815846208984464011584295482343424, -172698130616595094508717970774013541120
175, 1523667146569352016008593755045101568.000000, 393700453608190971474337805999920809472, -245942742066048018725234234402077450368
176, 690490605453951580362279366405652480.000000, 390160045666615134159555978086813433856, -175453022548997821512577589547334270976
177, 960745436612513916428677205473624064.000000, 394315325733839274262606961896592654336, -245865211523104468434148758919414415360
178, -31910207111110941361828859058585600.000000, 340277291195807820712075332817831007424, -276099441964530712782958566139587536256
179, 50097012787857178505050325075886080.000000, 340895376792405185414177680855638165504, -276454809994775500996156466432460006656
180, -76416970364276840846180741743116288.000000, 340833720494720434548501782292605179904, -276453319170874355584790608431193858176
181, -88912517705637817533487366505758720.000000, 422650975379336372773603370337193336576, -292554369584277547208945848307132951040
182, 2470134773730812314548374171929280512.000000, 414764149842506807048770397173773997824, -276453481071618885208978315662232258848
183, 3814552484396321256467138968821956608.000000, 341123782413521019260887427155072092160, -277993816904588594096594681744733694784
184, 5994723378836836215936465376328548352.000000, 422624806811441205800548059558313166080, -276408066219725977156146460961393373184
185, -363844539083926888670128523337269248.000000, 418354309441566881318844677144233999232, -280568743513618773151749697687305184896
186, 34471686595299334366456977538678784.000000, 446270919092807929559973612272298252032, -275905378604400123275216735242933972336
187, 1036334362828405652495336156661022720.000000, 416043008713741411902815859116711552320, -338391646650802799479714865000544504064
188, 1209129845382740903396689985937604608.000000, 340101011772662828138400586035579574272, -277909847871466130458044810139521569600
189, -1269164189272044032231424603837169664.000000, 379542505468717244569238229834739987808, -360308881086171728728255408493594405280
190, -1852540882331534000512924047554641920.000000, 341093839125861967362291180442624616384, -361013893687425231526411198025599372544
191, 2582474713643425200419161400145870848.000000, 437933231546185422886802904228344427712, -339295771052545446868136522266044424256
192, 6727308300343600705540775143163297792.000000, 436194302507430679487564733411074770128, -280067660322154893595201473951624472896
193, 5116253459500653887185223876897406976.000000, 440868122549130544261979695098471949504, -349494589802719847829902626722888829232
194, 3214803412151776549787269485782106112.000000, 345981791747712127449372899169912423104, -354817870581114336615881418196876524352
195, 3900623586607613504493099331801317376.000000, 423599304937805482887479257949839716384, -356109446371758508484420577059424966976
196, 3659318747365411515434129491006324736.000000, 344831717687556672331882803944402738944, -338165123908663469542377681797866461328
197, 5556923620375983366750452039437778944.000000, 423422452475337205877360087552781037824, -357890901962876005649143286879649372912
198, 6698734075389104850605090826727981056.000000, 406334624138222419782205759365440409232, -350792897413645663663188759454242441584
199, 1843553637984894919051834415269281792.000000, 340805030339949846685682653950130494768, -396818212829653436310742014831629550336
200, 2670570982411776119101376829394518016.000000, 358670393317305741950548070241877513408, -347628933165789376167951842141581007248
201, 1255898480048831224139137716907409408.000000, 402910887866547042505167946508421414400, -510371974535576247376210006989379787072
202, 9286036910339239336695805728272678912.000000, 423794337018243298941174642864182179280, -428213041987955887109551229180938289536
203, 2707532894610672643483216545662894080.000000, 472892954246787371605656345092232222048, -501204321462451026040182005860561893696
204, 7627707451304572936310205962413670400.000000, 419393571795747418617880505438061167232, -423582241468465883132737927422702635392
205, 4618265616610134632447145266007506944.000000, 361207374343888409852014269282788464496, -504280896846552090939165044599316464512
206, 2941434161373571452605554830291763200.000000, 406896297004220219417194915093930385616, -510644259524409925314801195700348701568
207, 2709559142258927020695786201244762112.000000, 361178181323573565844980022875696855664, -505003477541176133332076943733412004736
208, 6473781507809534081216559093594980352.000000, 441867503451664342049411344789238565488, -452896570118448931325986577152494565440
209, -244734919592422096145202740748877824.000000, 365052935126274865204802056669593581520, -502832077983620171635779499068356367232
210, 6911559175268979422872819031122903040.000000, 423850719213155230594550815990724361904, -524226943706344107519982261337935925120
211, 8097502255386670845577702687096438784.000000, 373469751723033941858565878224701480656, -499911279261009791456864912016045850480
212, 7761726723666670149509433283739385856.000000, 439992799912961891321642674132758976448, -506006110665296340883962864679683175344
213, 9477742465228637531959094735299149824.000000, 516673598741931723071391653042209602048, -509129507358081096218691289368163692080
214, 12368426197236697363439376567686397952.000000, 393887872243162181525854500886457706800, -532112378664922272211921929736873829248
215, 12467299484800637292977548736904298496.000000, 381159716428864618995915448007227968000, -532691465704974248083000718737261900944
216, 10250154218298597429627575634168381440.000000, 450971304140054722792891812601193873472, -532890076908708519072660702662391768328
217, 18045494265617408964374113728342261760.000000, 383951302379122510986781409630833473672, -506328564838973965444926748356451029952
218, 16675818259314200870647685923750281216.000000, 540938053132944622389030126304322992860, -487645314894321644475486493266721130012
219, 15562999808508249056073746935076356096.000000, 493786125686768062198807698495704605936, -514345038653208284570027583778697801344
220, 17572397157707211883166369251768401920.000000, 458604679648765388237841037884282702464, -558326685421568571312395279914498385280
221, 20737394119774299220910893895597948928.000000, 461153429568541314513115100707166945328, -506181377117033336851136480351624999456
222, 15535669538452446960977697848445370368.000000, 453966801947520819255824831719732832508, -476030889018046366107807631662523393776
227, 9647427610987074021559742908313108480.000000, 433926721067773067477077041231629313444, -532364956990613824925830164422877455192
232, 12717872284379720551595752533591588864.000000, 526945908570575584794350971812966813520, -476224196131962524256737947313870253296
237, 1568549652700688916027153437761208320.000000, 548644915085966850260357474854076502788, -553509390396707751325646874939755489840
242, 16255865523665156658283915319791583232.000000, 596501139256591519030608880132822573264, -545732998082487224787474818982319979184
247, 5533205638536680120407840918903717888.000000, 535035964636572440432318390429793399172, -557180741258744986437418372486130108680
252, -44172938625207057890235343589389369344.000000, 480420892322317445628659207986251887468, -611236064433398726653127613720395976644
257, -45335391473707719395761579574031286272.000000, 551181481711826942573163977175539054260, -575825317491777211687483276635124185512
262, -41703751397796428193860255915278598144.000000, 461338008958803084556272588978242717332, -581866317032646058419993578892465618232
267, -52227315277389860510740650863278161920.000000, 421137178496694287014442567360346902196, -591257150721900807141208365577360206366
272, -47468735557630672012749916507039858688.000000, 431875868396240641744270346067197300712, -515765410478426046375045861246235636032
277, -34622537762199402271499708566792568832.000000, 564498742352369800703626300846765182970, -648442132444583628115852221966610098074
282, -8072057577539695183843461014113746944.000000, 537155707934179295600190234190324156376, -532158479945517485398226434463344821328
287, -13900578056116648656269864045182451712.000000, 492916441640983311208481892080652685268, -649969286294998531417963060136282617882
292, -10103478011913167193248671424887914496.000000, 473053635748021861118963122169381807828, -511000603637077239651861718658311563712
297, -13497232452705237227086388686428831744.000000, 481227314647153273459357871785905128339, -572829200374820518751317554213257317844
302, 18498865077915894029924715564627918848.000000, 506144799296634338545591556546815091132, -550776222482554056836594580221298349395
307, 53987093425196977416581180842724818944.000000, 568052105549389019227488032815892044022, -523989518595795768095112733820801718430
312, 51665418140714050227741326287499689984.000000, 558472115869411695471925856365265540999, -511166412233720290039814461227286554198
317, 62839158453082997606954891764436041728.000000, 585805334172128808095271658746233234072, -437498458311761461809570771590958638208
322, 39218456387054046013437937585091510272.000000, 564425572860297165688361025257278951362, -531803427284247235692163767124392316474
332, 23622133922753136229453603984243687424.000000, 553918864872055234305548354034697575085, -481421195558007496134148316306613464792
342, -3923159939552867944288412757229830144.000000, 469858929272780776243190563727503029619, -637431229396037139767392638543618235116
353, -39265835613482039311619013507222077440.000000, 449993168466887208086382556545537605450, -630362917691333522367557225914690297302
363, -34155751901019610173956093238772236288.000000, 465407468054676654240672870087733039709, -608573770617212211766252444889573691908
373, -43514701876691467773921656317979656192.000000, 471849470437809080296651790805698103265, -604406869353591200348134426158777966226
384, -56949208148060409577286210732976766976.000000, 444065024847833390367612055984419582491, -1089834832348797801092683919000086517762
395, -63886844884388585281198817349222793216.000000, 789531605185572551735190702864163818565, -1242576602352223460196618921017150725757
405, -56278528361046441273222027096992251904.000000, 629881380990122768275332516565167563131, -1425100120710821438262379327644169904733
415, -73300263469202529315526640824647417856.000000, 686155369151908872021866828693318095377, -1399410396871624083586849209148934736377
425, 9602922001633382365866786839001563136.000000, 676787178498570801481423058163386456288, -1508576347731764519891256586736458343356
450, 134694499959722193651110119974656540672.000000, 1107344377394658586570245162628477579101, -1639534427398212119858533712625797652988
475, 171020433840280705972119642837039972352.000000, 1200586531824152592081541394582413545882, -1540745727047343605846648623713362001783
500, -231562948067784937993329243676351660032.000000, 1054519086113374607696868686792412476650, -1199308082228489910169335200868320909939
525, 98386288652005331542459108011121049600.000000, 1065258966488774304785435149540819859485, -862090293389670509600666829417099189754
550, 14713485222890235129120969768763916288.000000, 1283022875089830815134266477167941724906, -871108747009197524808540207491037534706
575, 61361800684953145370357820643545710592.000000, 1388048757891209091370618520101946456584, -1427571072265215511123317027606312138825
600, 0.000000, 0, 0
122, 0.000000, 0, 0
123, 0.000000, 0, 0
124, 0.000000, 0, 0
125, 0.000000, 0, 0
126, 0.000000, 0, 0
127, 0.000000, 0, 0
128, 0.000000, 0, 0
129, 0.000000, 0, 0
130, 0.000000, 0, 0
131, 0.000000, 0, 0
132, 0.000000, 0, 0
133, -319911995015521245356621824.000000, 0, -319911995015521245356621824
134, -2380072707366301187702784.000000, 75557863725914323419136, -4835703278458516698824704
135, -2380072707366301187702784.000000, 75557863725914323419136, -4835703278458516698824704
136, -3198616231063706537033728.000000, 75557863725914323419136, -4835703278458516698824704
137, -211149598426389478438338560.000000, 56668397794435742564352, -1237940039285380274899124224
138, -126919974421648405721776128.000000, 2873560004826179112534016, -1237940039285380274899124224
139, -23736214301131226391095697871994880.000000, 16464530742525018037551104, -332306998946228968225951765070086144
140, -2262357360746605322746138776829952.000000, 1298074214633706907132624082305024, -80480601307289828242222693102911488
141, -7336970799356805194381279792988160.000000, 19807040628566084398385987584, -332306998946228968225951765070086144
142, -4659083525267873693275882002579456.000000, 19807040628566084398385987584, -332306998946228968225951765070086144
143, -6357256930476098116624364467126272.000000, 1298074214633706907132624082305024, -332306998946228968225951765070086144
144, -3100543398225699466066820832690176.000000, 293364772507217761011973042600935424, -332306998946228968225951765070086144
145, -4395318670150524446437079724851200.000000, 293364772507217761011973042600935424, -332306998946228968225951765070086144
146, -273667510683276006312490157811433472.000000, 1394509784214048629020182754143240192, -74353691014218731640554455634618089472
147, -133865705955499458623633094606848.000000, 1329227995789522541407846399186305024, -332306998946228968225951765070086144
148, 226918221245476122720991158151938048.000000, 85071495765415795310032257162546249728, -332306998946229194198566668012093440
149, -27089419385932203955631317170782208.000000, 1329227996945487020917092502820880384, -11465261403079637394187332876742164480
150, -24169585698063090557493601122648064.000000, 1329227996945487020917092502820880384, -11465261403079637394187332876742164480
151, -26834338860167639933237575035125760.000000, 1329227996916241405288680790012461056, -11464591132824766718179521871074033664
152, -315316722763043213108268700237037568.000000, 87209818035950964848793712748100845568, -85070591730234615865841329689384189952
153, 26288267899518595847645962864427008.000000, 21610643841822590807735697559745724416, -11465261403079599615471642701694238720
154, -736956656894468235216214463105466368.000000, 87209818035950964848793712748100845568, -85070591730234615872797209682602098688
155, -462735868641948749019886344283881472.000000, 87209818035951569330150264134792380416, -85070591730234615872815505556088291328
156, -272592432205238420687724624492888064.000000, 87729819515502845193110729176935038976, -85071098795424125017648190805930934272
157, -534982191312894966237501779118915584.000000, 87957508149732418682207567704144740288, -85071098795424104025253472307855491072
158, -404927284676900802075469888280854528.000000, 120972791034478686188741729760050675712, -85136793515254830506706294395180679168
159, -586091416471669952132595045416042496.000000, 120974738140301863749135887302416924672, -85070774276875302405602494175315755008
160, -568162368230908737736524909846200320.000000, 120980516813363331339637211451588083712, -112652072620196142443036162459978530816
161, -519165578648279344696069668087005184.000000, 120980516813363331339609116730470957056, -85136793515234559770163414594629402624
162, -790003127122162063794903486291771392.000000, 116971738791497987818738560517095292416, -110936170730056522364755654754042314752
163, -373266843896851898411536000151977984.000000, 340282366918457603614397055850990715008, -131640282122478439759762688963711598592
164, -1875353431175673669774865535598592.000000, 340282366922790210893203722095025897472, -170319019640333195283200919899123941376
165, -826870668197489410895049932538904576.000000, 402033993444865464267966036829657808896, -172777676593018753193364321061765709824
166, -917673579846713651494998336358842368.000000, 121956668611641965324267281397336965248, -85107262267374493103330143572532395008
167, -1308138604658134135468374183014039552.000000, 121956668612911332191945361869267992704, -114313892105886315037536478058939940864
168, -1471886599350124498421834336480264192.000000, 340282447837648501422240735142037602368, -172373830586744481924144307550913495040
169, -63426262432686298249188964330110976.000000, 340324249114326492054011565162578706432, -170359290405602373552111915879983393216
170, -2632130231154828844863510301869342720.000000, 125861526553772815205407527041082572800, -172170073132578082012355540801330085120
171, -1742480214180211446620539798689939456.000000, 340282366710331047082433874999532454016, -232620031253036512206700890324417396736
172, -3303000596058450992555623209198682112.000000, 340282363858228000273785016062334075008, -172700075967045892522058736872567339776
173, -1339428398874623886393456699270758400.000000, 340282364319021678415204757179685406592, -172698008975979815299451303655387413248
174, -23385018436910371601371392051773440.000000, 340282444985435990233663836956014380928, -340199497135387917565921289451842512896
175, 876010100012542321496657653315665920.000000, 393700478317485307678509073879837869568, -245943386228534728797239812973016883200
176, 577467302725934867461448496559685632.000000, 340650117177541069835268966844361852928, -175448430736521959706265242676948795392
177, 2267888624669180552875749944649056256.000000, 340621352323615875885307532560889024448, -245937027581569651688001682695105031680
178, -411544304775247226899212428566855680.000000, 339269715735194782052703215910446427200, -340401268933705448886554890931596379648
179, 623291395382826132046289166432993280.000000, 340627864194423328679068823606368657600, -276441486291854425761681582835810844096
180, 1849155147269866137874491926755934208.000000, 341014908133460493058406703387680655360, -276442946110975649619641237006979843856
181, 2028022106269701030575805288908062720.000000, 340457947344592884401388906326251091264, -276443542799845876504060011543819700624
182, 1787764973773161282940053573867667456.000000, 341148667745955626008910058462394824960, -276453361096120615073612525646103525536
183, -1406338250476739077847244346700595200.000000, 340288496223550568683509167180099393984, -352242245305708322461113634429274973888
184, 396852196606607295103163420091875328.000000, 417888925240961293318863078504343796608, -280599254692857066770409839380995361408
185, 5406228492390038355030347215345287168.000000, 420977825086076072367994609874850048000, -278511673650060931385253999202601110336
186, 2609180421615129079616361152473202688.000000, 340199964913317888406120353386652458048, -278001150119330869310627113440275761984
187, 3018797509149463190650462518642737152.000000, 416043038067163817073941898304309007680, -338304384272327541547146596165455608576
188, -2040966105002356392957341794375303168.000000, 341145373829875823308693654058166808576, -352797265991981626156281924002258256880
189, -150408696038606728745768673806909440.000000, 339177215559020052410439602942664061440, -352806269349047002208595485029452391568
190, -1397717567630485214915514524428664832.000000, 339700188137027400848868411742045394048, -350954609156744608593013951666332279952
191, 3153471784934262487252256645227479040.000000, 374833119202342155391459510536465552736, -338877949858050330907640888639126179904
192, 3019258570970794860553621430849241088.000000, 436194352101252991161349600206127323344, -346599398007217477088211384981666286352
193, 2545638326504715123465597475409100800.000000, 444122076663985706274023122622232905936, -343442838199954603019888122152721726736
194, 4141304794424174018100694892769443840.000000, 337297142035703862941880342604027811600, -356292071016903531409836273373585788784
195, 5445237545295440846557541629696147456.000000, 384567347354171175543846249221830918528, -405557725246282265640213880999133754736
196, 5661496225954511294949356437925527552.000000, 378240120547184340518171933987701427056, -407221029247079669615958603773919182896
197, 6965689641141916245216502796190220288.000000, 423464120632481381560117936046708871104, -356110417363622155273411742588273777984
198, 5497795433152233400929458857659334656.000000, 351793194218874405533496379503221216704, -406057317904404790217564871400050999824
199, 7090811021131965901034476486331990016.000000, 406185768408350821047408961730659673936, -317318210466808054142341457287260742336
200, 6232129773644733190578425508843749376.000000, 391695292399239699240686104259115708816, -372699844114828099274665900851393053952
201, 8987819157525161227000756581485772800.000000, 423458786185026525848448078805190840912, -372706494136847978876558247152784642592
202, 2218255778081151551113982357448687616.000000, 403339100899490422444132509035701767680, -510246064997506637584496322310764296512
203, 10019624663864427047655265927730036736.000000, 423655929980052968241856282370059117648, -500293091705534509387174379073011982464
204, 3600116056146227764428037430569861120.000000, 479894169937283489152681660571640611456, -430081262698507006788325976495802744192
205, 1477535723381935832253304966089801728.000000, 428032503182859335446193032124945415424, -418169111512747832808778217682548295552
206, 4806089429431292627750572799438094336.000000, 448120663807762371545535048011244069504, -509634651749111797788173531207485015936
207, 5779159413564507782482583702361604096.000000, 418823544130461514625426252927040865920, -498332251250489191745413638067956192464
208, 2587643445586475391729286514988810240.000000, 376931248060139059439008628094948998896, -524443013966329778906299264613604332752
209, 1574527932419902094921785989490802688.000000, 372040155019160481375531871967478199744, -501041755194890436293797745496088325936
210, 6669378731801845397553032847540879360.000000, 370793783797584347138561786982105448016, -499454344592173762667158988306541312880
211, 14668228422115746270639884070293602304.000000, 492376303009862411071619756546196691576, -524059397257735001863589563982922290048
212, 13985071492778525387739952794784759808.000000, 440247412427168798910844872661541257152, -498619815333262511297251565261438623664
213, 8732954705512808886429054367747276800.000000, 507805168068826821467496985623705401888, -506473145465909676302912193029787086640
214, 9086990726009319183265639942672351232.000000, 421829774843063601577984714759616297472, -511719706769522728988473042261123394736
215, 15182307154172988908369334617038127104.000000, 522013981902185398882514884216034612800, -511652906406175854484915613574785733776
216, 8938656586729522575677788997474582528.000000, 424987521301867049913547376268680185408, -532674548872234645106785493056535100872
217, 14812790743441915124695393993150693376.000000, 358883650883356089392930651313324550176, -538341738026061382609360810690258000200
218, 14477609366063689880662082548253327360.000000, 378687503639551938187997488341678117008, -476192782635451512924302069726183916060
219, 17226204662295779993452681185550401536.000000, 456559493423611739984507247353901688864, -504164426321890802807043528682703907676
220, 19487042063780832595809134688283394048.000000, 432818899409925503018478650273241614208, -474497131828626414090084573984296097520
221, 17083540255092183469272678807409524736.000000, 397081467058267555083414351000073334420, -552932831364949225601674248166361491856
222, 19176233773243735759207369559146233856.000000, 417281232350607490979809982990308795644, -476029317172862104720500744619134114544
223, 12134251142794165502569599483978448896.000000, 469717102521423795531811001978480866144, -444832058268570103794649332574987173616
228, 7540814532298856738078060824458428416.000000, 515375694817269428165821751416187885752, -451264726261262344257091475181712960752
233, 14820021745151393084132402923669815296.000000, 606901119082621995790713420301915894140, -489412892064298560795879375710790107968
238, 19843401032217782656379146923719786496.000000, 581530402619175974008058492936260386152, -521462344137863989074493981230325588424
243, 19576792424955957526010534897536466944.000000, 426582005500784046663482286196313909952, -557668947932073627532301410308754207976
248, -8271642956836608613554141631780749312.000000, 595067531776870069537200232043654282760, -530533621230067478741716093495787547548
253, -36073023108568420293421736012869009408.000000, 542895490947920058365029458620228809076, -597327156100540873036315793509854683520
258, -49069936430106786067865685668122329088.000000, 551568998000415542040926019867558999732, -575424052345901067553451323771017147816
263, -50515147798766430730925596054166437888.000000, 593737690041187250093416149817487177412, -621037321402649140025989971535547865246
268, -58505811567165035294669059555552395264.000000, 561815095376966042132294653738393405400, -651911026899055087429922774855418069410
273, -64588862646501515989976426156268716032.000000, 556947168693259137656051241091145601002, -650556174683361838159325480976596693842
278, -23227136531276594255677922203150581760.000000, 460679580491552264618087102726335041530, -507438598707356717887595029462775448624
283, -3751142126783307149521701665081655296.000000, 530927253633459900762704272492603871124, -493198277672458261819044804277018494332
288, -6316972007436145074323639576767234048.000000, 505551693654476448383117463384930089080, -572715348292603584111182753200306440138
293, -12130392791589927375123398062782808064.000000, 482050366140623692935821561146980516763, -568852193328427710983754436813750941434
298, -22765721010003429569099505736506933248.000000, 469801234446611167671518135907894854547, -568182325418192010042220557675917985276
303, 30489949483793743749256103451376484352.000000, 551295125530503942513632388093480022196, -523616298206583652764760428305372099624
308, 60372121397484016708910717847946133504.000000, 602942001027309713007532704282562546194, -523196390953035294548735537070062523342
313, 68628883150335614684170447393896005632.000000, 577068242254505723552416402694021675213, -434086387012228640927416844529060722236
318, 42071810310285373554514501110459269120.000000, 594995109591333633782484358298933743613, -455377665744721875200339412843671011663
323, 28940238824427196046519230706854395904.000000, 587548230206038877130865252543238624162, -428881274974688765814744976159857858176
334, 20447093317068441301738247902787010560.000000, 501134414478680543580525869546019581410, -479764810904258527133035022733097660632
345, -12883752602776837846711844135944323072.000000, 460730281111085575543483461817279581900, -519546528593414682055754371674565354288
355, -35958394457411003278397733180759080960.000000, 541059800331318056591806587876542020437, -607331128575400056746708154104069312534
365, -27077631554862652957029921475153362944.000000, 546314376800586002904471177014048280459, -700845297143755860944453299884382842415
375, -24238590590460451350433309571606904832.000000, 652929102126988947637426837705948981999, -610619950496348283530346314441165306122
385, -53703290823688466199002871480279105536.000000, 806566941462065043197443097020881492742, -1271409571320621592531708411519426911447
395, -112014951453623604873331843260034842624.000000, 785056940109241443726057040152238904168, -1322945492250923680592753864123705361260
405, -83075797226951962468131608338888654848.000000, 652984107673523118674163184802759928031, -1424828619509158951618171392186346248685
415, -69403670183671813110365627085808992256.000000, 777998244313825352015433751516322511587, -1422434184625937780186243554645462992655
425, -5944747626356893839858907563597758464.000000, 720576462049757917153433635506731264969, -1471052745600570712299329403091571422179
450, 146304491537194987286454153596777791488.000000, 968638342423508261894216555374158418187, -1484156872798169125633910423631998300827
475, 151303907036347993602065586019880665088.000000, 1416670432859889484925886904990913059704, -1736154877729606628178072424556456768392
500, -256662546901347415116366336271956574208.000000, 980733802157993979182152934641461741715, -1166218917187121816241880896731587728851
525, 103506689680224764289457095898503839744.000000, 1210565739941676140334657631563723663747, -950026546762627262088191589428383992319
550, 101200556036547683765603456001287127040.000000, 1512464634943987589318771310433874275010, -1148058667485759613570583394139085771804
575, 75135437420636381441589239183908536320.000000, 1453171088076873051904285474581016142690, -1078970493640430940025929498735036651782
600, 0.000000, 0, 0
122, 0.000000, 0, 0
123, 0.000000, 0, 0
124, 0.000000, 0, 0
125, 0.000000, 0, 0
126, 0.000000, 0, 0
127, 0.000000, 0, 0
128, 0.000000, 0, 0
129, 0.000000, 0, 0
130, 0.000000, 0, 0
131, 0.000000, 0, 0
132, 0.000000, 0, 0
133, 2132148467015644813983744.000000, 4835703278458516698824704, -571406344427227070857216
134, -74795791834741234422775808.000000, 16464530742525018037551104, -319911995015521245356621824
135, -2820826912434134919938048.000000, 1208925819614629174706176, -4835703278458516698824704
136, -63248543251666304487129088.000000, 4835703278458516698824704, -319911995015521245356621824
137, 958080795594317925422465024.000000, 5091995552216818083862413312, -319911995015521245356621824
138, -124253490187546423950573568.000000, 16464530742525018037551104, -1237940039285380274899124224
139, -18461577712271081082024638724177920.000000, 4984920614584231748287070208, -332306998946228968225951765070086144
140, -10069950835184478369852300208373760.000000, 19287000644964651175929446400, -332306998946228968225951765070086144
141, -6250012093041393728390541080526848.000000, 19807040628566084398385987584, -332306998946228968225951765070086144
142, -4424012928587554155042262554247168.000000, 1298074214633706907132624082305024, -332306998946228968225951765070086144
143, -6646648539543478854755956467695616.000000, 1298074214633706907132624082305024, -332306998946228968225951765070086144
144, -4204960199069754357148412771565568.000000, 1298074214633706907132624082305024, -319929658485600536349737954972794880
145, -743795953565373343300413319806976.000000, 293364772507217761011973042600935424, -332306998946228968225951352753225728
146, -4108310803478356607304912152297472.000000, 1811611903138051521839043031597056, -332306998946228963614265334325837824
147, 941894207093168008420419333783552.000000, 1329227995789522541407846399186305024, -332306998946228963614265334325837824
148, -196145513855911850462779303518011392.000000, 1394509784214048633631868772570628096, -74353691014218769419779052567558881280
149, -1231729290666779666702626585575424.000000, 1329227996945487020917092502820880384, -332306998946228968514182141221797888
150, -345717394742981156782609540006805504.000000, 1394509784214048629020183303899054080, -85070591730234615865844214807895474176
151, -27359900568138201405637726578933760.000000, 1329227996922459581354999395347595264, -11465261403079637394475563252893876224
152, 26705870713497335951257683158368256.000000, 21267647932558559592918794816372867072, -11465261403079599615471642701694238720
153, -593724287103191217397309124298932224.000000, 87209818035950964848793712748100845568, -85070591730234615875030995097777864704
154, -308112077070193270569444256698597376.000000, 5005374171627573831597555452154478592, -74353691014222496473456643213541507072
155, -11441242254788967674883544836997120.000000, 87209818035950964844182026727525974016, -74353691014223661791150749595199340544
156, -52136950324389259240372292842160128.000000, 87209818035950964991744720318133960704, -85071098795435521269145072826150289408
157, -402217044276671898763087726824652800.000000, 87209818035950946102278788839553105920, -85071098795427751905212762348920766464
158, -487273735335721243066402290683346944.000000, 87957508149648283801910678789411307456, -85070595533186416508418625827259286016
159, -701924275574143686433496687951478784.000000, 120980516823576354348412465576379154432, -85136793515257851639748283188913373184
160, -346985716972798774168523914650583040.000000, 120980516813363331325092836455003455488, -85136694126873679719367002402736570368
161, -650618626795788647288196419649798144.000000, 116972469899078035803067490229907619840, -85070419319774476283814636133876695040
162, 179179908585019990069640569456427008.000000, 340282366945561120749613717502960844928, -131640282043279972076083002051844636672
163, -58830293244068230639964240327213056.000000, 121956668613525441568584055311641870400, -85070683987731907513615376831842224128
164, -351308543708990821247482169772736512.000000, 121958291206274227077626315798472294464, -85070591116484425821080303012844535680
165, -339318690608033933331943642990903296.000000, 121956668613445642724977351090915246208, -85070591730926945752340217864160019456
166, -878438338013722012624966761289089024.000000, 402033993444865939032750166166648832000, -172777692914170432471991818034608144384
167, -920349569246855007493752439407902720.000000, 121956675882095846849780402910768070784, -85107262256362928122819602541573046272
168, -1522632535282509241049862463972966400.000000, 121956668928541325417113806192069394560, -117489915757974566504765714140321939456
169, -572213577832146097898819158502539264.000000, 340282723408518217321611787344128376832, -170359330970424002230420251848847859904
170, -2190360641650346035650025980912730112.000000, 121956662225116716399947002457282396160, -172170347034194686934081090798225456640
171, -3134398493143234722861891570838274048.000000, 125666440219826451091759350229645377536, -232622067498168851969475398747090862080
172, 370118511326912174496682797818707968.000000, 340739638352500866858991378211847208960, -170193197738634530215507141010391701568
173, 2250743154397916534267827109381537792.000000, 393700476881515193634861605891421783552, -171195168048063199553578621875855169664
174, 459988227526204804489912528570155008.000000, 340282363857798306509750954697392244608, -180769886067770775846033302204601630720
175, 240049530581509117767446866507595776.000000, 340282445009528204278014801175952607104, -179440324411563826458686685141333475328
176, -1017245236107799318628099190566158336.000000, 340282442973237317382201860217001594816, -298578378884908348102955938861179240512
177, 2466751396960737447389547969311145984.000000, 340932905271545949555987971184263696320, -245937415956418806223209711041354018816
178, 1069713072014594378087245483043979264.000000, 340932905195877474404566177072446186432, -276435318359968530972974868622441069248
179, -572189495296711232691535445976154112.000000, 340897982306933311156561900867833376768, -276100415556294027525985685867908120704
180, 2837117004239910851832883077449777152.000000, 342219650424277088155753983457440806912, -276440999017564029913001208663809217168
181, 2259750062357024281055440233218179072.000000, 414764160745905828511912896389534023424, -277878724395553858364737260784289278528
182, 1744961143299919701467979299682254848.000000, 340288494255108101551874232273086736960, -280996594576032859587019602493848588928
183, 3984016456243462114494952403204308992.000000, 422643613167750115515446275168785955072, -277876503954034795758406596254005930816
184, 1371076185804439683810113524504461312.000000, 341632826093596761868877869474237026304, -277902016175970400264410411409615784768
185, 1036482478455727536523243665670275072.000000, 416045033041645884432511811887562929408, -274117508824346032263875968659819032976
186, 4028783970941373394011066727944683520.000000, 340567278392391058080703785192596121600, -278545537624134291645359578507305060160
187, 1312034613570867572049181329101684736.000000, 342399623341634772509035978969631971392, -278027005241593464616227720280786629440
188, -619803981637114243578279033483296768.000000, 416043032962520309892626892375545165120, -352804827330549636447876077619295452016
189, -1149619329058775726489958972561293312.000000, 340065382195158079242591803169401142016, -352804809727938856730797172023572405232
190, -435396505159621932756702456071585792.000000, 339365938095808753397191849706044477248, -350498240564530125943960212227561173408
191, 2163909777615543282803507056806461440.000000, 339785957583609188745059358424881283456, -273831226372380073733567201914660711424
192, 3534784181752318170508003368780169216.000000, 341752342829853220209942222671388893632, -273967541927031277982756879076020969920
193, 7069818671048084644104068007104348160.000000, 364094692999670284116528008213233403776, -170837366637286941112852451056611026752
194, 7338142576726883629246430872875302912.000000, 345753504935501260284963158611333529152, -290785813779929409494114698538327720704
195, 4279922210083087630816592792121245696.000000, 384548221480173917451661558384423527808, -280084230195423944609319373451003896944
196, 7093920276947958753071367636887011328.000000, 423624133239167850819803136850622525856, -356110381184670132402925652664472389952
197, 5035308115688154499693890006721495040.000000, 374143140347680437437482029051572775680, -408454988120686211677579930020721081648
198, 2695371320246973414773395571399983104.000000, 423817181600440659948020333854685114112, -345398112426457021890299655468415486608
199, 6731850030526776256177841003380604928.000000, 446972728783262715851136652598372589696, -348282701862718413194139117303679736352
200, 1347773911282266376084046766015512576.000000, 339809614144138483792540839142174009680, -347705649489906620878293975327369253392
201, 679597055986967249849704463103688704.000000, 340757029553127920737679107115948599600, -352040897747343450184447672929337808240
202, 8862937856369270483623611785099083776.000000, 407376081891340284677521512880118845520, -424764008459522238904045397116962179968
203, -993156327169752800953186568707768320.000000, 379310373171437166345118957685670514848, -501202373971541086569495476752123193536
204, 4690234505992691066851868962723987456.000000, 411075339627660466136576644755998746432, -501196905714365282252145766546175028432
205, 1647964487774024653124279379985170432.000000, 368741482682991612375718937899976394240, -501196514884249898210178587013498131664
206, 1303872933392031232211795155085164544.000000, 367407739245432587347758779320221691712, -511579160703865308711719400058362723472
207, 6537048317042803762945018049561886720.000000, 434724968054137680007854653331786454464, -330938257697479841812895445233207078784
208, 5867235749324236096748977488369025024.000000, 376266786837845533661560450792972770992, -522563460904281203182094641720828773584
209, 47522949747483347764851623298334720.000000, 363629055470026315252128059641837217904, -495013156494085626007738592077288817536
210, 7918328961974925705121666592977977344.000000, 492409402068190995447322042272518954720, -524059619622639631303994284103116690304
211, 8806035915317334262898484643666853888.000000, 367628496929148311402691750409016662656, -500804208208137573586870959843748306800
212, 12511099624113142228776215176309374976.000000, 467107520402792199058800942861997184528, -528627781541786565421554764756148392832
213, 9487478590212369835485920013940948992.000000, 439992676909711514296358117644348647360, -498484949533252932548361781080818656112
214, 12046687163809335706505024067893985280.000000, 467339977073000729349696781550423741008, -537374976284284447212951249587525378944
215, 10438988010589075479465434241753415680.000000, 518598615032798329345602666870311224896, -511746583876437792922782459453780355664
216, 18587998112426235738157974657416822784.000000, 386461043638690822401471188993452718976, -553805915687788503164740395247688807376
217, 18757855491231737162149814365553950720.000000, 398955966872492728597247759155748375440, -568689581993653879885410045330915707856
218, 14543226293768609005887110497372733440.000000, 432686607185995995894227982745131467392, -554928527408069756528012107904438483712
219, 13919471461185541921746142241895743488.000000, 455222687768717073176082178305130733856, -482670820044414778277374842242899571484
220, 23724503854251443451391665769956769792.000000, 466308270518631054249667092174657932336, -496251699142392755729385241670293338752
221, 19707631991668213706786370588126478336.000000, 478725721357037310181310195709875916912, -522954679956048410834766147875265670784
222, 19592354969275231141825201576989425664.000000, 399569280469179895180742920869828565708, -491092261369336690692632349713186533856
223, 12779579618126160764275316832193216512.000000, 482246097035754129479656586469721006844, -474365246834127267372360779158018465520
228, 7769371045818879237410173159141801984.000000, 526129980595065822406280334150455701080, -531621902661081336963441351101346015480
233, 339484276441366360324820288529235968.000000, 472583734214565295651217876226432116840, -482625441563303935613669281733289548464
238, 7414825996872760647010162372572610560.000000, 546299425567856448560240911039072657816, -500468973401796929589399597292526049064
243, 10041401964033850121092010384595877888.000000, 534038291923028711774148985329874819216, -540509274820075484186024588296695698616
248, -9132445821689135465259969117480288256.000000, 470672010468031385428004105335609200488, -636091770095557562425942234274818747544
253, -34373326900479080554940773634335047680.000000, 493631997151167178110574165048100479948, -506583135926189173377105149112704337796
258, -50156656475010889100481893860680663040.000000, 566952112326601988924370505750807203544, -606261669850140606119263377998704216524
263, -47202321856206910387341158250430070784.000000, 593684998015706471702644349641967976388, -517065109797749984878641239362250898440
268, -66496649408170026600624066977926742016.000000, 566740170897396955825416151733468363176, -648588676768802034450744571541783003554
273, -54823793482867157856015714578520342528.000000, 535156984061287698125893390549681115114, -650428291192616112272988509624322585442
278, -33007071183602597935730122739001851904.000000, 427660768431934543944692854600899746582, -535118642822827640949779456654979214278
283, -243275610226146025973223448752685056.000000, 489684086601801789261382175339566017260, -587427588786505641004140241764510270690
288, -20829978219729971703139542110818009088.000000, 561094833861318279061217717251670718615, -608802714384376903271853396024701374827
293, -1350312864170012599041496423455522816.000000, 581866474628468550441423309877647446316, -523302599356070242452008147023430286140
298, -9339700437643152282139960636176596992.000000, 539684235516224847262183579613132376255, -552073256948050697420573559017298972488
303, 31304898192338152078031377681346461696.000000, 590908386429641644156178082648888451100, -494336174164151068727914586983454520360
308, 62687422892583618831885489398821683200.000000, 597643025787248083197056361953429572114, -524565272169191679385549343729510045710
313, 54440622284636344014522145585848385536.000000, 602981664017902844066231918421288690450, -429601837019952698126934699027057303090
318, 46123000354426791111610571325949607936.000000, 557845037332108186218341829040162834668, -491255330242457101339170481110716896443
323, 33878593807385646012685571800797544448.000000, 549573580008924564794794157884089213309, -465492989431528902620085812124146830514
334, 19578103195137791634404808419811786752.000000, 595134852932159145468714791277137596269, -479678402104173598143260468044303855320
345, -9328136279071897520128572115614957568.000000, 450669110947866579690261607427831234047, -489196968855716064569414209005177813875
355, -39748857627615592652641972939063820288.000000, 470488334298192715437683773656436388364, -629295909279586456477091148490669060502
365, -43329338160255235755594626810809155584.000000, 531701923848884791342611936979577597323, -593076714899458649103655089770849135406
375, -20634809583910861647039565682389811200.000000, 502374475614973449686106652047939458642, -639462159744077878322970707998875734138
385, -45487141023227948433680621180802826240.000000, 455789184721669657438930119802463904252, -1283728119034017564591569177085207184201
395, -74329006095876623022560142154287546368.000000, 714030207822070133993690733684549627023, -1417387103262128674091645897603306731555
405, -36779432214518477186351486452006649856.000000, 706232903216119506544721783119959114033, -1381459833972790622970485911680056487592
415, -15552260472749470143693171068195831808.000000, 672689374621217425723657495179761080621, -1318417391385547637128617637510253931571
425, -7642114814353396824257038879022907392.000000, 640990076881636616905606280042873179541, -1403266216186806688964798750893836543832
450, 119622838869462601335128882823368278016.000000, 803406941043490726875360141800986854869, -1341616058010765905377717810952135275635
475, 139991348353346043630475746213737005056.000000, 1196956700753923720015552032930410669703, -1503929768348823662732904781897053446613
500, -217096148448863989512590956573629612032.000000, 1150002019925114112944378210689794672269, -1225799799029212145966716986130386442767
525, 65165350962191732967865778174825594880.000000, 1406846749999104429423130911665743394973, -950854636109464704589385928999056582143
550, 32655810896437378151342387135829245952.000000, 1290602271340082382039183288132607080407, -1111508877293935590681485487840649365099
575, 74717250200557237521181814350193623040.000000, 1389558214625913207150948790330382132792, -1094463812277626329004432200372608361152
600, 0.000000, 0, 0
122, 0.000000, 0, 0
123, 0.000000, 0, 0
124, 0.000000, 0, 0
125, 0.000000, 0, 0
126, 0.000000, 0, 0
127, 0.000000, 0, 0
128, 0.000000, 0, 0
129, 0.000000, 0, 0
130, 0.000000, 0, 0
131, 0.000000, 0, 0
132, 0.000000, 0, 0
133, 75557863725914323419136.000000, 75557863725914323419136, 0
134, -80120850339987118106869760.000000, 4835703278458516698824704, -319911995015521245356621824
135, -4835703278458516698824704.000000, 0, -4835703278458516698824704
136, -63248543251666304487129088.000000, 4835703278458516698824704, -319911995015521245356621824
137, -128001396346450731021107200.000000, 3943176013196153753436160, -1237940039285380274899124224
138, 2003747617494321316319199232.000000, 19287000644964651175929446400, -319911995015521245356621824
139, -3832408516238246082796455003684864.000000, 19287000644964651175929446400, -80480601307289828242222693102911488
140, -10287237357617509365393142558228480.000000, 1298074214633706907132624082305024, -332306998946228968225951765070086144
141, -6047044656639235183676219715485696.000000, 17864959056995140537743966602264576, -332306998946228968225951765070086144
142, -8452261897078311351673103979642880.000000, 1298074214633706907132624082305024, -332306998946228968225952039947993088
143, -6524552678125773709347204538302464.000000, 1298074214633706907132624082305024, -332306998946228968225951765070086144
144, -3023029867453103428402425261719552.000000, 293364772507217761011973042600935424, -332306998946228968225951765070086144
145, -4262868950772884056542054916816896.000000, 1811611933517035106139470691303424, -332306998946228968225951765070086144
146, 4370610267365663500880232126087168.000000, 1329227995789522541407846399186305024, -332306998946228963614265334325837824
147, 679052833003436686208288748994560.000000, 1329227995789522541407846399186305024, -332306998946228963614265334325837824
148, -191858820367610859211676189376643072.000000, 1394509784214048629020182754143240192, -74353691014218750531464916693678030848
149, -371588941559155187935644446003036160.000000, 1394509784214048629020183303899054080, -85070591730234615865843651857942052864
150, -517993433918817468524373719000285184.000000, 1394509784214048629020183303899054080, -85070591730234615865844214807895474176
151, -334510749482552362847567307949998080.000000, 1394509784214048631326026313112748032, -85070591730234615865843651857942052864
152, -286148404081576956141938150448562176.000000, 87209818035950964848793712748100845568, -85070591730234615875034935747451813888
153, -257573590689585484096397369298386944.000000, 87209818035950964848793712748100845568, -85070591730234615875103052691815792640
154, -268253243117404067541031549082271744.000000, 87209818035951569311703520062688198656, -85070591730234615865879680654961016832
155, -583746807236227688307119184760799232.000000, 87209818035951569311703520062704975872, -85070591730234766967772637378279112704
156, 237638084724058398379071787902173184.000000, 87209818035950964991744720318133960704, -74353691014223595678019989420166348800
157, -252555897191802297993044038158123008.000000, 120974738139916799576512529679273951232, -85070591721010757406794077544403763200
158, -957332827795278265947339521366425600.000000, 87209818057616105722492072908594085888, -85070774276874093484537060141224427520
159, -863576495270920617968797008699326464.000000, 120972791034478686223288877685992325120, -85136793515257852821254134700540166144
160, -147410246081848664576492590923251712.000000, 120980516813534694172899296429511016448, -90397796021452860725855571204634116096
161, -429196750348980221969136893539909632.000000, 116972063309031272708506145677675331072, -90387422583740922642542494850339569664
162, -226479750529031219193364232510898176.000000, 120980115957838883025450193823594053632, -85136694598825386906870396754638405632
163, -412469202680916796029897786913718272.000000, 121956668613525420317876335603082330176, -83741323296008858326614486205184608256
164, -782468869824092894574649971262357504.000000, 340282366922792089109276967005289644032, -170152866132192259561951342000471146496
165, -1011812499816903212175753200078422016.000000, 402033993444865466228145611845039734784, -172777676475467497246552732250216136704
166, -21101335339272160330356917765406720.000000, 402033993444787555445910061268341014528, -172777692883211102222751013041007034368
167, -866813494554837291855315938519810048.000000, 340282448050594675578423277606996721728, -171044602592159008876335404227427762176
168, -1554476454686587723133132015728066560.000000, 121957946577271647807888239453048356992, -85148330856754888235240520435936460288
169, -2314054400599436696179681735089324032.000000, 125666438199517868400907175759029452800, -117490239486107262966780156673737097216
170, -2120968094481147549057912035491184640.000000, 125666442988481292870722653665186529280, -170141967832518564932742163616556761088
171, 528871186466212367956657748268023808.000000, 340736633324393401748287219785987989504, -170181028371792715605425434726927372480
172, -2840720367635143296630341478446530560.000000, 340282363858256675810521311591454476160, -297736175914944328883165686105866534912
173, -265174566252723585484847784858222592.000000, 340313813388763562767306914412631117888, -298579806888458305775822748646985269248
174, 243594154715487765862300101048795136.000000, 393700476495399823948577682374832913920, -245942741706944882163912432694892731392
175, -52720100304460086933737451882020864.000000, 341113920110618374024940433078010312192, -298570445564226267839043261835133616192
176, 1888382814254517256746428770518302720.000000, 393700478406152994962367499065662012928, -245937415955962899332984061294793990144
177, -75304917894166198423567754460135424.000000, 340442762317371896861938171873435107456, -298578055949405107765617453547084496960
178, 1161284272330381253507101042845679616.000000, 359333380035823603339808354634191675392, -245936912131264768677726850497054649856
179, 1005389206574490317756760621842432000.000000, 341631219377883687920764365970485407424, -276441484171297538108561914533711328976
180, 2462983505979905182259249701537710080.000000, 345884305998151330605614601651707185344, -276454629278417913741031776970751164576
181, 2029123032940783677345924755543293952.000000, 342240001623104543621932777733057628160, -277107679266507853999640511427410249488
182, 2474336449569754636598925753485099008.000000, 417864091087886193939816363783194998912, -279100548951318303170556807433143863120
183, 2456649321469923288094051086064680960.000000, 343806756868306932644144470847987692032, -278525061897349784757622899183876320064
184, -964949927430335429762819496624521216.000000, 416011771267611364326116777618414646784, -352250508298574165625930421385877328576
185, -193584747502011559087302968038391808.000000, 417889050799799332982367371850916288384, -280600837982328294933063285531540690560
186, -1206337823737697398437278600587640832.000000, 416043036609045497725054331085775916288, -336998410064209967934533978466341156608
187, 2352929184642887699315859148402327552.000000, 416032321951083620236120075897760027776, -338392285823493018487542163701117513984
188, 727321184222508881039596843471732736.000000, 400845137770130251075316436832751402480, -279966356465346701424409309139835040064
189, -703347245994181713761494044304736256.000000, 340005815452995821677811588973713685248, -361630124674973594273643647262830937600
190, 3721018290010307340702473589987737600.000000, 435781546521844520946985644831405532368, -340785657914560831636995506539729649344
191, 2723533759819031503876078946379366400.000000, 340439384235725615536696307381327072576, -361163659265670613522440527353445178944
192, 4271674586653689167800966872163155968.000000, 340428204129420142896106474690015088192, -274303039212975373565330652968696785856
193, 3713326389653773810099143029771206656.000000, 436439986000907656081323793615860881472, -346256771366902066835840452511207709488
194, 4702883392985361239513909558633299968.000000, 435658723331864359544793414835062884416, -341269098714097616403422945877731348672
195, 5399470490273299632976494330443202560.000000, 378204614444346833790456923583173434944, -286040030116446990338928857955597668128
196, 4349810073396572168346182305533919232.000000, 427151690242102736406936388660136096160, -359512810095857956689750259092271098816
197, 2743765695601515313057241577845424128.000000, 339052102084864486718329446436460992000, -405839883274002201857088388745687731984
198, 3746326450673896175296004197460213760.000000, 345479655429798609147234990302419957248, -406658810886833839566939297238425304208
199, 4690839350716043000152484620642811904.000000, 406300694178690699566939605056645314640, -279715647982021746406934473046096564592
200, 5403459907119662859439378251366006784.000000, 368294369548857546217490400858257169632, -386486560489153287663450561110251401232
201, 1359711666614020578522904473823608832.000000, 387691059878881376037821318809667087296, -510187451503251373023809561494884112704
202, 11319067382088436433391440555266801664.000000, 423605882912695071848269321826879456464, -450536590297398684745143375190130954368
203, 111588764191238624635167743372427264.000000, 376889618744512477254006818122857575840, -501195487501049253316449032035441972432
204, -2187135372776388865915793452847595520.000000, 383513344222296044251747996410238425664, -501168792364810409295716164364356360400
205, 1430562046480043339473371920259350528.000000, 424567571160381841963654562754435266944, -508773757282237546989690394474879249744
206, 2899767579611737489221191174849560576.000000, 540337394419827821944315026928717066688, -505614177948636566503073199722392929152
207, 4552526940644651046113785152964395008.000000, 410130541531217591889712079583643553856, -331994151654481805738819455183075140288
208, 4874963713079624250812150648758337536.000000, 391396069112097367574826146195574107184, -505277687825606715465858354307490644864
209, 11382642670424120007007933301625192448.000000, 402809471824125599143911919945029011376, -505638479370429937625429884047755137920
210, 6058948922214602160786054403508404224.000000, 373460960524643114748316075289670690384, -498589837378932314045599576579411615520
211, 11847782881992313807719556686022705152.000000, 402430734918158217686035610616880208560, -524059248564880810333310023171123876736
212, 13987190679942723252153832844541558784.000000, 393512440435655296958998761626602785072, -524069104807771320672403794634799655808
213, 17121755771939194357868177490198921216.000000, 391385804410486566848730583846506416432, -530032640044429768507923048688825774992
214, 15375303114121039266729709476075536384.000000, 422044239347951472811155050765355618688, -528033936794193279811464040414860735376
215, 14520571382230336990696827025608409088.000000, 393964183702043837046848509906981115040, -438353767334831134069576925460276745408
216, 13734385830161068134336545900168478720.000000, 506821002981825574171154678650250769136, -425848656240125270111386237991488516044
217, 17146784594827982368439979035297054720.000000, 422159392267240056665485378737553361536, -474729181235317548472962781307545965312
218, 21671996897981688356398282123002249216.000000, 393657405345872191860425940604975412764, -482470900184792195008168200731977828096
219, 22854701900428736873461354959091007488.000000, 400251777844610437795095540599594557216, -553438501740765518739890738390496897344
220, 17812465119054638237798957749872099328.000000, 439457930803290859702230227258411501184, -474695462274200183749108490757571438320
221, 22930944855582370809560017699317219328.000000, 415959195865544780250977922705625700348, -508148058457823608055670447295169374608
222, 13447779423689802626815262054196183040.000000, 437228910851269422845854405533658129404, -552930893181825329785687619728248121720
223, 11703471682758957878881523724382633984.000000, 394160572704564356160716828790950706256, -520138021052981223175182998350273147520
228, 9335964541316665043034431256294064128.000000, 516018936806241782495711621665527998744, -530534200388399230649046740224279112440
233, 829772765470994134058242892302909440.000000, 502518663607488929137219681757659272536, -513606162875501352412988798484559723832
238, 2907336438547033705752416458700226560.000000, 538828818350461905770197261422126694040, -596357679120286468952580501592765314728
243, 6934484752515720236997038441865674752.000000, 592571259915011590910608148710059053456, -621320104581837144931961523911824636016
248, -11336728666540660615145042753880064000.000000, 593534546764194592642375897496884726336, -541638160169773320358980583598819736544
253, -40155112755001754626052736216062754816.000000, 455244180683153832462009393568607183820, -532103484572966764024260653285656231240
258, -42004434966970287102097994483832455168.000000, 534218058830200602980917977636153369672, -536959785647136770381539526771499207680
263, -43306045091941692852959548507422720000.000000, 594195255443418234446724147178413930180, -547165605288698274927466513998919078984
268, -48517255297398491309461658560354058240.000000, 414440821856338427537795432024341802580, -595586946381419295847200239175175334558
273, -40155350355787689081610075909532942336.000000, 423880482883351335372799136252740252584, -585256262930369187313639862842222666300
278, -28338422443778760785187852680601534464.000000, 555558975667552988800755419619863648308, -648458960444394562638653966436364478234
283, -712595332638199922690376411310456832.000000, 574010146826189769743955022116461316627, -578309969305576626032998052332878556632
288, -23440962704224178467792102888948367360.000000, 396869683319083485964420281262783193812, -458876470460562320864265409427803250480
293, -19336311122491958421092821220487856128.000000, 499640098232396814252103787459367151908, -516689098038911639415473641875327986064
298, -5911149362915148462019835943297482752.000000, 587413832333901030323207882933232859164, -567877676698022641447210504270101125480
303, 32293202849895900880074448766190485504.000000, 583082568878760937782396250799839824292, -528315579468250549844682011799833933139
308, 60465062441583673272768196016949166080.000000, 566984979684758536045065904419392261118, -526537288465040433368821029753763600542
313, 60198458491567393061753091502645444608.000000, 578685738394666161805701276865377651405, -428643152522253212089984874590706359858
318, 59629701101279436762454430953274081280.000000, 565166241507076642026045386257352745346, -445704960109225537694288116820251904524
323, 35643133256056155661590242505772761088.000000, 594368078967210426367533806876703890173, -490797852458162324486204752190690697573
334, 12297301892863348040485757510559465472.000000, 551236997267744859177563627683854897263, -519679867355648952525148017576136569048
345, -12761286747967725100832136725950103552.000000, 467409032962035790316941041142653935713, -543088514249729036631474443740691481956
355, -41306595672201646620011604433239539712.000000, 457557112727052206653244253752689446941, -623693024437349586188525101981160542126
365, -28370483445490032916369726800910090240.000000, 598001920679603438128671360347749409717, -628269882485378062404846775049503274127
375, -11795981448215496531417870970365411328.000000, 673233359049389394764244786776854447563, -710762901248155340182287743766385725112
385, -33455710212966770877061303007927336960.000000, 784001719790492677498220331912629832543, -1085987785678244353385604099133784312980
395, -105022811828051670039958704778484121600.000000, 667098275899856260222416639936740533138, -1355253035349044642994199586257995647251
405, -72402717978978832175789678409694576640.000000, 708327465206023641066063566231096533537, -1382240406148935149104488752248111740839
415, -92130736705430281706851639030647357440.000000, 857203535493958756734475986567408282156, -1483677457639726460034938191129057282361
425, -11152108552652723452720279052535988224.000000, 699061254120638548877522552704261376844, -1550766214371247131177610141699102479884
450, 131634472160263901867521135647150571520.000000, 1015354661512216464617098361195663362815, -1656265321954694283669643361010566949133
475, 99902611316390567825729506264355962880.000000, 1190275439941658159778890654545911604335, -1644718037816170713523804424536226472513
500, -217682315350653090235876521510476709888.000000, 1033936935251409129004568831433691161447, -1154128537422201068190469314711714575669
525, -237138988836936831375046641879632314368.000000, 1512260653761513736603118662251172692752, -1040400249104561007186687503083187298711
550, 14558690633335765669516399506389729280.000000, 1359647471967929671378792625240708868804, -1384368903218881506056621328926854692669
575, 52346897464044923657165209023669075968.000000, 1305001566628476061884926097350354559826, -1350211929778225642088421888220632250077
600, 41017727923089667284330674256871424.000000, 380367601903388017989636332102162006772, -368091836728584535114534506410534667865
122, 0.000000, 0, 0
123, 0.000000, 0, 0
124, 0.000000, 0, 0
125, 0.000000, 0, 0
126, 0.000000, 0, 0
127, 0.000000, 0, 0
128, 0.000000, 0, 0
129, 0.000000, 0, 0
130, 0.000000, 0, 0
131, 0.000000, 0, 0
132, 0.000000, 0, 0
133, -157538145868531364328898560.000000, 4835703278458516698824704, -319911995015521245356621824
134, -80120850339987118106869760.000000, 4835703278458516698824704, -319911995015521245356621824
135, -4835703278458516698824704.000000, 0, -4835703278458516698824704
136, -64314145248525838211612672.000000, 4240685101616941401899008, -319911995015521245356621824
137, -10060074564384057692651390278565888.000000, 5091995552216818083862413312, -80480601307289828242222693102911488
138, -104848735366641186978660352.000000, 16464530742525018037551104, -1237940039285380274899124224
139, -3832408501737489421372040937472000.000000, 19287000644964651175929446400, -80480601307289828242222693102911488
140, -12469378975568763865234219133304832.000000, 1298074214633706907132624082305024, -332306998946228968225951765070086144
141, -6367936849442325157153717400633344.000000, 19807040628566084398385987584, -332306998946228968225951765070086144
142, -100078007901357267121401921273856.000000, 19807040628566084398385987584, -5192296858534827628530496329220096
143, -2939771743906067279455498381819904.000000, 1298074214633706907132624082305024, -319929658485600536349737954972794880
144, -5022211421822824674420726687596544.000000, 1298074214633706907132624082305024, -332306998946228968225951765070086144
145, -3076788348762998271482060112658432.000000, 17864959056995140520292518046203904, -319929658485600536349737954972794880
146, -5166894503721080844131234515779584.000000, 1811611903138051521839043031597056, -332306998946228968225951765070086144
147, -234860030251428323039558575329378304.000000, 1394509784214048629020182754143240192, -74353691014218731640842686010769801216
148, -202129061766491170864950302161764352.000000, 1394509784214048629020182754143240192, -74353691014218731640554455634618089472
149, -24640144724430154970860742332383232.000000, 1329227996945487020917092502820880384, -11465261403079637394187332876742164480
150, -350502961356500564295748424801714176.000000, 1394509784214048631326026313112748032, -85070591730234615865843651857942052864
151, -25667649484516516320646257753194496.000000, 1329227996922459581354999395347595264, -11465261403079637394475563252893876224
152, -487723202241209292415602398465097728.000000, 1394509784214048631073822569316483072, -85070591730234615875031276572754575360
153, -15088582014988470737760144240672768.000000, 5005374171472831319769353890151006208, -11465261403079675173874674671395274752
154, -131678945992929285383321407268585472.000000, 85070591728996052469280928095191171072, -74353691014222496473452139613914136576
155, -592036358196732890332064016880369664.000000, 87209818035951569330150264134792380416, -85070591730234615872814942606134870016
156, 58400676393055614227396257118158848.000000, 87729819515502845193110729108744044544, -85071098795435521269145068428100632576
157, -594389700033380531823389425673437184.000000, 87209818036569935011387410455583522816, -85070595533186416638117861899006115840
158, -809220811206488699109654509570228224.000000, 120972791034567411201086251306157867008, -85070591730157348436809325002407018496
159, -795427594859689375132276563120226304.000000, 120972791034567411190773008159469993984, -112652072633487070542691650572248186880
160, -326631987307078556446340819634356224.000000, 120980516813534694294090036502135832576, -90382311416897155910475721945659277312
161, -507500781273493077294326469990809600.000000, 120980516813457325320931171071550554112, -85136694126873566972327214147138748416
162, 253300596349707402482020708023009280.000000, 340282366941615208051325012916947632256, -85136694126849631658078794223931359232
163, -11529781749304478277299070207787008.000000, 402033993448574651346121492261001789568, -131759796141858072707016362931102154752
164, -578078551357984901833505369996918784.000000, 121958291206207795187723022215241531520, -85070591115870291513939808464661512064
165, -556399360033383408149899217953882112.000000, 121956668613445547787473376980284211328, -85070591730850217545403545959666811904
166, -940314494739485859877526572105728000.000000, 121956668611642102120840531701314093184, -85072030183168736678668869029592825856
167, -1727901693475966423620512468086816768.000000, 340282448048719860396508574405013716992, -172777692883281932776249546361194741760
168, -1107393994340242241789742789827756032.000000, 121956663542303935705583108175860269184, -85096877550611702059753585625524272640
169, 39228819844890542263575252184334336.000000, 340282723408670424911129209343970246656, -170140006081955072638559131136507838464
170, 107559359147800133917037527528636416.000000, 340739637656447091980728685557147566080, -170359270158202420917107163498217148864
171, 833967832639498493306779837159964672.000000, 340736639076578403063973190162590932992, -170193054753943556783900888479226309056
172, 524935605029369666481221627883290624.000000, 340739478623636113783806122949372477440, -170359208253181743620370505233467644032
173, -2042993551423738830266004817531895808.000000, 340282363865198661195222198890834430080, -172697664433753480653500431570875480832
174, 1974750126755998988538443027120652288.000000, 393700453631723277068537158459132444160, -170141466564802922886037548438128167936
175, 58716830912222428421080622368292864.000000, 340282430794293553517692869581473959872, -298579807005479333459260503578656686080
176, 2137046948442415176096060295459373056.000000, 393700478404645594655144710664320022016, -245943257388858422729735407471390887424
177, 2245518063980148513568746853334253568.000000, 341959292732682552258686208973650649088, -245937415956330229390322484333522062848
178, 868026667925490416639249816215355392.000000, 340932783226720039122904095824629326784, -276434630759725769632110416971070585280
179, 717351836863965941639114886513426432.000000, 341561284353053520915233359339708291072, -276100820396968740663914401197146849664
180, -1497433908786084148936057021158916096.000000, 341677004792704573384502930831758644256, -276454003824724265504289492286958291104
181, -996574452104259799144576853221572608.000000, 344222613679945201089443869316697287680, -277878620926736789466387844738840193856
182, 1393784952906359926856052698446299136.000000, 422624805157581821944131482222206813952, -285575547902431082735840598621251138560
183, -150532595860263040726679488573734912.000000, 417865563266261595065954517330958482304, -280476069004152963736902430853093233280
184, 4744695828147791920691322634612244480.000000, 345307844014279508639214800193445953536, -277877699531623037004541701379279055680
185, 3191291623694282883695959002862059520.000000, 429335396411546492595576003147411303424, -278379423569888064632618757994950314816
186, 3956675380812433862830738291071909888.000000, 422571438251559488540369727936702955520, -276407967203138293486066101867103384960
187, -1352052997929292724652703409210654720.000000, 416042998373920324533175409925641057600, -344116367570591999479418914493342211776
188, -265740213309432134345682140784492544.000000, 339827184593859045753657361124371173376, -360307701458715205609050335336145283488
189, -2299501577814918478104398521876611072.000000, 339177420150253587933629070517170678272, -352797142625840272782838676962924403696
190, -407291934798741244100493060702470144.000000, 340796717518118530355493039210922403136, -344447941844542766548775571215527781696
191, -87967460184546640100282462805950464.000000, 339508752194898427176981644769952143808, -342367573999199185945358130587546362816
192, 4236355239328649073463797653774008320.000000, 436146558388364064814266948428030830032, -362554818560803394908015481365178441792
193, 5005909980509410331840323646675484672.000000, 340861975397727484889361859767146108480, -170950965263398990179736235923421533888
194, 2633234905350892119102807492739989504.000000, 346262545255192181396672905898456332608, -341438278760386518977752489689547672896
195, 4701746088733518739291621738525229056.000000, 346086191787973124563237825903350713024, -356755530202714858364033523172781872880
196, 6847819265922277328838512808374042624.000000, 377468474498492409507627833832818155072, -288675510092703717824330290279365450352
197, 5569868822646516806429387371321491456.000000, 423787886952607540521931891302834360336, -358903240753190424824033053169717313008
198, 4512833909509025044633631600330932224.000000, 374092445845368347060498626575811896064, -387680051096945219145662142244166298048
199, 5412744802303986602169084180361641984.000000, 424857987780679541272562274050941498256, -279307670355662062106778931618273905520
200, 1507531227505024131829181298371461120.000000, 339816911393449362096138722817625643696, -347585083162897839541286818957120304016
201, -288577543119265364523379467770396672.000000, 355945830328624233545341033816556682816, -506529527821036223281591072548778793280
202, 10449567064590180046866042112926810112.000000, 447330837937617667834946702761198732416, -431413471767708270723037605220669190272
203, 7681083958893948129789827480635310080.000000, 517380838803342884373309009640690516608, -500537792133829419160358610135940927616
204, 3559574401708638049833228199350239232.000000, 423568335802067533278026587053280428672, -429216225647633795943322530330436177280
205, 5389450736317110283978762979203088384.000000, 408780519469918465866478012457808525120, -501204814775184461158967142918616599760
206, 2286577570639698562375169936696803328.000000, 343869616813043655197640924030255996528, -505277561095977633621111288937738584960
207, 10073058925991852474736238836196573184.000000, 540460063065828364623323071515509356480, -460786249812593875573392568408691328896
208, 5039418497256342458943968172570574848.000000, 390483020822880318051434844049442340528, -409494095188544594406638443288982719376
209, 8003693665813452693221688699472838656.000000, 418386110360307771180355926861667793984, -500448194405666670019822385844061080432
210, 9269889627540392386402122371713466368.000000, 408011890463885941788453637601698218480, -530537516100347846803284905908612797312
211, 13879523683269513271055500489902784512.000000, 425439815711831545824374143618889531056, -524058838667611264936903000792721625984
212, 8821258961807297744939932849358766080.000000, 415486113133130276485275528712601229856, -502507676421036401981478361731615694768
213, 10228754447362175955345910430206787584.000000, 398421610936468985522486665711561713232, -505267141100261087012645231306839423856
214, 8019526280645705210879446388546994176.000000, 418426078473027934568635651737465952768, -511765339536136529376785242639871366000
215, 14117337059585816086331683150934048768.000000, 412754395629857656524705810287622740688, -442303482601234207596157261443921176320
216, 17440508656894271593225018769099718656.000000, 391893954114563006055102924495255328160, -442459079438780694198220201318551252736
217, 20696643550384231426550495118977138688.000000, 474231574048754781940417335311419013072, -552833559024024047240954310523757857216
218, 12337758929396629150142389442169536512.000000, 508327988552847175534650335397177603840, -391164904199254691771568517296877440860
219, 16711675344066949610171479699696386048.000000, 401126643641358674813540474896671645152, -507639785173610697121191656061934345040
220, 16232507507065969934489494474306093056.000000, 494434007189389621732243864585209712560, -513656409728983665837269420461671198112
221, 23779750241223395352408726062380351488.000000, 415021674220620942401117519406488108288, -560268903598866852314247420719467784656
222, 20989566453458037841813175168344784896.000000, 393983306229426224361584210935191779152, -522960324177733640160493226089277911600
223, 13446885748600539849741983035200372736.000000, 437191079515837328856476491345262589692, -507771616403692418496270759288506142696
228, 1509265253431317039794413554565644288.000000, 455105093192822875537134231092612451640, -540046040783215310995501043732079605656
233, 14847676040485486509095534272989626368.000000, 574700344844227292096624019164744495228, -524621487987032876995287057675730146112
238, 23207053850978925778337214715459010560.000000, 575572733790331620217274192232568339816, -426914861685532269212153501505467617848
243, 11432976548220663472287939095013883904.000000, 596369135884203488687149970151545682320, -621533528328595963062363107370799420240
248, -14469589167183576589501766195581288448.000000, 575849149375097101388594170811172317584, -548390159620084157330618345653554528740
253, -31779867857641240994437195878558072832.000000, 544800454408789234029480291904681096180, -527113377041000236739874344710266070444
258, -48620933755800306620282546141127507968.000000, 549198704653962586924457931121936496308, -561762498177284777338343283840262599880
263, -53750458819024625375338714372948099072.000000, 599022154170450979120296315145165387444, -527824596246547409525577712420408097872
268, -42805782976104681409862032771090743296.000000, 412611653082845009144288113601705701040, -588984908779078201923622947878586903198
273, -60797526898025580928573534302415880192.000000, 508823412699387112352096268283571635284, -648477657679082749321307404936974005138
278, -23769916905525421163220743361642102784.000000, 549951556029877689226027801000481364216, -649265217458103611379124532178910734234
283, -1896054265848837468305351928874795008.000000, 546270445847079375867151534885950037011, -489472904192315007811568481578000905858
288, -17687020113422805014039602394449313792.000000, 505651738499124531125790176955692955768, -582035885076870117670850691432098210552
293, -21065675568189268510598079212930727936.000000, 491604174856030662530480589618140185803, -517220961732625880647271084960380397968
298, -20170441776427964397819948581735366656.000000, 539732395873377620774701912896964559763, -557763942531857749024152925286500128712
303, 33563031863228174543510600080527720448.000000, 572365930420438528355592480907677372182, -528315862542111669215147004963061495123
308, 67739202960945047771339830599339737088.000000, 595059280049348671369068878896838507026, -524547352623455572135300415302185059342
313, 43574655971699271116559497285722963968.000000, 556651858429570440273857095452447201255, -485479487058901553764600131175423487007
318, 62672362651567314922277232734476697600.000000, 573532865320619728217139311503133199950, -415697843195219897406097925507470934374
323, 40371675030508400461293490423856103424.000000, 581227384814421551425900154353015414141, -431010631292904412620721145314498481689
334, 21542599917617279575001832171124031488.000000, 575098920238760407213116138924740300589, -498163745395128986651256043331956060376
345, -3614563300823089856759459991609409536.000000, 465356382828766938499291980331261975678, -467815933440996415892927617633869394156
355, -45566487095596911747327065413128290304.000000, 576567237626003157574068610603437642553, -601847460065135183545805761986615939262
365, -15403613210646822617226034803948650496.000000, 667449513891551719887293829161127240221, -664122470792594033254327955157411597432
375, -28777317133463582374067397981286432768.000000, 741958020570266347392334236058660407851, -606554223572940407611864523463352650984
385, -15796265449928299353472499094866886656.000000, 774413114327395640831198781886138679830, -1221924030461647905468692872633320592884
395, -119643086976264315743027625891976970240.000000, 546076308718031662500929386394982934361, -1344420876671538672491037903164769156581
405, -105487009564989223140950456725518942208.000000, 604755722375486256311053671637024171333, -1447066139086366084682567071406466175685
415, -111269566485062828984458935245117325312.000000, 1282024941537181540216683878798513157901, -1471498904224084924182706068527743384425
425, 51068440630872232449157250848686866432.000000, 790926405410607402137131276703454896703, -1386069173980812279980299519845319449571
450, 123351031764839606407628756450633842688.000000, 1182084189147367017011503817298459284978, -1674067936914687671721186213879070860987
475, 132410243271541160299078679105477017600.000000, 1250053598989536054113620836085833720815, -1473220338181391391528768078172240686617
500, -220782054189601190046015606815673286656.000000, 1159770009391303061593260756238890251901, -1167430659837160659908510626315179787656
525, -239967665120496066600375325721622478848.000000, 1362182094877099729593472231062845860415, -1031544578563998389141633586162991960703
550, 2603616931058456019689880358142083072.000000, 1240153439007311156928543702576733198524, -1458484880942644412326603643063295819714
575, 82616395053610993392992825931758305280.000000, 1260772004921266386265001279294054009509, -1286749463154023192594313430590223306205
600, 41017727923089667284330674256871424.000000, 380367601903388017989636332102162006772, -368091836728584535114534506410534667865
121, 0.000000, 0, 0
122, 0.000000, 0, 0
123, 0.000000, 0, 0
124, 0.000000, 0, 0
125, 0.000000, 0, 0
126, 0.000000, 0, 0
127, 0.000000, 0, 0
128, 0.000000, 0, 0
129, 0.000000, 0, 0
130, 0.000000, 0, 0
131, 0.000000, 0, 0
132, 0.000000, 0, 0
133, 2132148467015644813983744.000000, 4835703278458516698824704, -571406344427227070857216
134, -2380072707366301187702784.000000, 75557863725914323419136, -4835703278458516698824704
135, -80120850339987118106869760.000000, 4835703278458516698824704, -319911995015521245356621824
136, 795958805993081137952456704.000000, 5091995552216818083862413312, -319911995015521245356621824
137, -253387073898039993046138880.000000, 18889465931478580854784, -1237940039285380274899124224
138, -128607275966202920245919744.000000, 2873560004826179112534016, -1237940039285380274899124224
139, -3219223142002988111056971210162176.000000, 19287000644964651175929446400, -80480601307289828242222693102911488
140, -2554275065037485870992726373171200.000000, 1298074214633706907132624082305024, -80480601307289828242222693102911488
141, -6617659960792076559575330362228736.000000, 19807040628566084398385987584, -332306998946228968225951765070086144
142, -8750577006287907817734530941321216.000000, 1298074214633706907132624082305024, -332306998946228968225952039947993088
143, -6467817337523986720330815304105984.000000, 1298074214633706907132624082305024, -332306998946228968225951765070086144
144, -4990017871176833035128080479289344.000000, 1298074214633706907132624082305024, -332306998946228968225951765070086144
145, -5015123265986282346490006683516928.000000, 1298074214633706907132624082305024, -332306998946228968225951765070086144
146, 79742902434650875507887560961556480.000000, 21267647932558653966463164764299198464, -332306998946228968225951765070086144
147, -918187630086557921821043221069824.000000, 1329227995789522541407846399186305024, -332306998946228968225951765070086144
148, -32902395114847432976989477067030528.000000, 1329227995784918234087048495102951424, -11465261403079637394187332876742164480
149, -169689264058766993409055011404513280.000000, 1394509784214048633631869322326441984, -74353691014218750531460413094050660352
150, -329385146546829912507608817930862592.000000, 5071427067049487954910739622097059840, -85070591730234615865843651857942052864
151, -26242426009712938310892686357299200.000000, 1329227998221159953588140982073819136, -11465261403079637394475563252893876224
152, 24631762081989243876720046766030848.000000, 21267647932558559592921046616186552320, -11465261403079599615471642701694238720
153, -17376484284693915769355498103504896.000000, 5005374171627573824680026424513396736, -11465261403079675173874674671395274752
154, -207683292938014738093814790173491200.000000, 49409896905815001861493002470088900608, -74353691014223756164711445091774889984
155, 274025872338769843330259470000324608.000000, 87209818035950964848793712745953361920, -74353691014223680680616681073780195328
156, 76997045954422550984939592923217920.000000, 87209818035950964844170767728457547776, -85071098795424104948172735458841985024
157, -87970363029820492453114963038306304.000000, 120974738139297824820668333251496509440, -85070856593711437191203114754493513728
158, -895592539206346555032842374471483392.000000, 87957508783473583916029038712455954368, -85070774276874093478485944008528101376
159, -429168872089677947686756710004817920.000000, 87957508783541365204295506499529867200, -85070596945606608519405797955871441408
160, -528895928422262228803673073226088448.000000, 120972791034921455334705388563502202880, -85136793515257248357430518804202389504
161, -420092462594482357038912855315841024.000000, 116972064576679554243434412903699054080, -78922912251107855821849910194798067712
162, -651040438923802654201227285951938560.000000, 121956448214383831847424220197253808192, -85070581669988449522282217964502974464
163, 59933059977825061613260927638962176.000000, 121956668613525420317973162995071320128, -83741323169654904118708313563900936192
164, -38131902246496866805932778305093632.000000, 121958291206284617174233386851285860416, -85085416317330919316697825077406730240
165, -793256857932309582356235715514204160.000000, 402033993448579507532502228402815549440, -172777693866044041520978659122509578240
166, -733811894647934086061781269287534592.000000, 340282366919023343156104596692407599104, -172777692883123932344304559123746324480
167, -956647382058501552447522440906539008.000000, 340282366708147993656303305085398728704, -172373830588037009885821374823281852416
168, -1247901711199572496343532256972767232.000000, 121956668928549908864641245526331818112, -90741174442759988170201326547996049408
169, -2034325606122524958391814734141718528.000000, 121957973956277842927295240618659102848, -90741174445235139738962788602136822784
170, -1087369729366356199281945456903454720.000000, 340365792282633021194995919461410471936, -170364482698037444027793128493893489088
171, 139678990131932119901032361242918912.000000, 340739521307917482942308177212504604672, -170359270059727074878901279203997848000
172, 1333982209844073363684095284708638720.000000, 401675844709527601623293018646960699392, -170192438317479640399448134497816744128
173, -914940475071713564598722946702245888.000000, 340282363744497520663707050424746493824, -172698008909958906066619805128747662080
174, 682439127318957019896534344577056768.000000, 340282349664248691944461892983481403264, -298570558114300297398303152561362993152
175, -78352252422758773106644753529700352.000000, 340282445022566229749059050790053595008, -172698122796643929698115971126530571008
176, 772526884892758075008358174599151616.000000, 341113997861031163327126576540545959936, -245906424042677878220882107186803179008
177, 1076855929043694916765091248463675392.000000, 401287109753870880163141839533209469056, -245906424435828758801999051234163988480
178, 2175853871093004689011142832758456320.000000, 340932905212004534667172816015363215296, -245935468458752603397834895520449191936
179, -127130087885494937595305839585918976.000000, 341119318249979613435186273521216446656, -276441484736919736985062203219693419984
180, -160177025754677314712092460179259392.000000, 341303734835492448819007877676557437984, -276453329358821896178894506666657398944
181, 544663683948008625092855760364240896.000000, 342828066543659109071070283797309626368, -292427567082800228244218944347887561728
182, 2076412158408868756873795256769839104.000000, 422622976410643699794298356649121455872, -278493742057262962478203918535633840960
183, 2851558639369895928186405129281339392.000000, 342390520955059288376167800908455598080, -276408212526330148014423522225761844480
184, 1569302866217361553257307490752659456.000000, 340310899411861872619375089678012577280, -277904444709911745205611414781297781568
185, 3962922564634312209477712576488931328.000000, 340822599000985761465241836839740679872, -278369315801246390546420099025795451712
186, 1189078779001370401617925010557501440.000000, 416013930630164507306483409089612042496, -276126948349933776311980516670729678928
187, 71715639909820683181678975447465984.000000, 341774948837152849254131117896818497600, -278026430256316869337934487648141363008
188, 3601539875043895061862633349641666560.000000, 345390927961466521773906319110239753280, -361659039416481073118584341286568621472
189, -879920161852279465686370896381476864.000000, 340785400676864585164321652658336640768, -276502085982320453199783891480497498944
190, 3818511382355313223407347556599988224.000000, 450131544666120638817841465309501381520, -341729842393815054341724979022448521520
191, -438215889719505858441186514864963584.000000, 340736016272993059676793875603341266368, -273838412058536999562983723702884559616
192, 3179049492453390524553142602607624192.000000, 436190487554309257300313920686608768208, -355094402741729840263396879912490388880
193, 3979483425326195741973634206467620864.000000, 435695964369334785866970204035763762240, -340325904139121224413972036852816665152
194, 4835991860438737018996713749041119232.000000, 347623973981866122886618442745061580896, -351405471073863077798335165923455916352
195, 4618612161247697442127517083431337984.000000, 340338707150651988435593558307657464768, -288699321527235663355497769544072555072
196, 5382613327456452063787493533847388160.000000, 343816807602444477545830878789131593216, -405932553326125565035414918510176700928
197, 6667426649390756393265492710452625408.000000, 427122782888810432819519811006892978144, -347722060834000075533627392093743092032
198, 6112990676191430837368626110282072064.000000, 425720677627619421082152402191074099328, -279248347493952257886146043228707590000
199, 3453711374262582877405951839019466752.000000, 425059810719335996663836549370448391504, -347564010903621639172901826238230496448
200, 6487600841121063153123109138331598848.000000, 425060543767396213062410959390815677712, -372296852948102766547918456695791195936
201, 10595611400571842724552716760112955392.000000, 440674388153396442739512864641657454720, -425561464267639984480347542354546954496
202, 7254426215101153501829072541592846336.000000, 455478273597893249170590713304687428224, -430920792198368762697075761131550142848
203, -261778239929948105460300963421093888.000000, 377580686604425193287704371519741701904, -501163899378322502130720780289857459392
204, 5067546014157846956046838758411075584.000000, 441409632982645880485199193229355732544, -428935998723340194012373254444133369728
205, -472549000780768040035936988542533632.000000, 363683461554343537390127376684454768256, -507822049722760657715609185104842151120
206, 7430626470766581844654037601366310912.000000, 344985302627500657530250291232601905168, -507834861374861203600816712093463298944
207, 1306131711131086779309750242645114880.000000, 356259290410513294656219219954868701184, -504987105029327610680931746833694376832
208, 6097071786780560233978479024374022144.000000, 335384127979299745213549432300299023040, -505960547917020719731377362753514099328
209, 3863254787637234608769629125315919872.000000, 408848838235639323135316058442304544384, -427209370141168718696840614450402532416
210, 10949304267186870373641024897934163968.000000, 415132965566320710729123763729037199616, -494508080583307703480716279604362646336
211, 9254229718458046289880589680269852672.000000, 424684873405463149616343961502521376432, -524053669411997134598402874749347598208
212, 8362042133504329731988866853177917440.000000, 388043529039245572202823132599576025584, -475880840274986238312421366769162076080
213, 13317343902058972601235718203668168704.000000, 391447373474540536023622389231352890672, -532016555964893862989704217428238722944
214, 8762060389267707047140521984038797312.000000, 502914019011393237160787277114294417920, -511728546521548528831651617276832694192
215, 15974772838356064384195228000130695168.000000, 393400891115066060895478198663510508832, -522464066425298878793162074412523451280
216, 13706387819152957848506780026329366528.000000, 519324242502789462943165615778458986624, -511621916647663493975918398860580498096
217, 7698019893772998573642064603482423296.000000, 533659322628054927198551126856910537580, -444397753302645344608325023289195556892
218, 21347091567307031064414185066074210304.000000, 496805874502015237545283503053968984912, -515219465223708328924972374038065617744
219, 15638979054840758542148657830911016960.000000, 359204644275155981816585504133002035840, -552958146613534975844985736970223090640
220, 20445859011450189930858851943527219200.000000, 344345887660612774311534535044429348352, -513090464605731041901052774951834929552
221, 24523025799597547678604198515199442944.000000, 478723426403086916776950640757371260976, -538686652181300513486117858580691890344
222, 18747780320061891415222408436573536256.000000, 411100152592485097466917493678461438232, -552934890090963542640011891831108000120
227, 4598482670326929204722017533329145856.000000, 418395495307376680111393834725944300112, -540561185651452526380544160943878551960
232, 5984897658938582581537656403541360640.000000, 395325952517905459313341443737464309016, -499386922680607005735197432564508699204
237, 25352222252934542916833286733216874496.000000, 583338347300398450773007214049373233576, -502483993774062817569713106945480021144
242, 16980150725079190943420456561989910528.000000, 512489736928701343833626030078654793904, -623457845144409428419231057255820197992
247, 4188082013614963107086520484750163968.000000, 398109085840144969983896058562485380280, -557157666646821931173365656479093032200
252, -53657650482726869995805509622146531328.000000, 490112507920544162172867100223401382660, -569327055721915679507721763636702912456
257, -41700389755378968447523595965767352320.000000, 551522997834427952481510173732997039796, -574651494986509601231129395132712761436
262, -43585059048440750564651482775835115520.000000, 594104284069513728905890419559188313796, -543040296836246626071450912987602031688
267, -44620387851912698078199480711546667008.000000, 596384511430572097083500963232950902276, -615101878022062022189592866095610740294
272, -62427434621824204210682928283355447296.000000, 565236201614782457672649328858676166056, -648590596692794181797589201770565432146
277, -44773698151432063927435518969726894080.000000, 601121154752930660319921155868282285460, -537570915394611233945635681438911856624
282, -2838495083644545337603527342915846144.000000, 480805512516044964419504638698533521939, -549890585513891181724669883491357945304
287, -18275208017985792003061348550127386624.000000, 497078111105251477845319132413921437768, -537776816277190915364589120795627351512
292, -15478817411502218087720183956343095296.000000, 481528995953089104817916490757431575451, -516777616560601458731809739253505108416
297, -7253127768529268495098032666466844672.000000, 576637478255006967934662174620745072668, -564880136944344499440151584636929099872
302, 26810404910926565103957350294438805504.000000, 587086357859101766451657464522602979356, -493255473227695497159223473066884706454
307, 66258317171964777749162219781180358656.000000, 572755589066234599654795661495517656884, -446737564463259365785763511534477484792
312, 64779108502410944285610231246620721152.000000, 608834820771177396919333013359664021709, -420325725891050492321981272907048180911
317, 61276089476720840788367848357419286528.000000, 586291007956650216993700060685515101268, -438886263230288844881308561236149760824
322, 37440538074020157887525755911783055360.000000, 563965608726695718926574152741180036034, -531939631530558281032412976832025579066
332, 14321356877527849091006156079567470592.000000, 498770672837106230948313724252449318436, -533571577204015196408493230056797943790
342, -3069205504681992021130917764231331840.000000, 463265874493896925585762572710235998079, -504638942941694308997139018877997204507
353, -40049685647604948901986845951187222528.000000, 452699516064491116976459431793867656660, -635270542241980338994105654315408719254
363, -42568027502912941794387558015734644736.000000, 465515712182686283921461717594467624797, -602921089007243547655638543601734318606
373, -43520888773579126466168119365394759680.000000, 462884774373376146191634885820174435841, -632086910799369083663276399404088946042
384, -30982890987082844035661766944379371520.000000, 436494527389650079389121773358971701028, -1226934910578618983083964759548807342305
395, -80339673290022747889296639733991997440.000000, 704134293970942696695889848339805748879, -1500178135531774666592299084850399749855
405, -24642156713792564189723084268702269440.000000, 795161888521304181448039352969265381380, -1358479573310877328233981168032156946296
415, -51345816570819039741910802081729478656.000000, 674674379495666180808788303993200238445, -1410309914858683011427339083409996622004
425, 243399443110241888664130811812904960.000000, 603967739080646450082244973884364181653, -1344028133851558885676859638535006647983
450, 119009208027190996676110169810426396672.000000, 603982348836730120048360972683997477331, -1481086527247651967066462427313221047198
475, 160225439189999876695011419984995811328.000000, 1334849536756939126510426672451121898781, -1661686707538895097152770812116124803469
500, -215857993211247957673330017306555711488.000000, 979261212207170385415500670271914878886, -1166519281343992787626417692237597826280
525, 176851552622190784986569836617009201152.000000, 1471577512615885596811746701323466895220, -958182284420732019607148857474909505337
550, 96162001616999545571759723978508206080.000000, 1552893617556976112392915513232514287766, -1631097051735963494458407730002874520798
575, 92576758994924605686848563418446692352.000000, 1374286379028339265843145047226013622066, -1117971492864247154534145282244506761319
600, 0.000000, 0, 0
121, 0.000000, 0, 0
122, 0.000000, 0, 0
123, 0.000000, 0, 0
124, 0.000000, 0, 0
125, 0.000000, 0, 0
126, 0.000000, 0, 0
127, 0.000000, 0, 0
128, 0.000000, 0, 0
129, 0.000000, 0, 0
130, 0.000000, 0, 0
131, 0.000000, 0, 0
132, 75557863725914323419136.000000, 75557863725914323419136, 0
133, -160241700679974236213739520.000000, 0, -319911995015521245356621824
134, -2380072707366301187702784.000000, 75557863725914323419136, -4835703278458516698824704
135, -80120850339987118106869760.000000, 4835703278458516698824704, -319911995015521245356621824
136, 795958805993081137952456704.000000, 5091995552216818083862413312, -319911995015521245356621824
137, -211199970335540110893776896.000000, 56668397794435742564352, -1237940039285380274899124224
138, -117071468594906986784976011264.000000, 3943176013196153753436160, -1403575493555235078808470028288
139, -3095406878519329197969635564060672.000000, 19287000644964651175929446400, -80480601307289828242222693102911488
140, -9773775457141097830751051140038656.000000, 19749012189224582198000091136, -332306998946228968225951765070086144
141, -5720350051382907288603769786335232.000000, 19807040628566084398385987584, -332306998946228968225951765070086144
142, -9297488085028322844558263729520640.000000, 1298074214633706907132624082305024, -332306998946228968225952039947993088
143, -6149382921815887189579141805506560.000000, 1298074214633706907132624082305024, -332306998946228968225951765070086144
144, -3936635615362058441504453239504896.000000, 5275951894629576485987079547781120, -319929658485600536349737954972794880
145, -3898742741334931454119535878078464.000000, 293364772507217761011973042600935424, -332306998946228968225951765070086144
146, -172249203435202622756742970212352.000000, 1329227995789522541407846399186305024, -332306998946228968225951765070086144
147, 911684981041646359601906559483904.000000, 1329227995789522541407846399186305024, -332306998946228963614265334325837824
148, 227004823077581799803622500448862208.000000, 85071495765415795310032257162546249728, -332306998946229194198566668012093440
149, -374730022535753371007984871116111872.000000, 1394509784214048633631868772570628096, -85070591730234615865843651857942052864
150, -344350382129010347181083438729920512.000000, 1394509784214048629020183303899054080, -85070591730234615865844214807895474176
151, -12889920685971295815626302095884288.000000, 5005374171472831319769353890151006208, -11465261403079637394403505658855948288
152, -16351313187733179938244030422319104.000000, 5005374171472831319769353890151006208, -11465261403079637394403505658855948288
153, -17985018226074863374776379488862208.000000, 3987683987354747618708324543780356096, -11465261403079675173370271513129779200
154, 398611699552417362635623627399102464.000000, 87209818035950964848793712745953361920, -11465261403115947670829596416281673728
155, 287615777583199883769329978250887168.000000, 87209818035950964848793712745953361920, -74353691014223595714912914617632030720
156, -483588923543525010926400840354758656.000000, 120974738139297824843726763893405515776, -85070591730234766967772637378279112704
157, -245804894758802451185152315380203520.000000, 87729819515502815678317607497718824960, -85070592033489426402017752833889665024
158, -723529385315773888059048240657465344.000000, 120972791034567410065562116875471028224, -85136793515254830502093412108102270976
159, -732337918144152743450902091725275136.000000, 120972791034567410100109264801383317504, -85136793515257852821254556844218646528
160, -529187477060035564535039061267578880.000000, 120980516813363331347863036170980294656, -85136793515257247176838898086791086080
161, -687243685179753194224008478414864384.000000, 87957508783617611389938155087191343040, -90387422583739783945112305026339962880
162, -506139300825323715754254475976507392.000000, 121956448675856159774630453287390281792, -90387422583760290362467285781306146816
163, -576953398036068061887098069050195968.000000, 121956668613506143618513351085014122560, -85070601952398053925655032307526336512
164, -292599703463065287586802547302596608.000000, 121956668613505992497978025180246310976, -85070591730928421419513328175304147968
165, -772446409415584239574459747267510272.000000, 121957946577241281315746418665675554944, -85070587530808535790005688945428004736
166, -1082173308089711575082448495910584320.000000, 121956668613111871265664210991228387456, -85086168630834194788251568560411770112
167, -1488984993251207749476802794230906880.000000, 170141264377316725323947549828077240320, -172373830588033052754933558305964883968
168, -1822731121370850711200268070735052800.000000, 121957966687125810722373584271040004224, -121502331141750076416195722776154212352
169, -241694376887096430154215062495035392.000000, 340736662480498097768000392443077722112, -170359330969830843104588249278164705728
170, -544464134547743525936268047512764416.000000, 340739615116028817512042309763371696128, -170359270197148090591981946709330825408
171, -2832421166436931215369589245438066688.000000, 125666438310515844998323653262072201216, -232622067499908487131293047908332503040
172, 1577101900314543729318141596855697408.000000, 340739478622818730594121859903086010368, -170180925872702697843033042114606471296
173, -2017147266655498839927376170050387968.000000, 340282363856286729745730426067002984576, -297736033925620886313131399761704353792
174, -1577914878302642885775123313126801408.000000, 340282363895279152511047654638516553600, -172698130691954587824815602388344781568
175, 2222280912373914671914470896052469760.000000, 393700478287810847447024090537461696000, -170141141700239138238281072302071221248
176, 1993692688204835877997405530367197184.000000, 393693151940200932097619134229300528768, -245937027547046534932108636354156838400
177, 473058212220045082536072912509599744.000000, 340277263307581203570370700454502839232, -180764074971546378018119458464514177024
178, 846173799792690018942070843024343040.000000, 341083306293277725364693474961588060160, -276452923788810360848014844076287148224
179, 407362266977751205920821583005351936.000000, 422653978081298326787023672770257002496, -276098944401965360817049068697976390016
180, 1415980005835858654506358736588636160.000000, 345542066007738409411031271024046381056, -276454581435002260017877623320510022784
181, -610761493989053719168622167347691520.000000, 414758328919149292188120094082330361600, -277876503564902487069605737657854028608
182, 1968447832563284045125640608632799232.000000, 414797142410129300161871882246297001728, -276453481507897923219016639424066569376
183, 1532076099978825886564848597137883136.000000, 354313018706491510519942659588763186208, -278492191979580424288089571068868799296
184, 2988745960602065445784620128964444160.000000, 422622940798190050291531366280263213056, -277878450584133428635744782569491860288
185, 385867727264165476577618566584467456.000000, 460652729505564015853005194164441843456, -309693018040452492545759407692564930240
186, 135181212017648256630618709458681856.000000, 418321654767326009075496566730119969664, -273972549252535260363234061904893077648
187, 1941488137222771640790878620512944128.000000, 341816605494762197755595163606587168832, -276428088031026141181844606886409859504
188, 356707152099895752665333835698798592.000000, 416004554280989896458799496443070821696, -350805784813205820095175281474414216176
189, 343179460873225155359458205372514304.000000, 339165377715652863128598279522237624832, -352796668847465214251545216412289637520
190, -1510863505162780460712292346994098176.000000, 338885470888741123033757308918335943936, -347179688172568460312966048866818991920
191, 4605717915508812991229562329445171200.000000, 402671043457093718575299469244659186704, -342268247086111694152953759521490869616
192, 1818334787231206836476666651277787136.000000, 340005241701767059105700921282493116096, -342118093228650725210472824982617279888
193, 4996936145001987678317828414491328512.000000, 353219485177815129588684339392779072896, -274466796048499954160344311105297213888
194, 9820954024948649443126268205216038912.000000, 387331322274732015975943630896043843968, -261082382250682392420150998106463802496
195, 4009609410316405280779475391734611968.000000, 423576300499367686348458102869523542432, -349920388691672988330608100298949515584
196, 6072559987682058766622833795796041728.000000, 380067814124688842691801518363577228464, -384538237366258987961813274628553947696
197, 4381677101048450748770548806584369152.000000, 459171990901774275247071383022143757568, -405808644102172973029877855629344139904
198, 6972988173348996946629925272492703744.000000, 416660751655647769299181896837834603584, -387687712180333351850963006068641592576
199, 3523218733299074707078873048019894272.000000, 352109120529110202985463939056608035072, -386424210475140610030934864322900811920
200, 5361242481705376000061102808509710336.000000, 424460097126033835426301517916554677504, -506531468635969961909118026289776183488
201, 2096902584320537902068224388205903872.000000, 424606291145396352182793704260592753120, -389642093901924363073563835033629970448
202, 8950857147302578293319724269125500928.000000, 447399670564129049969948179608271438976, -429179346568887714917702781323240345728
203, 8531522273670911874265667023214215168.000000, 490657507116496436259831694069193147008, -430508491019305143334309490198539002240
204, 7970133394168137801425193546643668992.000000, 361903735147669944317503705230259780640, -430537972156337449800516991718062213504
205, 3137243659472610660628966320161947648.000000, 440683433943463760863621411646238327424, -516571458981357639820652563038262004096
206, 1574430366802037540911355467793432576.000000, 409658488704731231233815116900658422976, -392678045694177950417725014751633279936
207, 3268549323657437139493438797922697216.000000, 368779349637795737165989412807370324592, -505307137920355726814626102553743116160
208, 3704983552893035135098166368131874816.000000, 336921640996137640596499110743991758800, -524248718934960575489859461736627324800
209, 3761259352337658208443495681957560320.000000, 374253101068028058413510002444592673760, -293654147274342673662227413265632841408
210, 7557009813746162157281126746205192192.000000, 404915495192956694470448240518054707392, -457217136818632430328112471532416694464
211, 6447897200033598640825678051714007040.000000, 370831699813830955083956487931870514768, -498662415519819864866904985770453522352
212, 13745803717040956441083840173631864832.000000, 405128375097690786547032062419383752576, -577227955922351770328867129174388429696
213, 11442398116556779318768194566337069056.000000, 508198374952330510186101485807520832032, -511778119708537475241235818503639742512
214, 12629082359343967849100748934963265536.000000, 393637053512622179896557276636080068912, -489665427162244808808539347526092252032
215, 16827509344834213004861184243186794496.000000, 391518239736819701767021828211551134944, -445088334262029560423215710338350565120
216, 14244253632522688012364052687522627584.000000, 432761444216641702814291239383807592832, -531743344296725616442337616681800545168
217, 17797946973521760836433428546697822208.000000, 384197673820911721885649507982620783200, -558625048572288873273702142445796486032
218, 17872921664516898609578861765083529216.000000, 430891226345026485788169442972702591760, -560239202084681925141294408511453440960
219, 15914971569012246856245927200591708160.000000, 400204244592570777170627585481440138976, -513082875499138419043117095945238436224
220, 19574553125694304902906033280412286976.000000, 572917088592233052089187985233608395392, -513080725892072679400746060461478527424
221, 22123907519548661448068283440950149120.000000, 420350734802751382251325215941778447632, -553456488302966278111681062838944881096
222, 17480826912869501153964709456751099904.000000, 395911342232294987364601477580169342636, -492561580318448108586013040825858112128
227, 8538511873848094288286913477853839360.000000, 439932501008077106651246808897887097776, -554133433642140786286544285791459257256
232, 1955087065842619397245394433574174720.000000, 423243819371257248892007570684229939416, -491147685600357038243012903159017720976
237, 25961483194648849970748824972527927296.000000, 581502371742822807221638488456444313960, -451577584143690704524295279562385479928
242, 19084905540965622025379770097427546112.000000, 596390003942453321430006726193168441252, -581817825675121626923076862552383567640
247, 6669945501583056600253114255583215616.000000, 419118133996568818099153059650759958724, -556663589625290920649698034422734460168
252, -29629341057404687379570158402178908160.000000, 553270865844384958651165024910097888628, -525032842565998108195824651176646123004
257, -50303127674405696495536099002452803584.000000, 519633759123668136259987022827037001396, -544060899452961775548472749176551804218
262, -50938723933038030021423422464728236032.000000, 593698600185801010726979448062711084740, -543146739160814926656177151481187701832
267, -50152163922131637825880028778382491648.000000, 412760937612157210283138843973467041460, -504434237975204645437208996026905879424
272, -46094706318090973330290914935946870784.000000, 498062160639022665859657855960732648340, -582492040041044226080310663313909459048
277, -47291994585401832948671643699036291072.000000, 447239567957408253687088034486569118671, -582585344159227938250321174930774400604
282, -7602474417591592429341724789018984448.000000, 445557923961028288761194854802556023368, -498559504188510620588504273274761873820
287, -14964728239729209181011421957990645760.000000, 464006874463047845556288877371473434138, -486591800308189933557823775477792402904
292, -2167718199009823495079735656074706944.000000, 582397386886035729333192104295890882796, -521207646608834931128845598412851565324
297, -8780307458263482206955375445585952768.000000, 481493457004263537616754871099317454532, -517597618701160203897544747139909928444
302, 23926678061993857313387797406581522432.000000, 571305655094584864884347128613437148950, -570642923413821951500716091865015174524
307, 60286172547146662383758737318946537472.000000, 566406392316853728835495240406269763582, -523966458053818679986483673067236828046
312, 48782132260934996694489236460686802944.000000, 573151009044997422996958175224474124027, -468049922035575261112384673883551870550
317, 67252104840793975557042551507732398080.000000, 572259612785425532425890727476434292610, -446147423741024938567901419139531935116
322, 35152950973979169960274260008628125696.000000, 525917436239101107510848287587595608317, -449506471063986601477192348368677857364
332, 14543249334993504996395371565215121408.000000, 588318039717475440927576723000573123503, -418063289969874338339269270466269713036
342, -4459076175947206002277437541583945728.000000, 446401280144254637864891979760655836915, -558477782786224635956462274928435047503
353, -49695839007207387046518739531888328704.000000, 456103580371681863446332189080428238201, -672943770829953233005819781837776172697
363, -45498163782010308889730481784822431744.000000, 524808989045397909225567292327889948427, -619163397650651752000249051959141687151
373, -52779992291780251216340034696375173120.000000, 386876707551645871462528640991073280914, -698589772190480572819566416513649672491
384, -49405547361065113981009141986068791296.000000, 425719782723299529388972304687565882488, -1216579398665895530249028802071142834265
395, -90491810376003801347382404802909569024.000000, 774736528916523987897176231061539602536, -1405920318745755489974156382560308431761
405, -16199387127303507782947785591735975936.000000, 717698387363294747055492849579771948834, -1380699239754836702539081923372455864560
415, -47572699163638552624436949821736091648.000000, 661587092977049710571939917544198706860, -1492385325388082401511664691785587082149
425, -9927466774596898688440867365370986496.000000, 519310624930634091120665618819548370148, -1419422668907005457983374374935940144400
450, 162907353793630335247817263376783900672.000000, 722550793585642724078412830169062642284, -1059995943175480960018562404120130144255
475, 87318450104374937060785964038464995328.000000, 1243313033289898132970105451784208628726, -1724813919934927536570469708355031367669
500, -248195788001221934707056646162976079872.000000, 921165031168517239591994085356416523485, -1329840608637350523720483373417000088369
525, -207449578331658900501633749570677637120.000000, 1235035375604451363932708528961435325829, -1069108664838501435178751531057002243639
550, 28983571401564931057128174289162338304.000000, 1229463526304468361255831762476875500829, -1104851239669162123391229420608080767110
575, 158299448127927477969448705320133066752.000000, 1492535725212847010663759719307180636327, -1227772854088168210264029888404289765586
600, 41017727923089667284330674256871424.000000, 380367601903388017989636332102162006772, -368091836728584535114534506410534667865
122, 0.000000, 0, 0
123, 0.000000, 0, 0
124, 0.000000, 0, 0
125, 0.000000, 0, 0
126, 0.000000, 0, 0
127, 0.000000, 0, 0
128, 0.000000, 0, 0
129, 0.000000, 0, 0
130, 0.000000, 0, 0
131, 0.000000, 0, 0
132, 0.000000, 0, 0
133, -571406344427227070857216.000000, 0, -571406344427227070857216
134, -80120850339987118106869760.000000, 4835703278458516698824704, -319911995015521245356621824
135, -63248543251666304487129088.000000, 4835703278458516698824704, -319911995015521245356621824
136, 795958805993081137952456704.000000, 5091995552216818083862413312, -319911995015521245356621824
137, 680453038722347247404580864.000000, 5091995552216818083862413312, -319911995015521245356621824
138, -127714687846808826395456700416.000000, 2873560004826179112534016, -1403575493555235078808470028288
139, -3599204739893013943234657981038592.000000, 1298074214633706907132624082305024, -80480601307289828242222693102911488
140, -10384636613274975876638311440187392.000000, 19287000644964651175929446400, -332306998946228968225951765070086144
141, -7481650283270198395967798715088896.000000, 1298074214633706907132624082305024, -332306998946228968225952039947993088
142, -9535885085143688274198737505484800.000000, 1298074214633706907132624082305024, -332306998946228968225951765070086144
143, -6002969256301094929788977620713472.000000, 1298074214633706907132624082305024, -332306998946228968225951765070086144
144, -3024057042700626177197310541299712.000000, 1298074214633706907132624082305024, -319929658485600536349737954972794880
145, 3341436552634067553538882563735552.000000, 1394509784214048629020182754143240192, -319929658485600536349737954972794880
146, 83980766352409378464666411167907840.000000, 21267647932558653966463164764299198464, -332306998946228968225951765070086144
147, -229567833646931671023187509232271360.000000, 1394509784214048629020182754143240192, -74353691014218731640554455634618089472
148, 233279319222514024031331145859727360.000000, 85071495765415795310032257162546249728, -332306998946229194198566668012093440
149, -378833354550660028207116623563194368.000000, 1394509784214048629020183303899054080, -85070591730234615865843651857942052864
150, -522727393133243947104593263724593152.000000, 1394509784214048629020183303899054080, -85070591730234615865843651857942052864
151, -22950381869300385279333686709321728.000000, 1329227996945487020917092502820880384, -11464591132824766718107464277036105728
152, -17803194841188712786589280551043072.000000, 5005374171472831319769353890151006208, -11465261403079599615471642701694238720
153, -408957165759581196176207692519440384.000000, 87209818035951569311703520062688198656, -85070591730234615875103052691815792640
154, -428587511900852955136778627037790208.000000, 87209818035951569311703520062700781568, -85070591730234615868131761943622975488
155, -210151112180443799392053710915895296.000000, 120974738139372785309674807873379500032, -85070591730234766981624865407140626432
156, -469762088658814255748920896229736448.000000, 87209818035876615929337816300641058816, -85070591730234766967792622101625569280
157, -749925218190392318633501160137293824.000000, 87209818035950964991744720318133960704, -85070595533186416513638368198486130688
158, -676150912771714585525794464866500608.000000, 87957508783783068944293187205219483584, -85071098795428960764739361875899449344
159, -759395932807027790620366249020882944.000000, 87957508783850661337907940030815141824, -85070774271923439237305042899751403520
160, -410382953830533274631920132462477312.000000, 120980516815546953601345373616433790976, -85136694126851806307825930188661719040
161, -624756632969401618684258401415856128.000000, 116972064581283120145031877696067469312, -85070419330915931053783560886125264896
162, 122572163598287950198963721908256768.000000, 340282366941669163509540471285798125696, -85136694126849237340495559373661667328
163, -624203365330075817639917302799400960.000000, 340282366922790431512380196455494697088, -170319019627293747753024367724670877696
164, -713313336629517997525020835932274688.000000, 402033993448574753282822171521194066048, -170319019639402536055168501761605500928
165, -533437503574917655439368575262916608.000000, 121957946577241311467440217341212491904, -85086169705896376009938969077668643072
166, -411088566946279423223486900552597504.000000, 402033993444865534753877973394545098752, -172777692883200035889596785547980898304
167, -1715948223640086204231959339119673344.000000, 121956668612906680621378934462724112512, -90741174442097339144624478362015891456
168, -1525888954365292441834966843486371840.000000, 121956675882093011900088607519867093120, -90741174444925174946451478649343377408
169, -1832776062101804731771792768823721984.000000, 121956662424888504437611306507359436800, -135581528027883325677021631859279044608
170, 52617891610110231650751510057320448.000000, 340739476054055786983143787932490203136, -170354098106887599698439902589682393216
171, -4173476438548754026900203725041696768.000000, 126030882676021196721245293617996349440, -232622067500469596258314721807046819840
172, 782577802558816020248561058823798784.000000, 340739179457746942123625792303449702400, -170359565381543321411104767618936508608
173, 567250215017357395053615512257822720.000000, 340290718409893587134027509107047605760, -171195168073778082770948033106462054528
174, 348463961247491913088089139433177088.000000, 340282363893400593472040945614825424768, -297754239491809595425643512224584744960
175, 391207252024247175670071366497861632.000000, 340282363892934073071723190250883368832, -298572717195526665703068374842471137280
176, 745359305250874439653848952713773056.000000, 340282444092253603826095159514790032320, -245907164080485227537772388528473869312
177, 1274232513060539031047660351684345856.000000, 401417537060106992856095728736019464320, -245865696803823054685860916357314931712
178, -872694281485647362091587916173148160.000000, 340702753253743970168124389715011231744, -276433331270581505175121048857510558912
179, 1445118574285990089787076396265242624.000000, 359333408393125899150273691991483414528, -276441123218897492591540507789509408448
180, 2171130175971810645624038347413389312.000000, 340609864737737307258788278140395382016, -276441122474645857837818413528677338000
181, -1600528734722516053524268603320303616.000000, 341241825322412093013948490694749279264, -277876526377966577825932865100465235520
182, -52861402619651378673225969715642368.000000, 342869770802187549521881807913823524864, -292423988282508389558840147691551198208
183, 1919612291100065312445908902832242688.000000, 460647935470786199898392877649477896064, -279101035464790539193906524860358543120
184, -963453900932822683125317905317625856.000000, 417827253355369573791963462536024621184, -280474429736953039038290136177430880896
185, 3304584484212530926715930639731785728.000000, 420977857499573035311268220232770480128, -279496530483120809207591813187582986048
186, -1692333798282362670929272693306949632.000000, 416006601314841491843334347545940398336, -345573363641251377201632578461144875696
187, 3175354409919112387130646765200474112.000000, 340584775853728757734915088787257269264, -278026467152200336571041941209482852160
188, 1433050329873101518459941174800023552.000000, 341145980786304189493558965491320217088, -350808695315487875685163255482892057456
189, 535407913708468206141777600132939776.000000, 339858348555208602634549533790606376000, -340759454495551146511201878489800141280
190, 4909483946473726797974536403023822848.000000, 427443233654603927933398126902005234432, -341725027855735684346783425175628703904
191, 1911848310583908227092036116992229376.000000, 339780010201386119720952195169477664704, -349559239283377930847740808198893219248
192, 4762327353757580033288953469541023744.000000, 435020517027301626188064970917350745280, -340475115220331857320648927889816083008
193, 5595332122389612483487546054847496192.000000, 342940128036140113976440026616021454528, -273884648642392376339797139597866003904
194, 6697052981139527216215472921575948288.000000, 425032848651499392889533953998747359296, -356727988124263095268103787022510541696
195, 8662638297423501690234686446787100672.000000, 378836197271598369111710417367195902336, -288665984172563798189263741411737620336
196, 4074324592817586556727034525494804480.000000, 459295779004712754193319158181286741456, -351936468449495795243331543374387989824
197, 7454237728364200003404474255247671296.000000, 459212928411065212247843984695414646272, -405833270421362517232303455679434141312
198, 4193668817990502083320690571395203072.000000, 423112879796141909073898835588738374512, -406666255204112498197256392736269287056
199, 2181216742621319006106968641610186752.000000, 350696854838531030556612952559003108672, -405841648690610270564083642661050086032
200, 1640210964972436657135048747596644352.000000, 345956962350778649002138346914607094960, -347587355195109723996725413202657260944
201, -1849324180017383354480462652554346496.000000, 333665284934173745668642267041654974160, -510288132040732227539558302624849956160
202, 8675131206037544125001393864982921216.000000, 381230067038709958854085280857288883136, -346892502418852894490941479287897251360
203, 6483147083140871613022946961068654592.000000, 490655305966531510524873925434161463936, -505699029678840751374382740980288984448
204, -1322657172860473699460987664432365568.000000, 383898810972994667477606521093309291968, -501165543046509775797128534941301203152
205, 1169726842189680719012038652001779712.000000, 426094589416191001904093127904543122496, -501197019567493557911197759250025874640
206, 4517603123369258969274880731962671104.000000, 361004590160122286090708372556108401776, -510631585083351187321287255968257035136
207, 4497528471031139813322216702270767104.000000, 369149934311248004325082965858281899664, -524474590758077451538518278561466963152
208, 226738328859830079716084996181590016.000000, 466664475321079727363757564374038731488, -505972037562424518532817334567362696064
209, -215434926222369704013995505174446080.000000, 368960454395724472478847614740469391152, -427903124368923979557563734168566114320
210, 7379319467306474865340144160329433088.000000, 407118394411591457239806387649335509176, -524058744971491925003897269364809895808
211, 8737400076214406330575815973313445888.000000, 424359625320095668557242262383654122928, -577562117490128329105477682655385391488
212, 12552511225940395609055845670732169216.000000, 416483521980003132872950472857626917056, -509084776865901247245168758416911318896
213, 13038608216497403269917545057556103168.000000, 372609659745942319818169762522558175536, -482223880295568957748098327761825423232
214, 15548194070308893162830379411488899072.000000, 432834592719583258728524702268056242688, -527971665964330025169471289770090354064
215, 13557130714884422391200471175552565248.000000, 393960412827868032451327722859153503008, -438151496962132820089630756207747647232
216, 20906948111882420089928893481881698304.000000, 380600046969760835177066538011211004040, -476381095306570906612084292011839936256
217, 18931390821566430632645424377837387776.000000, 404045217679974916642874231111773633488, -552834091657468945031489965521248431040
218, 15664023299053225097130325954441248768.000000, 380977687239938300237156078647384269128, -442430782410258550748638655614433676316
219, 11683042503779910617737925215693832192.000000, 421484639600428441670996314777009267104, -484578550574826705483958878623008395008
220, 19055279360142785564720284966026477568.000000, 486413394570926036057949443493245214832, -450469662107350296916758376240356666204
221, 20885062037797173953760299462170771456.000000, 452533407681097284585971110437462758476, -538065523194427762155209918689988095912
222, 18807341306735336150653342229907636224.000000, 437187037769748991420950809439267080956, -476005877700708241870989004584795299568
223, 15345520055473571852351249293242269696.000000, 494951620577249733842825857670632305312, -560974919108354935635468481947894770088
228, 5962096287306244408200139731443384320.000000, 513519172312600385437611451023606132152, -576204916515547446310670180924121527408
233, -1245557057142850628736677867151163392.000000, 475225057659884392758961914227084962920, -489622596615379855887160655343242361520
238, 5099495262786121146709285015969071104.000000, 516803842709344887927962174338968129924, -516782325273950292937547335335608485168
243, 19507077996241137301739061761391198208.000000, 594507674953902155445898598314103728528, -623046979513955684384397974969292362864
248, -2925016573576552735390846313918627840.000000, 471840500108739633746812329905773536708, -528625219323335044421626055058431418824
253, -55662589876413447847864039193586958336.000000, 451170680593163406169287863177666143164, -606710468690987562191629509457885568712
258, -51004216830510450458412866514288902144.000000, 547824383298622465933275122394372608328, -605911673283940294284155798958839039404
263, -40305652525706765567340771137147633664.000000, 594099874995963668773314096141487224500, -552512185068943756463815834828219167816
268, -57837784358137077077316122190523924480.000000, 564576669781070180517723920174632892824, -656573770477026003382172951306406019474
273, -52056622065091982021917254074914308096.000000, 434529234766063611349525802383272587240, -582881569533980887292433047528100553308
278, -33249190666417951673587746666266492928.000000, 590362096414630548859939157449720688020, -535239427182907211773847504160305818566
283, -11773789721270718506964671843717349376.000000, 549813702626239430035864685399635384376, -650610504913973192801016522652795840538
288, -31833923129080458961651140227906928640.000000, 471111224949350842307832869099096333371, -647378349496307317193510229662523652126
293, -7039727832635883082375528727760076800.000000, 499645189280419502824166259980881144100, -549103115604663254478310385367831269832
298, -13599348526659319024767808867223470080.000000, 483937576012041107930462774760160935848, -541096588857872915921018372219262453064
303, 39152993564775813213954783521840037888.000000, 571709574438461280878448697945125261078, -532863418526921431235484889652864171096
308, 67554532791862637434606448958307827712.000000, 594991851877029332661858579574238497298, -524528192676011281562069091225477506062
313, 52713107156780609829910044186370899968.000000, 608841029646681098892783561535437406413, -404326602511805358320158160416740325535
318, 37931824911007070972471463836743892992.000000, 500416722143680149713604436333137712539, -486704522761668652282802399316197664105
323, 36046919733929428944979563727873376256.000000, 575718564149103027033245181733351666763, -447219262254604177776601924410929410406
334, 20085959590157469595701962028498288640.000000, 479459282214104681348657855191895426751, -531914801229482279098324244446287555298
345, -16572085365802564315608873917631954944.000000, 466079438196809064619705456123768019711, -535279883528089298023840745262396784186
355, -55579919223339802030291877846627385344.000000, 404690066158329058326814915609832846747, -567458603762582774249586512326406513848
365, -42110281391626237608260326957418283008.000000, 508287328571154226735210049617236457484, -651134417319870920764904620573224494712
375, -38476284156044366823229123656993996800.000000, 468440468905572299893104442135367997106, -622920107523089695233846259156067456948
385, -82397042045438343816416156245144109056.000000, 446445778551304990123558878908097187924, -1223278162880133535655096466504157328832
395, -97540502430470158747009050708925218816.000000, 653874877093853692348770308465230777769, -1448412550514191866390613262065101630277
405, -21096104189252456022413071122379571200.000000, 701455579808951073573506131530787878568, -1444618733926441388299482990072101688423
415, -39582149434640253701628413409260208128.000000, 678954224128516510547613217863736793901, -1501982595490307952098340449449376141800
425, 4041711493249371676271228603038957568.000000, 616675041588515822261073358160183087844, -1526752212515522452858913073601255674681
450, 112175642315308408096680808961657536512.000000, 758707949928213118272653651880781463340, -1471009623834323909413800992842716076886
475, 126068033190088536678944497302086090752.000000, 1228740568184001799632596014920802924610, -1637157890257712447590573661288651501949
500, -200857228677987264458632975309311311872.000000, 1366692203647372225805027781385551095175, -1265549705150954541846449829388804175763
525, 30332949729401556087133884582427885568.000000, 1033546183326470126804373019704846509854, -1684099440365995092966318522012437924314
550, 83292383836450978746381221457538580480.000000, 1473977951688933860326787938468294951834, -1406869866271714509178390818259826349863
575, 106473592293091439072492793605652480000.000000, 1413746904206678068052611510963649608477, -1429042375114809839707607638025375765069
600, 41017727923089667284330674256871424.000000, 380367601903388017989636332102162006772, -368091836728584535114534506410534667865
122, 0.000000, 0, 0
123, 0.000000, 0, 0
124, 0.000000, 0, 0
125, 0.000000, 0, 0
126, 0.000000, 0, 0
127, 0.000000, 0, 0
128, 0.000000, 0, 0
129, 0.000000, 0, 0
130, 0.000000, 0, 0
131, 0.000000, 0, 0
132, 0.000000, 0, 0
133, 75557863725914323419136.000000, 75557863725914323419136, 0
134, -2380072707366301187702784.000000, 75557863725914323419136, -4835703278458516698824704
135, -9671406556917033397649408.000000, 0, -19342813113834066795298816
136, -9671406556917033397649408.000000, 0, -19342813113834066795298816
137, 681230205320670898320048128.000000, 5091995552216818083862413312, -319911995015521245356621824
138, -140486398416653626683181498368.000000, 2873560004826179112534016, -1403575493555235078808470028288
139, -4024028925963122161012103362641920.000000, 19287000644964651175929446400, -80480601307289828242222693102911488
140, -9642877074343517062994233131008000.000000, 19287000644964651175929446400, -332306998946228968225951765070086144
141, -13523595724433264935447315328532480.000000, 1298074214633706907132624082305024, -332306998946228968225951765070086144
142, -75138252757941461906097990270976.000000, 333312879697510068256039399063552, -5192296858534827628530496329220096
143, 55206141511060645741758536220672.000000, 332306998946228968225951765070086144, -319929658485600536349737954972794880
144, -2437751756796056956309119657050112.000000, 14994811169132497080333920777535488, -319929658485600536349737954972794880
145, -2770397802152472037374292272349184.000000, 293364772507217761011973042600935424, -332306998946228968225951765070086144
146, 81144071824578970992642218015064064.000000, 21267647932558653966463164764299198464, -332306998946228968225951765070086144
147, -134600064954238499968644273930240.000000, 1329227995789522541407846399186305024, -332306998946228968225951765070086144
148, 234881393327828236515920622347354112.000000, 85071495765415795310032257162546249728, -332306998946228968225951765070086144
149, -29136830558868124616472061892624384.000000, 1329227996945487020917092502820880384, -11465261403079637394187332876742164480
150, -336008370104547887264908332700270592.000000, 5071427067049487954910739622097059840, -85070591730234615865843651857942052864
151, -23087709074397067222722848307019776.000000, 1329227996922459581354999395347595264, -11465261403079637394403505658855948288
152, -15552236901327163201506050899443712.000000, 5005374171472831319769353890151006208, -11465261403079599615471642701694238720
153, -594011321873733259205898608387817472.000000, 87209818035950964848793712748113428480, -85070591730234615868185523664174710784
154, -56441386530621160365886910853283840.000000, 87209818035951569311703520063225069568, -85070591730234615877354571030524329984
155, 72681533715900739876462831406678016.000000, 87209818035950964848791460946139676672, -74353691014223680606847719177451470848
156, -655837012155661372916182169935675392.000000, 87209818035876615920114197973198438400, -85070856593850463614339122177691746304
157, -886723064225970892614680892980330496.000000, 120974738144249584977809572876133072896, -85070591730234766986004616044221562880
158, -630232700327197896016256248443830272.000000, 87957508783557727060463613474909192128, -85070774276874102860243072848111075328
159, -490169075905525505841295869769416704.000000, 120972791034567410106891685840205381632, -85136793515257852821254134699466424320
160, -240412482347716486431688470833397760.000000, 120980516813363331323504253263918137344, -90397796056732303020562432306259230720
161, -522859054011945745222375451314356224.000000, 116971740062576988309876950701942243328, -85070419319774476431393565113180225536
162, -568992755544309142248351111279804416.000000, 116972064581121117013047900136752020992, -85070419410711620997244152833858011136
163, -284238988472562431629935597953482752.000000, 340282366945561116811233865462553165952, -131640373353663940267482285004004900864
164, -543223950563774487017207475992526848.000000, 121956668613439652693355049052557541504, -90553657686598457854762557031888846848
165, -511963415982510438552127484798697472.000000, 402033993448574451043584193318549897216, -172777693885895417600983495639188963328
166, -578338352948344181408826477049282560.000000, 340282366919083831897678508322000650240, -172777692873941961248556487788501991424
167, -1790218673114844356131583483485093888.000000, 121956668612912097178422098895361081472, -85096877551075214600881899293150543104
168, -1437746412472770790359716821616033792.000000, 121956668929820506624934184171004969088, -90741174441757005341463837816883576832
169, -2367878806665827210841876826297466880.000000, 121956662423077535348258111949835550848, -142769979101567948444951660686168842240
170, -1505094465057059306107645829863964672.000000, 400886169742953642250934843346688654592, -232619998714314694236853660735714082816
171, -841265088727959040877943089656758272.000000, 340365627765231524043429365187890446336, -170359270098696583558338624632353132736
172, 185118617910569921074726306354036736.000000, 340738748453980417031474446160134807552, -170213823944849000988524491844165767360
173, -316448170310876383468934733143998464.000000, 340313817088354630122392422657575047168, -297728270208554168933531906942393401344
174, 842504425226265831426269701170266112.000000, 393700476495392569770733620356526669312, -170141487038347138526132635871200948224
175, 579672653830286217405335333622513664.000000, 394809568687870828421259017560471339008, -175473791742502567792930239398823378944
176, 103549920269149446574074685900718080.000000, 390159868123661816362807353797816713216, -298577755134804109495882638510685454400
177, -700365249285425233447319670972481536.000000, 339570576442561853202572957489285316608, -245906424046157210490998207882858255872
178, 738391015329708939216330270254825472.000000, 402787646296908860561365718590284644352, -276453491698681058790716171337981707456
179, 1154923936793834155633152850258821120.000000, 341119226958959290520160128103313907904, -276441119931431190777413863264534544064
180, 924589077610601709055782971225669632.000000, 345883962524902944354038245276039779840, -276100742500048063100106890775432610944
181, 598014980710172009563480319135318016.000000, 422654015991873161504481097307992985344, -276454325778142151547882665046403008672
182, 890601209310227764372607127907205120.000000, 341289963013989137423097379705500932096, -278501513980157424556111879999007763264
183, 3999012411711161322469102937261998080.000000, 354470661538448497217157842000039099360, -278492307821028046545318460191923956544
184, 5191496446776384594769220849260036096.000000, 422624785266952959167077294775121712128, -276493203039806602898509996815020179872
185, -396968967302147303032194936418074624.000000, 416045069199372412265926117540797200896, -280631960778680592719046985721104024192
186, 1320674851244193618751402810011549696.000000, 339883856616871549541205678251644549120, -276428847938989669699659766803672594176
187, 3111973642147124824449483483889270784.000000, 342398105585093939904308020025626351680, -276428249175901707328342647559650698736
188, 2762306796474851815942070397707485184.000000, 352176612595854027311118441892264795936, -278014292486225615074354925298048677632
189, -767608247747145144197395769683083264.000000, 348041129127113546065835653645952565504, -361132216528733512877414251117727046016
190, -509015627274787064325311047019790336.000000, 374826464969394982841148065646657403232, -341366817121588988337250437549173164512
191, -498739855058550822523937202760581120.000000, 339745068357676575296555542556606529664, -349562757668827810514129895140008222128
192, 5831939002024968379841871957446361088.000000, 340048887984060740464536088281887585472, -342269842588280211134982390276456271104
193, 6939887241617095351735883885371719680.000000, 352837896873087259474938224891578157568, -275090764015639974928165977241279056320
194, 5475985883720262103377886334662213632.000000, 345981697324033444953235496551124036544, -356140397693866796127877862376374262128
195, 4895905148797069945160656410550206464.000000, 396188937082944051575430378579082681920, -191080425256970303177008975149983686848
196, 5450428519587591885491580927951765504.000000, 393405862115059946180965656310166396544, -405932672522293063577985352868677136432
197, 5095836715089570176443107804325085184.000000, 468114312247185044527514661382596450304, -407219407016413804776909265147657582640
198, 2515259341912319611939405948881207296.000000, 350679458260044126800359705775046752192, -405841172950474904829752566910721905296
199, 6537258065609183508346409781016133632.000000, 424810040281086282039051891585419457552, -317365528656051287726054691586193550528
200, 7951470463882305589870966478735409152.000000, 424807723080294370474175686541478459920, -348365870002256086649756053950564509216
201, -1110685116081248960416647468642467840.000000, 339844849020561106013784810478029681040, -510351201058533077344741181705525348672
202, 6474715604794965108163238408472231936.000000, 422405436798747434876531164540379229392, -348395858507700136141422900098838562464
203, 5801470640281196817579722329502515200.000000, 452778738126487282030280832023915283072, -425948044370295118279295671718122426496
204, 1213947516489155067005510290518310912.000000, 407292876206193428189877580780542444496, -506511306909608145962822169166208888960
205, -478852423452906996370045338107510784.000000, 391861801939261901810831353750738907792, -511423450807152342920864443544112826240
206, 5974734683517191385163807216048799744.000000, 444837121863576174211922339406458225280, -505573991674073685026677837407942595456
207, 2242228380775364116385674868306214912.000000, 390379084651447362792481820554414163600, -498345033100706434530523620298174702800
208, 2815837775272779323171642014452154368.000000, 417222989785423294023580813259133238336, -440971649415056739836718150857038369344
209, 8870045197055650656806626634210738176.000000, 408082317866360070859968800909238852528, -523934839726537405888864934106831704960
210, 4015023832988744507365150248440692736.000000, 368322137080582204699450765480837748672, -436980868171045860293622102081802522816
211, 10859503909234112086749786844780560384.000000, 492405483664997155948487326950805701152, -577229948663507706297311721363347001216
212, 10172976808822123123603068870983680000.000000, 512473806427303740229982401220004985376, -503937651471052801736056373662572489648
213, 15248589911980956763266778498678652928.000000, 466663517529657252377125769937856158672, -530138372865841863425769393007479459712
214, 13170030264173852541158024567576330240.000000, 439751188806349920480809918387710747072, -511272030128660612607282842898324470128
215, 15233704103662165907664764437115437056.000000, 390669410278225006965791465792422959488, -489620747202528956431313532914858046352
216, 13259761696527261653976680745488351232.000000, 428967274473132924010807708016782829632, -511687315513906144621239098400038771144
217, 18350780966650613860964997333843443712.000000, 509503991072542962668900172604039542576, -474828281079849876415760058571384129260
218, 14271010681526954989674142122242998272.000000, 516482495562508563996549742719598737408, -476481174380948489598611664845540982812
219, 15458269252237527057783471023815917568.000000, 581720641906570676222842090809282381888, -489991263823478993117035466329532478096
220, 21910543675479217591939013257480634368.000000, 353483271106892503687272226891392678428, -552958058338812817839982158932065081744
221, 14198657965049192431440157893340430336.000000, 478475031013681094110264430872044773424, -525354550954100685822569404172608745888
222, 20337222466814794904289704695291707392.000000, 429371298538767204759310921196067645248, -552833080176546091981375896556768683328
223, 14716661008145186252920476177100963840.000000, 503682195685909653730290309818985554172, -554804539764214926389915662315097740920
228, 15392973908681579909963564517051858944.000000, 467126741505356935825922989728234780096, -468256600426753956784198142760943488588
233, 6141259326642670336326682469753421824.000000, 420448036908505617578577356623746221648, -555914364428227544371591821134995568944
238, 2773039355028835320813518296264474624.000000, 535227503162579502083734130948089499908, -571307140823480806564527507442030868136
243, 12241482951904951974237055609917669376.000000, 430390802174614387312082205844395538412, -536391047488671241728702555445685615336
248, -3899322723617936681330937550912618496.000000, 480022323919135651481082365864612094884, -543623612441239690148698494791203620224
253, -30903422366734758445904666218926702592.000000, 544803123884817192306894168278572716404, -611739144812397263869955766014191121752
258, -54079631469415580337086573954216230912.000000, 551373169108389146001802310436330862260, -544934993603359428890722888536041155240
263, -59157581160119315940280479782707134464.000000, 509781203178077041567029875305142951048, -635992050443245934260215329356096291390
268, -68216242849567562704721966974837456896.000000, 551171143080494563404951223666716051416, -653118279812625285819210515455634001314
273, -42364640720102914131827940132057513984.000000, 498017541428511510084383405110869083028, -576637539211364215169476219632444647592
278, -24319850244118640920858777259314511872.000000, 611103721479777903370485468459616365988, -598603875139195240718036706687437834408
283, -9697207349719959456252869110021488640.000000, 476676417901362204724473625416370028960, -491425375111335023449645544481633189336
288, -28749558968385886654624707270986956800.000000, 505188660693481620004070188046658647160, -575469830461798125383352947318968460280
293, -12045347905618410311264232278719463424.000000, 496558816272249570923661938298756180260, -548085532126392337642102829423817903544
298, -2926774946365031582133606271227527168.000000, 582899270446626602775419901323157575708, -559740224102475145392324212041400031576
303, 35178541946820367136196385415324762112.000000, 598838864949109069143119056098233145532, -507708696884236221036414817308906581662
308, 69504399594701734330916376936649326592.000000, 594468136560605127016650262077650602578, -523216897615848500958746936506002527182
313, 41286391389506916867002247191344447488.000000, 532461266740890809370019822330867079143, -527645203016288738710627208978644675615
318, 43888808883060078913002444756514504704.000000, 594984352137907655118454477955412085757, -490016915374080612857513178897217699380
323, 32587705489221612821906335460203954176.000000, 586968633889112169523028567866529002274, -412459801006108217389271711631626817596
334, 16670577087966556505228239186350309376.000000, 467685418065281856902855979430989821474, -511136709433015317879663880431295166076
345, -4149988590363865733242604567069196288.000000, 517801403731391847786791168776245345151, -516679731868440600076043300600784624432
355, -52508310017033355089508487536559783936.000000, 403505603700944440317764773553795744539, -600920685314159398904914031892576538798
365, -12224169632528692555827184627565461504.000000, 687239326333589971884440874495929063213, -661638623308391431373834206187532016984
375, -17482774766127306791902999346755403776.000000, 687369448124349888960248688696604738905, -702328933350993720715797105050833867283
385, -5594946785826119860831336196841930752.000000, 716752305624189789482135311921236922330, -1300699355937634425461973522470311930649
395, -72141158739010985450944719282713395200.000000, 814540848799015160101727528142941737576, -1323681256425521095975815425296569906163
405, -33833745533456977841607557433960431616.000000, 624872739935021398130671964852288584359, -1262453676691011891060577834686863030269
415, -74254059648516845064567154802855772160.000000, 593297019190488705099253105026781915745, -1471620374095110631564302673106358872399
425, 9143239270351688165639634887771160576.000000, 685350036089673175649818836591780463017, -1325499667946742299046131430742222707945
450, 208396556026433929425188209290897260544.000000, 1177627382400501663481598584692777456473, -1424270470582295825983631443654302964989
475, 155910903410683670133807278760986148864.000000, 1423843273453918820822166775575728244006, -1572537010975814204863915371331336518496
500, -222073165785639191485589471708246441984.000000, 1178727085255809037007315588774212224454, -1512209664914452024331229748277850343887
525, 122142854332565789472715511441771200512.000000, 1488536497294644371090375888614001977820, -705090905978864540474823893548170899765
550, 2562820954334612219448066235334393856.000000, 1236638993187669175750956550393026223427, -1100244453557153161099438617355163221106
575, 64702398169584142760554440822773252096.000000, 1409405008891052522487195299632293102270, -1418087908302226437266217346152407697715
600, 0.000000, 0, 0
122, 0.000000, 0, 0
123, 0.000000, 0, 0
124, 0.000000, 0, 0
125, 0.000000, 0, 0
126, 0.000000, 0, 0
127, 0.000000, 0, 0
128, 0.000000, 0, 0
129, 0.000000, 0, 0
130, 0.000000, 0, 0
131, 0.000000, 0, 0
132, 0.000000, 0, 0
133, -571406344427227070857216.000000, 0, -571406344427227070857216
134, -80120850339987118106869760.000000, 4835703278458516698824704, -319911995015521245356621824
135, -4835703278458516698824704.000000, 0, -4835703278458516698824704
136, -3204912719707532372738048.000000, 56668397794435742564352, -4835703278458516698824704
137, 596924094439270967798661120.000000, 5091995552216818083862413312, -319911995015521245356621824
138, -143165623477917599121014784.000000, 2873560004826179112534016, -1237940039285380274899124224
139, -19547553182643157217204183307911168.000000, 16464530742525018037551104, -332306998946228968225951765070086144
140, -2554274332746932309023207219789824.000000, 1298074214633706907132624082305024, -80480601307289828242222693102911488
141, -6515850505943011464502916755226624.000000, 19749012189224582198000091136, -332306998946228968225951765070086144
142, -8084758093569264079738885923405824.000000, 1298074214633706907132624082305024, -332306998946228968225951765070086144
143, -6481680000911127919913645666992128.000000, 1298074214633706907132624082305024, -332306998946228968225951765070086144
144, -3080794633912415317471947516805120.000000, 293364772507217761011973042600935424, -332306998946228968225951765070086144
145, -4810645780456876605619770956447744.000000, 1348319687054772671563479130308608, -332306998946228968225951765070086144
146, -3914458774859689898376480235192320.000000, 1811611903138051521839043031597056, -332306998946228963614265334325837824
147, 148403500395814274795471810592768.000000, 1329227995789522541407846399186305024, -332306998946228963614265334325837824
148, 779630799170028297650539394498560.000000, 1329227995789522541407846399186305024, -332306998946228945455751636767997952
149, -371871452694685618869925488321626112.000000, 1394509784214048629020183303899054080, -85070591730234615865843088907988631552
150, -24823356552214286033501884627550208.000000, 1329227996945487020917092502820880384, -11465261403079637394187332876742164480
151, -26612514757779364682004478293966848.000000, 1329227996922459581354999395347595264, -11464591132824766717891291494922321920
152, -313526641926717543197387800549785600.000000, 87209818035950964848793712748100845568, -85070591730234615865843933332918763520
153, -593882146357110216770309105186242560.000000, 87209818035950964848793712748100845568, -85070591730234615868185242189198000128
154, -305370815775168281921393147835842560.000000, 5005374171627573831597555452158672896, -74353691014222496473456643213541507072
155, -463979353492860892914079776825671680.000000, 87209818035951569330139005135707176960, -85070591730234615872797209682602098688
156, -46016264144021821533133066809114624.000000, 87209818035950964848793712745953361920, -85071098795435402029391375969558986752
157, -71055056727672498058843505530241024.000000, 87957508783557718796322268452496343040, -85071098795428960979181103737957777408
158, -475147316594378885810501856408895488.000000, 120972791032621776185117862771828457472, -112652072633487072903882773306418692096
159, -1097328307545467047011949652052279296.000000, 120972791034567411122757394787099738112, -112652072633487069362107911154184749056
160, -258611388683867370180067844696309760.000000, 120974738145889361788026069338277806080, -85136793515257852820101635339612848128
161, -565371736222403800166460966943326208.000000, 120974737992293056771693113147029323776, -85082456939533895563888263800324360192
162, -320726404107809985739811013651333120.000000, 120975324486041970926635798283180179456, -131640342890525783564416281459353288704
163, -233080681398810641470840926644469760.000000, 121956668613215956558745821744314187840, -83741323169654903549085221488598974464
164, 23418784626913047933432975964766208.000000, 340282366922790210173655632673182433408, -170069789381627447759130475378545721344
165, -585842167055705907833137869543702528.000000, 340282366922737188918814678547685195904, -171366484401858454839215041774711144448
166, -232523085446719775623658988506185728.000000, 402033993444865549219559181640098037760, -172777692883146877778474492329065512960
167, -500473914851131893171218516539342848.000000, 340282448050595951678060622202908360704, -170120616097900507104896517515539185664
168, -1411732956600397245778674022436831232.000000, 121957946577270323083457284172046614656, -85082055835667985307530965807529721856
169, -2404403862436837161807742596745789440.000000, 121956662621234962874860438698328670336, -117490644984823409611626928528582377472
170, -825679487396978935216305749981396992.000000, 340365803383822889126189520357005524992, -170364482702506286646415300483611824576
171, -850746198794415464674355398221758464.000000, 340365790024591624385219318960284827648, -170359290380010343233488765096601084352
172, 676658452298545479302393130924376064.000000, 340739638337897370906813461352662114304, -170198349731384950427325890959494027392
173, 122040826310107924868194414096285696.000000, 340447977872026010744537579983539150848, -170233984654778362822075648380804667584
174, 137782374982301645876074683603877888.000000, 340463313204146518716308945091480057344, -172698159318149834544416527060593298176
175, 907015177747070395549566736105734144.000000, 393700476449201363675391049793724814848, -170181069204006255521056513970824075456
176, 2190195055013975040671213577108979712.000000, 393700478315164801812071262039742793216, -245942747089227594181093849080800354304
177, 2738252354667833242799866586060554240.000000, 372432827688767921258107154618455529088, -276067754826940416416945658881726365376
178, -491455108013298728148952481032830976.000000, 424055296310318995449666801925890322432, -276100862844248273579788767014209667264
179, -151750095708265575834487194919108608.000000, 345624990631651613760523622584074376704, -276454001234711208838753655198203068800
180, 2136084787091864638370263233695055872.000000, 359333669598335712707104785086136469504, -276441606543958175901868254347850038480
181, 2179202987087792337651386762653597696.000000, 344285360894779351586414652693044005056, -276453266054542434078893701798815942816
182, 1595581198989100432342487387563098112.000000, 340288494002811706390241787396283768256, -274595156500888545679011228450674395728
183, 2162512722648365331403052780502384640.000000, 422622734464098790632139378369291190528, -277901853161647270698598683645320047424
184, 2326046777598822275525771911667646464.000000, 354313036966793674502292327038203626528, -276428209163320644404353868864402489088
185, -537063021025836574279172806229884928.000000, 416027106553336827141005319871881770496, -280622775854507544087979840019469155968
186, 1685628794886056275113402464120864768.000000, 425659816206841246779811948738197408768, -276428248654472458674538988128864564672
187, 3480978504573392333459543838708203520.000000, 403684794727195124034497421321961845952, -278034136386140031832436033128054409024
188, -63323855136763402049941430861824000.000000, 347996813879657722880446463907970354384, -276504017705932711886129887909966981536
189, -1226901226778450185866145865444360192.000000, 341775080679894246602460940194565526592, -369143196257472780190849917493920990208
190, 1690913698792268552762511095236657152.000000, 337925066860501340757565942429206886656, -341522805012011148612923767233326481536
191, 3386136382011591185393251951465988096.000000, 340314360004479479189000814031137302912, -341337497417803827390757675601845874992
192, 3013729790277752905958760747251007488.000000, 425767687950313062627496393709125897424, -340558189390782415496553273182565900352
193, 7502010132551628218539803643131985920.000000, 364165944713068567203942736094120643968, -170829562950958841516069822252158010432
194, 3251019126443664456215980590311145472.000000, 425655275189068792050320469137899112512, -346596164389090422515585028462012275520
195, 5720659101194175214145520366503591936.000000, 343427994513607992320689050762180580864, -288667333631807112544646272734229278304
196, 5717850953974998759596096965306220544.000000, 423613425305482292325573720110641164224, -356431433273074588900066229877723625792
197, 1946002920212928030958761116178579456.000000, 423597391875109692442036687049066335152, -397813155570445074272986912207030967488
198, 5760432185955786843709829429684338688.000000, 339755034742482796875678614242183994624, -406970501375230413186312832559013443440
199, 5099480704340152222926378381489471488.000000, 417840103382500614350608192477211424064, -398305290494323732403556000159510204832
200, 7642056128423928396922963007155208192.000000, 402673697512645725950893650197578868384, -348838276172715246743149633788533917984
201, 10526130725596824260725291526966476800.000000, 447247623111265375562522132521935815808, -430934207416199354921525477365649846272
202, 813924118705195650007440825071435776.000000, 421251141868667853402643806415423335936, -506482401750949704080236901980561455296
203, 2638839857834326224155395099855945728.000000, 473006503989342533541205287835443254624, -501214705679058416158479772254274650304
204, 7271379328861644352514297815053107200.000000, 472894657127054468429555183698046722464, -501195049383870428698148533470437050576
205, 163050743482044547196549600924139520.000000, 409590475279387293553716091266386851264, -511304516128436732871513937151845107072
206, 3748396885360684678408541173618573312.000000, 361313838604138476859474078926133469040, -511010115073907851095876869612903252864
207, 3936777945531768120956666066629558272.000000, 469239897613632807015976660640610156928, -524124105652403182923565192089697994624
208, 7883438817329290776370220728833802240.000000, 410052201737761417400327451523879126656, -466719682944423454534106069812309657664
209, 4419502201059376373652916463137193984.000000, 492365770103347948959479508815768057504, -524058714520031101318474086780509507456
210, 6522732836207886997458498439539064832.000000, 413012152904111777657017031533783054832, -501007477766026842121112542848413804464
211, 7000169473497152560411506052954062848.000000, 399254707011588147305623967179029309008, -493052301047749375452960542028521368496
212, 9438236098386159186761265938870304768.000000, 440012874033920038643128650510289062848, -500808330972184176940606633869105655664
213, 14544898481472382897104997704112537600.000000, 466936176512037722084285614656348214096, -524475232575340805882007615746180311936
214, 18256705317414938344199891924568506368.000000, 402758849766633390659503025494968600960, -532321167361141864612008455463257301888
215, 15947754566290518338496144403035324416.000000, 393688487465894156202862508032455001312, -444322555890299782381101665030803014400
216, 13147463000851304194894898822436093952.000000, 473181220812305281473301997690280524736, -474671571495069113384644546483633975308
217, 13364458426319092981778139631971205120.000000, 381158994717314965497495643641295521824, -477051214006110077749955361920149217292
218, 16553859466005394858513653586410340352.000000, 409878509546235316863302939486022596816, -553333165206166150186782914749635758528
219, 14999349996972656377633692457862430720.000000, 466439315505811590560293104484668428336, -484324018502714235332780366420524111708
220, 15062628502105841302834594339264397312.000000, 466432955337382762537156731402564784240, -501716301474032253523329018390431758976
221, 16286261345421060956326779103700058112.000000, 378601521559617236332654671465790283024, -508158362787391448078494545778760378760
222, 20150755009686994109986962692603117568.000000, 471765439607724151154950166471826232368, -522993629310043766965482066721080455616
223, 11445959524101655294948820698787741696.000000, 511042891356337443135798273858215945724, -560611088285334784060923321125568239976
228, 10245262052151915156015708528047030272.000000, 494251369469435646784144030571572572280, -534522631276767422923509246205543377672
233, 20778317021995951871795764283909865472.000000, 551568940123840213276723679506694987892, -472971285007664041592193064474684028608
238, 21295654527346908305107314882866315264.000000, 613416310839841765921915270624092119464, -511743673351349078397815488394740277092
243, 14556270678376851179223948135342538752.000000, 591653873460563302417778685596137339280, -623277557983045863691813930789626394800
248, -11101058741704899700869697663227920384.000000, 541290590152156802401732343447967037032, -526222623655701068817062161744506910152
253, -30692374860136502655138431098456899584.000000, 544894068892515594434790661418487271796, -568522715299668038046025344205636097540
258, -57146676955978125220986086158174781440.000000, 551617731201787237775851759019247990452, -573842681981991066242353285417954850216
263, -47097180004625500306143246859118837760.000000, 586426897493562810120889784868428232372, -583676101186772040874495039013077428382
268, -64571538324693530380309107600871391232.000000, 418856919690106504621592232122291756704, -590326027811662981174486461604511301190
273, -51454639725293098511809822807853891584.000000, 461116561015214689804015729198323199912, -582512655451537839735276532697915959464
278, -23359881450068900598091683779921838080.000000, 390955138330220169738500176433881852692, -535149350453825820159383514042505472966
283, -15161076110929806847702118817972879360.000000, 472122601581679638008495134526226629024, -579140729062992380049436712091980008920
288, -22567988618922254085729238527011454976.000000, 561114132555015800418553326595813326479, -466053984408138777779329884541273679256
293, -5054477123899135358638381701294718976.000000, 500520127758295424069668676191510618893, -449850923972481080390233586619108223337
298, -15692184205348867304281149957700845568.000000, 481263084608238979835218465670883607443, -570599762837904531197046476525740475772
303, 40031025467502232413589372514995273728.000000, 571290376775134664531883786844346486550, -532323536620750389654509034601983196256
308, 66295958146500295890480464918596288512.000000, 594459826283601209448547552825359976978, -524549120775279899649912450235690308622
313, 43708429396689982100870868340240809984.000000, 570552263549520599118004163318566327035, -446821830644146339880826357986995033270
318, 60153210464781812297978793744285040640.000000, 604116080118704459048220759045100913693, -438763881443415683396044243475083391800
323, 31264315293637542554869512274440093696.000000, 573036905582211430389681884268849220825, -479756765922635116315225998981108440748
334, 16897706890739428826737047452969336832.000000, 541682920014213454392379361618146201391, -512049083703588230060114463967861036940
345, -9712092832293201812945316473548570624.000000, 467364055711783595737321554003053910241, -597671009381645534285623186954648739896
355, -55745918694554376022754265018671300608.000000, 575834074037394870952329004881520589522, -619220922879430049028942780335003262878
365, -17665930359266013202295518868996620288.000000, 635406503713379413625705966944687909502, -611787808126990070236488554039239462270
375, -12442708823998914563034898935169679360.000000, 617475170209219018270147583383036427964, -665114468496417910844141280202555336663
385, -38173623486274583607163859382944399360.000000, 689819952886750213699071280820629185563, -1276507586161917687988988228641130448383
395, -123459670470236974073873155565776011264.000000, 605112529728183285042064057403767737253, -1399497536897361111803951581028477664680
405, -44870913835738981469945222397163470848.000000, 639503338090417033524355548409902992807, -1340432048414106319192461440038136034983
415, -82272634422657045913320502540317491200.000000, 791001256313270211599084955678955817469, -1426667148014098719584676919494862708343
425, 23916921076735702065572429374228004864.000000, 741019668692735600787570590417161661165, -1359951772009687806514098948072526654488
450, 139533545126372077428717187949022674944.000000, 1045349399587615175768902445562365561518, -1486144977015235031076329032906735577853
475, 36640846195273115378346424962169962496.000000, 1249790217643186073980323868033407215752, -1620339729112708800963222709854640818884
500, -226963685158474254612440715125795586048.000000, 1159461079748654027836516581885436048101, -1239008567125174272702275310418220536581
525, 29820935698205030908451567054530543616.000000, 1330188203443320499439123763261835606074, -942225635440136292736950207656703465826
550, 77067911723920401312700644082535366656.000000, 1399147624481296054672538693272213275339, -1162723911512592274491392312130736851611
575, 115075342554443759281540191244041322496.000000, 1447850102425366931773627603692521885618, -1458461623694525804073800630113198135144
600, 0.000000, 0, 0
122, 0.000000, 0, 0
123, 0.000000, 0, 0
124, 0.000000, 0, 0
125, 0.000000, 0, 0
126, 0.000000, 0, 0
127, 0.000000, 0, 0
128, 0.000000, 0, 0
129, 0.000000, 0, 0
130, 0.000000, 0, 0
131, 0.000000, 0, 0
132, 0.000000, 0, 0
133, 75557863725914323419136.000000, 75557863725914323419136, 0
134, -80120850339987118106869760.000000, 4835703278458516698824704, -319911995015521245356621824
135, 795958805993081137952456704.000000, 5091995552216818083862413312, -319911995015521245356621824
136, 795070804329031433457762304.000000, 5091995552216818083862413312, -319911995015521245356621824
137, -7248832551204905403023360.000000, 18889465931478580854784, -19342813113834066795298816
138, -5365371920558422513905278419730432.000000, 19287000644964651175929446400, -80480601307289828242222693102911488
139, -15104926796640932264128352132005888.000000, 19287000644964651175929446400, -332306998946228968225951765070086144
140, -2199514100591540978762116233166848.000000, 1298074214633706907132624082305024, -80480601307289828242222693102911488
141, -6887828149134069105069144408064000.000000, 19807040628566084398385987584, -332306998946228968225951765070086144
142, -9415177479230984548208638571839488.000000, 1298074214633706907132624082305024, -332306998946228968225951765070086144
143, -2624712580035343172507220869906432.000000, 1298074214633706907132624082305024, -319929658485600536349737954972794880
144, -5326274211909255198742126606155776.000000, 1298074292004959362468891263500288, -332306998946228968225951765070086144
145, -2586273812539621850577379038068736.000000, 293364772507217761011973042600935424, -332306998946228968225951765070086144
146, 83132237922847723163844494200143872.000000, 21267647932558653966463164764299198464, -332306998946228968225951765070086144
147, -230611355749638660796817086410129408.000000, 1394509784214048629020182754143240192, -74353691014218731640554455634618089472
148, -124604218507236630534718301929472.000000, 1329227996945487020917092502820880384, -332306998946228968225951765070086144
149, 201521725957333600046394060411240448.000000, 85071495765415795310032257162546249728, -332306998946229184975194631157317632
150, -351140205341520339020686275729424384.000000, 1394509784214048631326026313112748032, -85070591730234615865843651857942052864
151, -325784565933813263664943388866641920.000000, 5071427067049487954910809990841237504, -85070591730234615865847592507616002048
152, -16860312352901395583918589612130304.000000, 5005374171472831319769353890151006208, -11465261403079599615471642701694238720
153, 68322316010464423451884709375639552.000000, 21610643841822591398031505719444897792, -11465261403079675173874674671395274752
154, -268977782106494557121959348437778432.000000, 87209818035951569311703520062700781568, -85070591730234615872797491157578809344
155, 94733141759456094899178524479848448.000000, 86399819726000198370513520528560488448, -74353691014223680680616962548756905984
156, -183393038486930855040286367393251328.000000, 87209818035951569330153993678231699456, -85070591730234766967772918853255823360
157, -483777793246421107801029011379847168.000000, 87209818035950964991744720318133960704, -85071098795424125017653857688857346048
158, -702649179343069373483271261689741312.000000, 120980516823576354334548169307907948544, -85136793515254830506561264412893642752
159, -762866721685376465068564979302531072.000000, 87957508783850755785244071348185857984, -85070596945606488043713531203946021376
160, -154265768707462527825445807902949376.000000, 120972791034567411218413789295514222592, -85136694126873679700668478963433078784
161, -670258386141171041297067247725969408.000000, 121956668613226836891122353408497680320, -90387544278198544308537345373038968832
162, 10955671405187154942586644475150336.000000, 340282366918070733180487771406223786112, -131640282122525210076256108425301311488
163, -38027972964867317669643421577379840.000000, 340282366920432835461692244796567961728, -131640282082739234680017842554135486464
164, -239083691044374450763494938153844736.000000, 121956668613242411331217869782159458368, -83741323169654838828193731948278974464
165, -524889476262176748259515150171635712.000000, 121956668612732158524749928419184607360, -85070591730889592486395758273168933888
166, -777555330940586530334134844285517824.000000, 121956668612911152958779233212928819328, -85085414415846400612949050284475973632
167, -1361952889682265415301157435815755776.000000, 121956668612911828259674522519860543616, -85096187754845140233696125076642987264
168, -1693180952525970054938867155949584384.000000, 121956663997383546902343606801351393408, -90741174442615890526457963058855215104
169, -327418717561343864239126151105085440.000000, 340282386578078173767121106767657631744, -170359290405676575206601847085963585728
170, -1508590025105313636755890663667531776.000000, 340739604967402737083386906677033631744, -170359290311621662417325006659333066944
171, -2960312414718117274355584471406739456.000000, 125666438208230724924829252137123666944, -232622067500372691531789117129601613824
172, -571363502443440747998871767822106624.000000, 340365792959011979021953956382532108288, -170359208253407176888231339656544981184
173, -968159647286200159369776889317031936.000000, 340282363893421062569812976346406045568, -297746867200957676434717981013586837504
174, -277583137342072688648629605460082688.000000, 340313817115212216218016102696340537344, -172698130720122515796066491176918727424
175, 196421976641841499099927673252610048.000000, 424055182035418080063793894216968404992, -179452949212069593516624145149227483136
176, 1901093069195989477730459504617717760.000000, 372432829070087778077220627850366449152, -245943257290084260633596350521209531904
177, 1094831542862904236506952300759089152.000000, 401417662686841818779347444110567325824, -245906424070384691832290243072619555840
178, 1052728232381454494424288692258471936.000000, 345574451528678266057044816379619320832, -245865861034025610658193382372859916288
179, 1604626559987094482780781298426314752.000000, 340436677760709224540076756323692769472, -276441607984408682446280067540245036752
180, 1624386854239544854668749956309843968.000000, 359312600883525312300230687994337888256, -276441027648036124330292000922139512016
181, 1118546081395963074902047619423404032.000000, 342744901417878534347929889710876137472, -276454632115743147603306770038826812832
182, 637222108044570197648326616649039872.000000, 337198485864239250142230585561853794752, -277108077388836574791199441235791826128
183, 2550695943844097491310749591720165376.000000, 422621563741296783547719500355274903296, -277878479669520292647655372961495821120
184, 1400485088704268155324039472019931136.000000, 417865706989206388251651698546100465792, -309696675642355525731144185142283471552
185, 127976696399095044838753318148767744.000000, 416043031412141514703902594957243694592, -276168096931872370255862012988694138816
186, 1923302056405319951415449733262475264.000000, 420986371695801420765047482969695012864, -276407956611315641022080390156260474304
187, 1975118118680315386503623873298169856.000000, 376195350842821816329321362854853922752, -278001398563722321327226912731765245760
188, -1656870498428012470756295062788767744.000000, 416011856357541158499664019935078141760, -352795075568541035389965279551685763984
189, -1574025624743245672031178346626809856.000000, 358183329669485466301714651524617559104, -359929380606033134794147589716807011136
190, 2228517426249559171970522795493818368.000000, 436787814628590560780032708308670653712, -341729628235441354478782825558577981600
191, 2642434242059652818060316271081160704.000000, 427764647661349733895404843303261312208, -330522904889325612660713545897907224640
192, 4382183663669235889202370758743949312.000000, 436957070694641113076139588790392562128, -279903842753188242180648157478777580864
193, 3408772891086408233881627770570670080.000000, 512283386670788898332067189174334305216, -362554819156524361671041895862003572288
194, 5610246639873024180278282556740206592.000000, 346614666314958687432278404370542160064, -341340243220631823687160390676906281280
195, 8873037549587827948531803602206851072.000000, 364141360306113718268533461797249102320, -286041821316366538384727944555699759728
196, 4941536744096296091842266328800952320.000000, 345815633271711676166298853338451609920, -356109832727607367551210776255668046144
197, 2602945665384385319212772594812977152.000000, 423456947566168281006399859623735701712, -355403448348983991092639534944203054400
198, 6420955749007641347255246894519025664.000000, 415137793793074876612473392077572303728, -405833886388666530305719228219658670848
199, 4069901419790197002776924745522741248.000000, 339221935190815041782168565555159359792, -386759694166683163080236043161418252304
200, 9868693386519354512955936183538417664.000000, 447546387910415740987253777330223292544, -279804558612677557946684801527855173744
201, 7297914148534183237073361569430110208.000000, 447479473189190980714658072243179463808, -348370484220621427993928767488641797600
202, -1169775066538596584184068786026971136.000000, 472898787461723403234268222233369312000, -506482663531093661984024957834175465792
203, 7656389132450570010210949319725416448.000000, 447452888701265826718875057500092744320, -441360615244868281316063157133208499968
204, 3197377853705221017421907956334592000.000000, 361186396175395775523191944118456682672, -513959662275960965279272427872625804160
205, 724063114239996327488667809690419200.000000, 411336806243530427479756682334539077440, -501202748443390428526273165575718124752
206, 3945690943165430323331002452198555648.000000, 355592163815984020363588112165095057392, -505316978961612457056569935771933001600
207, 6938800502687835446664197859916644352.000000, 408743833652852980195829415176065493568, -501195236337954120337533583852913431760
208, 7206208173233007450122160734122016768.000000, 397253168261911929883026168850723903056, -476737608746850017466788719651488309824
209, 1157247379443613866913209135642181632.000000, 369135541817984851707015377160812243312, -498994717202586947106506530440211940144
210, 11761541491821134568763996172193890304.000000, 492409213063522161362902706977020715296, -522422528343823066994863876371930403712
211, 11609010446579333244267743390933712896.000000, 424490083202884929790509507767862247088, -530238186677205402269279871203635531648
212, 10098023098994227555124860076599279616.000000, 404357946899514295970871696883187383752, -524069127643905523992835730315828636544
213, 7854335047514537748271135587320201216.000000, 440036770379055850884449204859745764352, -505138600950463810775141835135645596592
214, 12377836575516930821244383831594631168.000000, 393880045176094619389990776533293668144, -523894536533273264596783383129937736592
215, 14714376971180112722403678913826914304.000000, 380166568740941663710378945624161792912, -431153600943608037528415745642944114432
216, 12666853735420729508121082633058779136.000000, 450953782677614550099382845536788396736, -431533998209316835560534644206236381196
217, 14773342830251338392265057271831068672.000000, 406178669332951371434100523682458124012, -476561761449776345981882836628537991180
218, 17665593285777396847331520144413294592.000000, 387512428683846505851724641746499035196, -513081861709785748489164654598562528080
219, 14932994437906997319119484744957427712.000000, 467505503556899131164552319966482859904, -553425525155014803300423138362887076304
220, 19289305727151280472202097550736490496.000000, 478652907462152726327649512425845526768, -517503284158028125851625009351375286848
221, 19867668980982964103802256050521899008.000000, 417548126065683374830714422911733298428, -554413843171701024853204274534370616208
222, 13145794891823904344167806280790966272.000000, 398687630578834660046952311236461235756, -515515272097839453108393117387860177408
223, 12553870818679137393920021839430549504.000000, 482382141422384443972293137499300873212, -474435939264610404952331814647037689584
228, 13409875139949261271234865215416827904.000000, 526277431677463243820286213205001858552, -484750238096406748259324656386673222768
233, 21155235525510311032555981748435943424.000000, 532099751196597622376094170172972630132, -452261793317043334615489303573313941744
238, 4287082361706171627588762198574366720.000000, 549218545509352442540874841744136995496, -521610801781276351989186006713757497904
243, 13005074199884818909364806088864563200.000000, 557526573665790579065404540835984228612, -516566299321512774482812293606537161008
248, -8668677085041758686158973271814438912.000000, 394849403487102873714300376341998053560, -551650520918824923770757798043160412544
253, -55688954699371891064810347182222737408.000000, 455218380072117191203267984401555350476, -554726326030363771773599965168692820268
258, -59557218048908601965156528757340635136.000000, 540745799738042534143890935959091328692, -537553416333110594600086144062688851128
263, -50642693626031396674310286458545504256.000000, 593039831240113754167810944714105861828, -503313532137908730539827388144456163492
268, -41328624831657468799831717471754125312.000000, 581421854892383469026511971730617877348, -588971414426656419695264736890569026206
273, -47806643620411221521954528654616690688.000000, 527577210030964032811746465552493195240, -582686770578754766002755797884594774620
278, -23782641069664817078294859869212114944.000000, 571040741567833513384219302724169087048, -648437611688804781861009819770854336282
283, 289049738635803277327895048306556928.000000, 496536052284063266198474925688400617544, -489190530376456628483254258500297635458
288, -25328396400070936328531128420615061504.000000, 452507477411109859367406756287258814952, -608602272449688979432806397901460173163
293, -22609544414810288588613125550098087936.000000, 478038642699605977353135242727416588264, -556927040538287308365556267800058124488
298, -8739360773270181416115559605167194112.000000, 539736770772755627256915254405166433171, -641629709985054825302203946930024243788
303, 22740239685312313285412444965131255808.000000, 588420083658038016263524722167663566876, -515840730830088166105200385744311317544
308, 66653153295588612466285728238556676096.000000, 597611535080645567957505817409873054290, -524558939088598958443287746624796550094
313, 50480830757124921637803221329058463744.000000, 496455916320554875445391227275170569117, -497596216689565718248601645720587803844
318, 60330068406060728058460831111532511232.000000, 592086293211655816169745125755762252628, -442587314598526636680518365240002629532
323, 42202364716197085947810328989073932288.000000, 594795926560420364853995591621749293437, -476723761334715678988800403498692223929
334, 7815678327022113286685809451624038400.000000, 483647805392872113003048779311738201044, -479575637679130007932279723968343322840
345, -6781040126471680441731803345210834944.000000, 422652108111755741061329219503507972835, -477638443665234348560128615990967164170
355, -48832163576416958719643970901060354048.000000, 499182425999506817389517270225244617506, -542073859575793603830359529218197814155
365, -23037586412006027864830018153518989312.000000, 562547402844516452729486424000683444476, -607383307330072612503940054947994265391
375, -5671191449158092892409916767059574784.000000, 643545166416877715843464657942736646092, -641263624007625554258134710928450921659
385, -42303208168862833878621667276535889920.000000, 779647303777110712227427724153795333855, -1313291629885683649990829261777723421153
395, -94448959010779803467206337910880075776.000000, 764029018495051424862410421752664138408, -1377334181556703243410226543026130763763
405, -30524239935136458670352014235351908352.000000, 593362870177403092479782330036310112004, -1359224264202203088736676707990116657091
415, -53071612659775916491848465818968915968.000000, 638860655295373106982648154671731775004, -1348025449249583578014675685780402859316
425, 35643301376745153189866770725121032192.000000, 726359357400764322341499760310027249824, -1391936439275778435300894526994851648514
450, 146061468816109046765622749671007977472.000000, 1075265668327649025018071642460859101137, -1511366060796275275803535582637607582935
475, 209718768865745268310619589219591389184.000000, 1249278120239083995209989602551082274209, -1399167434965111034246079225014023672641
500, -241251967247573153642679158270251237376.000000, 1099567416650634074558220026345694861407, -1135543250310712098630270650716863803739
525, 6833663994550092664939660570148208640.000000, 1300007886165988841464226784365452630578, -935050540454728321567998354369845904374
550, 79124983816459401297289612643350347776.000000, 1556011779902468999831397269841728783645, -871125005887394060165892383528698205687
575, 129300285973535616714681145413081235456.000000, 1490802277204003401517596010555699486333, -1070473035660898677873141246080102495332
600, 41017727923089667284330674256871424.000000, 380367601903388017989636332102162006772, -368091836728584535114534506410534667865
122, 0.000000, 0, 0
123, 0.000000, 0, 0
124, 0.000000, 0, 0
125, 0.000000, 0, 0
126, 0.000000, 0, 0
127, 0.000000, 0, 0
128, 0.000000, 0, 0
129, 0.000000, 0, 0
130, 0.000000, 0, 0
131, 0.000000, 0, 0
132, 0.000000, 0, 0
133, 2132148467015644813983744.000000, 4835703278458516698824704, -571406344427227070857216
134, -2380072707366301187702784.000000, 75557863725914323419136, -4835703278458516698824704
135, -63248543251666304487129088.000000, 4835703278458516698824704, -319911995015521245356621824
136, -63248543251666304487129088.000000, 4835703278458516698824704, -319911995015521245356621824
137, 794768572874127776164085760.000000, 5091995552216818083862413312, -319911995015521245356621824
138, -6706714772018558998571814949486592.000000, 19287000644964651175929446400, -80480601307289828242222693102911488
139, -87802270181554056161159806976.000000, 16464530742525018037551104, -1403575493555235078808470028288
140, -13292335063708583760572603772698624.000000, 19287000644964651175929446400, -332306998946228968225951765070086144
141, -7913259569833748812480525413384192.000000, 1298074214633706907132624082305024, -332306998946228968225951765070086144
142, -60790598904594415525761193607168.000000, 332306998946228968225951765070086144, -332306998946228968225951765070086144
143, -54827620474014070225952625917952.000000, 1298074214633706907132624082305024, -5192296858534827645981944885280768
144, -3802817164308305803697162626793472.000000, 1298074214633706907132624082305024, -319929658485600536349737954972794880
145, -4271945691495213173157192267726848.000000, 293364772507217761011973042600935424, -332306998946228968225951765070086144
146, 1566308248014144439536031289573376.000000, 1394509784214048629020182754143240192, -332306998946228968225951765070086144
147, 67441588739209968701857997944520704.000000, 21267647932558653966463164764299198464, -332306998946228968225951765070086144
148, -195777956907928767588080942760067072.000000, 1394509784214048624408496735715852288, -74353691014218769420926344572631515136
149, -30388819947572184139841010428542976.000000, 1329227996945487020917092502820880384, -11465261403079637394187332876742164480
150, -345848668774694889482577740952502272.000000, 1394509784214048629020183303899054080, -85070591730234615865844214807895474176
151, -25399371797445497435635431157792768.000000, 1329227996922459581354999395347595264, -11464591132824766718107464277036105728
152, -25839083548086265378478777295699968.000000, 1329227996916241405288682988498845696, -11465261403079599615471642701694238720
153, -26164308680576054152048533852651520.000000, 1329227996922891604101205672509571072, -11465261403079675173442329107167707136
154, -209810747973846331269180866766569472.000000, 49409896905819837564771460849348771840, -74353691014223680606829704778941988864
155, 121722498137348840725116369978261504.000000, 87209818035950964848793712745953361920, -85070591730234596976372656028803661824
156, -264435277713476431001020931109814272.000000, 87209818035950964848793712745953361920, -85071098795424104947596232925099851776
157, -617381961136584552416826642705416192.000000, 87209818035950964991744720318133960704, -85070595533186416476744880051067027456
158, -379618028348192761236956368097771520.000000, 120980516813053846292896544664814878720, -85136793515257852821136055946199433216
159, -251202139633640585785238770499452928.000000, 87957508783541195199112256291430203328, -85070596945606488117507293724816179712
160, -1141493793672088992808448575963922432.000000, 120972791034478689912637692427890065408, -85136793515257172799328102110702075904
161, -505079007345758667609043807114362880.000000, 116972470229320450675635119412870119424, -78922912250459872136554566849101037568
162, 393315367201280579301872868006035456.000000, 340282366913196509581693410818664677504, -85136793515186221626772632943439904768
163, -743139912684212292192220047088812032.000000, 121956668613525722549392037855880806464, -85070591116061000658448526736814509952
164, -29070210025315476065271551249874944.000000, 121956668613445828664245111904837828672, -85070591116486958066294276780775833472
165, -388223825225733131500839825741709312.000000, 121956668613034746609404685660550856832, -85085658203423961538920122273807989760
166, -489896800098573102052483269312643072.000000, 121956668612961960049550162013788307584, -85070591730772619731828240524318343680
167, -939579649530656275100782457645957120.000000, 340282366919081294870874090330405388288, -172777692883584005988074158272702119936
168, -1403857286029490616920672781977255936.000000, 121956662690095851607384740310621945984, -114313891629957418463040816103926036480
169, -2015687843718732463763809744394911744.000000, 121956662434939249508609786302283186304, -121504186982246188213967008497529544704
170, -2576765383923388211685189824198737920.000000, 340281680810118140313975618386389598208, -232620051618734199177656549640078344192
171, -3302986455387491467267428794798964736.000000, 134169204315627969164164616132984922112, -232620031105134546549287839166978080768
172, -2809591826182953478382332056998772736.000000, 340282363858235226146375643625640292480, -232606490607620595529766256666271563776
173, -2005565698559725520136662080370507776.000000, 340282363857761416564797909578455580800, -172697664449964965669632668445846797056
174, 2169144232052210108777536070707314688.000000, 393700476496753727583794257222909502976, -170141485254309308279026340986571721984
175, 1076425143713253601423430619815215104.000000, 400885971370612589535230335103468814464, -175452964933199797652965867760751378432
176, -302731812978368874254466043942535168.000000, 340277251844411290243498356216780935104, -175473386403699712028804020927643024384
177, 1221064930149411619331694183831306240.000000, 372425506016773169231117087358271419904, -245937028302460797631323923765580893696
178, 317444530838658302121918092627935232.000000, 341081936796272709588634644605328015360, -276100418210850445771439855458123202752
179, 718523746913011510674306309052956672.000000, 340874699029550659632429075427164952576, -276454581115152750771307916679994491264
180, 20582407997360989104097444017209344.000000, 422651412265328177675955874754851147520, -285575943379763369436697917329147261440
181, 3463749944029770089669660018785386496.000000, 342344136446527436774139342367905024000, -274595135693015894539401008379601308048
182, 2079204389442826323463359686189776896.000000, 422643503518325987789532113323437421824, -277995275873321158460607401702576548672
183, -230618383077828876044794310466469888.000000, 417865715135238780559527867796163262400, -352518522150382518149736991821878947008
184, 2919029474222576863890008222812078080.000000, 422622739837195734972200070400818397184, -277878365744700287191372915622929582912
185, 2588306569794771231830753022578786304.000000, 420977832972107686490255557763886689280, -278395275382924242731933750622157925184
186, 4825324460445469960679164306765381632.000000, 420986739492177909309781590429927169024, -278282832323917750124804522909137143616
187, 1543550949685691470659756349185851392.000000, 448463715106696648147163377789819213184, -279193313137475699182079912593697415232
188, -264004838497380689908911381680226304.000000, 342069683861542577486190775491246822464, -350525213355515600660854084625391380832
189, -79938295898693046423988114787663872.000000, 342928061150623456158408382848481944064, -340593924142389177055056175486654900640
190, 1869035130859675087103522207998935040.000000, 436030127753950812123755289806118626512, -341448392105491144746190004215684802720
191, 1108534049717892544134955890087297024.000000, 379546021644416948272638639397759158624, -341222835352012349915876898952747493792
192, 5809276554170188615500059019621433344.000000, 429699384771171975206723535013400332496, -279720974776006724575869407877863317328
193, 7014068738743057348262888015229091840.000000, 352844376765593218485878881770243954176, -273966102028218396590968453330333594560
194, 2496356374358711902106461209008013312.000000, 346638280475081100194232824705326229952, -345829907434009689584209461857095129456
195, 3167697751742531554284288487341424640.000000, 346090826436723438438438036087246682432, -354788665763103571665106520452629006720
196, 4889696318534973785683720166906527744.000000, 345973397015386662616648411541272605888, -355401815611213020948701212774487313776
197, 3041619608890128098101456675809525760.000000, 374708087143997843017065152194979043872, -408527388802221008768270309901486958960
198, 5699147459547509039972089371809546240.000000, 424850176185159817210163905596425069584, -361024649504328638409805657271173615392
199, 4138229233551603988274830072419975168.000000, 363074138540325172389965917648120191296, -396850138663374638807176623863996329056
200, 5565992572541818968407672592382558208.000000, 427311033019049775347907370348622831440, -330395934860852458101231934809127419456
201, 9666936344707259432954564641577500672.000000, 366815224640153912975722259530604711024, -372701993275150432464477349204053883584
202, 515044497650813424748782899964149760.000000, 403410374210462054837277600629997305312, -510344144660120679618774192043102148928
203, 2399649023694444248848721315499081728.000000, 459537102077065250559914215777276236960, -506488596489708957969301506666439899328
204, 3270602348424140712720220987813003264.000000, 515241363292842062245596992587283819328, -501163806247465694572856373282367466704
205, -2280386157758343698613348073874653184.000000, 392565344397633623955890623259392931456, -501196906969448469149444664847984369872
206, 4647776145644835761328251147030364160.000000, 411158501726984006542255893062815987264, -501196997066385942299879308400122236112
207, 5719314132194382607580812137302327296.000000, 409746141662767316515900878158662776960, -404313478280543740041069959889499184160
208, 5149365736918500346262000836330651648.000000, 364952482378840370043579651670923057888, -330363720693664503312590964603785277312
209, 1627435333527669606542642669477167104.000000, 368182051498104941349919307130071940688, -500442199403264503856486784615730077504
210, 9889750817109587608411898485581807616.000000, 460231742188948013639492996012403098496, -524053367235356111396727751515712868224
211, 7707416950466538648295841334900555776.000000, 408751137391151246360617572334737804096, -500774361900572008941776968066678866816
212, 12364314022984915546157286998054797312.000000, 468033826813356573868990295447500779840, -529970788975047567042545223086541531008
213, 9529158547059375189153058405132271616.000000, 459622017050203620029729111279452323776, -505100945260674162764775192828351438576
214, 15853539910937499135102014716307832832.000000, 421229442133895892371112542623662176832, -511647792551921980812346217903694995376
215, 10472383587441749539005862914453143552.000000, 595169907809935711452762996895333136448, -511616229003847045838488738116251604848
216, 18362568485347532305624505305159172096.000000, 401404364950722766086747615406650264528, -532516439396177248898895414584894075792
217, 14855907156779260173056190768228597760.000000, 390145665813576007761043535656905642624, -553359940082859246899527911053122907088
218, 16215674456784782525605929617520066560.000000, 594470304582978888193754295230960814720, -510424487818918201137832974382525172176
219, 15677547069651365597267696242848169984.000000, 466452182119634366082621531396423604464, -482265950733915113312148047107620270108
220, 22280596900798075630796488840289714176.000000, 451983437806937856014010351467951667196, -513480369722694597936365854443551025608
221, 19973388869845864966164932173200621568.000000, 369052667628726117340107847263919211280, -552958055991557451505554457699210385784
222, 20124828898200054534001203386614022144.000000, 396365230141914524439123894864396479148, -523407226167501210428458700470877533824
223, 14670460039130696338498847247106572288.000000, 395880186070172991977473024251227921132, -547524613646506495941745442150984077480
228, 7638195537930141795103298341186830336.000000, 515803939812011487693972787777298475712, -528921826785595797003323532578890245896
233, 21277321903402439699313035683878141952.000000, 532248247340326106147237848467975553140, -491394394850642464998722658600240141112
238, 19904177573160528895305387707350384640.000000, 463835185440196188430324708989084597608, -525206676432461190835738099228508907184
243, 11951964454375675408904404294210420736.000000, 518064224035944482566401207257797675200, -618458657487858878813575636023824975032
248, -9438662787540566415271773294584397824.000000, 602467331089991233711048745144155371984, -615697623954264115360908799068465373584
253, -49420941575663698238922180996882235392.000000, 495749087435129478952552582843260708772, -606906193556126794937798512711315787464
258, -50883817495484293077690286875877572608.000000, 551486003165145752568648665006269724340, -573841334963281029700035490300108895656
263, -50607812243751382892675154007031808000.000000, 594101316980086378155664808945508071108, -612596636437661901305272913225410187422
268, -47676997411145891816869392265194242048.000000, 440982728924227050524480233726887959210, -600620406823354966477970870099525779014
273, -47187083908176361128613060810278699008.000000, 548913347148136883643911792841763560096, -582535307623007481777951181811627254556
278, -39070603637666462869404044539239333888.000000, 611103831865574940724988419896214220196, -535286845945988612945038863762859600838
283, 220656581113039027813988171222351872.000000, 554236927311306735224674627530703872787, -579132560808050996261151916812656045528
288, -23199961526719533753134145349223448576.000000, 575342455210549733200032421099084468408, -615372532289546344230093284249983919096
293, -22346460632767017366221088568803065856.000000, 499554644591207751963445261758111426852, -561026355079765331855275486717727094522
298, -12951062806192411706849614913907720192.000000, 504652209198510622229529978362741311472, -568175006428560832243409590349159581180
303, 29146463712772929947433657497999638528.000000, 596300964014388869741793618506284689916, -617329889195479169002849786443677987404
308, 69346282218353134401447567878378225664.000000, 602858372131578736711963252974373325330, -524587341466794217997189570832346047502
313, 45618466208994754220907326127697035264.000000, 532568303585560663373897405607643929063, -445193084690646161409147883278549313078
318, 36592502314418357865936749379622797312.000000, 549804238147789021976228245492529449981, -484234604262306151752014075545946038617
323, 26629979447904936331851227343236366336.000000, 465369357888660754866638011169366593250, -479780259039225948925864361558480363692
334, 19004047292866803125373038941882548224.000000, 479973180404438831635910425939661000319, -534848189424712338900920982837777837702
345, -11540685545436652008666873019697725440.000000, 477131417983624333003320718010800671483, -467815541268788391561221061122175983034
355, -35189154088346089073446800169369600000.000000, 493235835303813051975675993042262880224, -615432324238191756792978102703106315542
365, -43523459298446431674609628466208833536.000000, 528868978768825431490838832923590768523, -621801931103012623975562095628977549870
375, -42959958006065589456577094379412389888.000000, 469131309995507437188767976247156721774, -621467461776580652301811816193463953042
385, -68512221826048566631861752306524487680.000000, 451650600881073347513705851410539992212, -1249488149869609142147095590503274335569
395, -108524291367424596658711199509035089920.000000, 783082243277018247178367793763733108454, -1371362153443985694641272637107463668915
405, -38390532907490426655873153009115463680.000000, 853406842694071594639134670375312512447, -1394071712323718641100388058822806478363
415, -49046063902880407460149126374050758656.000000, 670315536714361533462742321151507832513, -1299946310777843651808387073265168087461
425, 25204778423449821605079514487141171200.000000, 595962064479568565746155022902758772659, -1342726571978908891463784698631940519465
450, 108803342011729960764619953552475815936.000000, 674407520054081546053151130014914213688, -1490329402416087271451218994750842040311
475, 134670827497794466434963004727157063680.000000, 1278893484959560117660327410745261184634, -1621383628513011436992388447881242689296
500, -245700890690725535836753765387535908864.000000, 1399899322244056829912598175319460685186, -1256494610936447014112517380473921279430
525, -340656121946083734430475569787675082752.000000, 1306560363994237068919674433796303346966, -1322862830561427372677151736735574729357
550, 104460247268136109114716854383485648896.000000, 1439944532090065079690010860937817898711, -853683590678478016470293143266747678039
575, 39636706739950053013084316013655228416.000000, 1408046312240747209449089806526315923311, -1328274140430589899039767981796737388584
600, 41017727923089667284330674256871424.000000, 380367601903388017989636332102162006772, -368091836728584535114534506410534667865
122, 0.000000, 0, 0
123, 0.000000, 0, 0
124, 0.000000, 0, 0
125, 0.000000, 0, 0
126, 0.000000, 0, 0
127, 0.000000, 0, 0
128, 0.000000, 0, 0
129, 0.000000, 0, 0
130, 0.000000, 0, 0
131, 0.000000, 0, 0
132, 75557863725914323419136.000000, 75557863725914323419136, 0
133, -2380072707366301187702784.000000, 75557863725914323419136, -4835703278458516698824704
134, -2380072707366301187702784.000000, 75557863725914323419136, -4835703278458516698824704
135, -6006850166210188711821312.000000, 75557863725914323419136, -19342813113834066795298816
136, 795958805993081137952456704.000000, 5091995552216818083862413312, -319911995015521245356621824
137, -253379518111667374126006272.000000, 56668397794435742564352, -1237940039285380274899124224
138, -5748614039594457567992582856769536.000000, 5091995552216818083862413312, -80480601307289828242222693102911488
139, -20769274033741841060896234111238144.000000, 19287000644964651175929446400, -332306998946228968225951765070086144
140, -2262357349327450757580823994564608.000000, 1298074214633706907132624082305024, -80480601307289828242222693102911488
141, -7552462605451716128251504966500352.000000, 19749012189224582198000091136, -332306998946228968225951765070086144
142, -4886525582911713432359283445465088.000000, 333312879697510068256039399063552, -332306998946228968225951765070086144
143, -5931810009884402987998561142046720.000000, 1298074214633706907132624082305024, -332306998946228968225951765070086144
144, -590448665016990852173343330664448.000000, 332306998946228968225951765070086144, -319929658485600536349737954972794880
145, -2653575815694849184922318489518080.000000, 293364772507217761011973042600935424, -332306998946228968225951765070086144
146, 1583880542398255289353467294908416.000000, 1394509784214048629020182754143240192, -332306998946228968225951765070086144
147, -236564017722876504686550110714200064.000000, 1394509784214048629020182754143240192, -74353691014218731640554455634618089472
148, -196698319967048076983728336713809920.000000, 1394509784214048629020182754143240192, -74353691014218731640554455634618089472
149, -30090068193847095956842086190284800.000000, 1329227996945487020917092502820880384, -11465261403079637394187332876742164480
150, -334097669319490516713179604397850624.000000, 5071427067049487954910739622097059840, -85070591730234615865843651857942052864
151, -12695445912410249919535331281993728.000000, 5005374171472831319769353890151006208, -11464591132824766718179521871074033664
152, -26250092363930787037942241378172928.000000, 1329227998221159953588140982073819136, -11465261403079637394403505658855948288
153, -158549031915402750177743434302881792.000000, 87209818035950964848793712748100845568, -85070591730234615875048728021310636032
154, -722564949344820158905491738155024384.000000, 87209818035951569311703520062700781568, -85070591730234615868113184595160072192
155, -27207854969025191892630299907981312.000000, 85070591730234615863395702193518542848, -74353691014223973467338618991783444480
156, -702579247590808275979954946207383552.000000, 120974738139372785328121551944915353600, -85070591730234766967792059151135277056
157, -403582969943385760531929335389487104.000000, 120974738144231753321970257095789379584, -85070591730295307701429926005982953472
158, -758677781321735420011094387091046400.000000, 87957508783473514261124260810119184320, -85071098795428960831320609621987819520
159, -660803054865930804330578748718972928.000000, 87957508783850774674707469551978414016, -85070753994465588370923982001880170496
160, -28573052833657135632569316547756032.000000, 120974738140301835414927982885290901504, -90387422662967951071808569735555055616
161, -145701205390050167454285511381745664.000000, 120980516783016573183020226728179662848, -90382311420434461055044798886170394624
162, -45635672657970407179411819415470080.000000, 121956668613525743800022070470332907584, -90387463148618181518756816839451344896
163, -303332298598602313123484422937509888.000000, 121956448676146280720135974520045961280, -83741323169693588432399235794281168896
164, -280419916815253167563469439826395136.000000, 340282366945561554561837730401628487808, -131759796181319760742675456348240511040
165, -136798195142051578268113974214000640.000000, 121956668613445728903696122304677019776, -85071126421889166503525060645719376384
166, -1061157388817302187206307475911344128.000000, 340282448050611679196989486117941067776, -172777692895499077607386817335874617344
167, -602639448758501210159852470268854272.000000, 340282448049336101112956831266526904320, -172373789991092595306592439843902914560
168, -898527353585864192270849453240352768.000000, 340282447837672055991465697847813521408, -175364593617233380652234328800341458944
169, -379928922294445010223032424772665344.000000, 340282723408605106866635340508702769152, -170676020509455548719435020340750913984
170, -2621272404964673161204727549295329280.000000, 125666436926908713432094462280214495232, -172170076351913771130018052122754415872
171, -232090866789590581156869976082087936.000000, 340365211057540461108910417023854379008, -170359270177997194208207929083498270912
172, 669180504113258295613957311136006144.000000, 340739017159305083211643418205247438848, -170359310684634725391529031723245572544
173, -1469904350877344414766771553802649600.000000, 400880625066947528854093363709590880384, -297734598321060171416066384151942692864
174, 460240180665944793530899375031582720.000000, 340282363893035254904291020921503336320, -297728270321347551637562339871111823360
175, 1355156106079697857058003223048093696.000000, 404148035408945455845272233469892510720, -245943257289920998189022139040583162880
176, 1867949289004795184718651381258387456.000000, 393700454034703440985925566346003662336, -170151203587447424842673751935910629696
177, 2984464120550467515883739516684468224.000000, 341569954115535938663426874819706738688, -245937416050655464009950482640807267840
178, 1112033496953770801396375563328815104.000000, 340279192916935615358095931891688881792, -276452680416295867665600280511490376000
179, 221846628304175651742486494133092352.000000, 341949691403435878076959226323233132544, -245937091045919337780897650582259740672
180, 1813067454794465428854241443935420416.000000, 422653885872768896680659063254017081600, -276454003794859148276324196212446937248
181, 1366619355538177471282364521486745600.000000, 422650945130634150099369106992944746240, -277949568422961586236490364748483439424
182, 552980344010163513179255114882351104.000000, 341064064825538296605424556800321644544, -278501549502232747832074718363885693760
183, 2885345533803694713216923370493313024.000000, 422621760894169022828459584578936082176, -277869207597677383387374036595905047360
184, -2742557034712678438656238894310227968.000000, 416012483122795545295126693880870830464, -280474731543988177897096956432696840832
185, 4417576008314494079798217692072116224.000000, 420977865931145766282926660815480130560, -278836622043251414518842132717477136192
186, 3630665046687211268045203007258755072.000000, 344264852540037251664823468270725304320, -279070760720003376270282616939140974400
187, 1715910693908881479114425634259992576.000000, 416043015459459770594882745821012987008, -273949303742390851042981872402228458320
188, -105496695069535598357580381987799040.000000, 416043015603484226390739991662126892288, -352802671761510212829209490517457405104
189, 759561178158251540658455778405908480.000000, 344226384653202021716257176127736603088, -329236790711099061164691937166519789728
190, 2075258401689260777710971339594006528.000000, 379562365750683684631654497322695645536, -289979962275126980337462017215116421376
191, -183169570968323277920565029716885504.000000, 338884828931574791253493161432708150528, -341552466770726261631597575532620318944
192, 2108267284688843885852973080772608000.000000, 352844222401655877257880283367265896832, -343515363781031894892175143361526630800
193, 8371121863490743143114191420155494400.000000, 363710766157138896984494957044217415168, -179691771684992965610893037004377055392
194, 4897977653181240566368363489399930880.000000, 345616674763044489617270469430600595776, -356722337889487910080250439588663105856
195, 5480482240368595140392273925623513088.000000, 423594084095172786327074781420977516640, -356109901981344809522402502230148389184
196, 4153430733268605850621064660939440128.000000, 346646118605932987715758299092621003072, -356109637946575634262462292733713460544
197, 8428845831103111325840625442471542784.000000, 423659018367588442032957014417487286176, -279222905228572004443172555069287532400
198, 3594765781251083782171517069150912512.000000, 413887582536874572306957152112651544000, -397682668377209597283557563335246654144
199, 6783125162637714930819991923375210496.000000, 347805030708164076716047924771739788736, -405833241893675637626351861158822417040
200, 8270332906102169055025333524687224832.000000, 447619086543361866386562905663699526784, -340921138596270547871480056385773298880
201, 5630383636247364923595540519463157760.000000, 424296816953710278032532245332748006560, -348277422731801026924462225825195398560
202, 7339425068415057432866899837241524224.000000, 479886605527956919646067668450126447744, -425241162426816476452175046257112059776
203, 3564816311076668194084918704369303552.000000, 425255477756020317141134586167757462096, -428892665259483869727405801401992286464
204, 2960814353881243306453867632992976896.000000, 367281589872297546263470380079825076592, -429229196905027785230087305541269616000
205, 410819987538735934639925437648601088.000000, 392656484567187556071939914577348801984, -501196714425007677951136792724895825104
206, 1506569068677159998364917633646592000.000000, 514317425948102046979964263784903600960, -498343221487657277638700374855543181520
207, 10183549393645058456359020032906231808.000000, 375805707332897959716291778787773687024, -505283541011912585498126217957798986624
208, 5977025736330102078816970835633373184.000000, 360574911513871068712748915949121902608, -524552169888331139471427618736980706176
209, 1775497249692112268436261656374280192.000000, 372697020057230712769260544235533710784, -501042398852094696967232426625289858848
210, 11486577287626772209867793533436428288.000000, 425766599194550455508051326556817313536, -502974122132234522110420306847199291200
211, 9714373443850155853964199594368696320.000000, 393350717882847878382645437002961260848, -524393455800521859121896612561590062976
212, 17952623966684620165201210553074188288.000000, 466050856944825694004034343280438075664, -528711092096640612861390061369323081600
213, 12188445052566679310547144024889753600.000000, 467069965312279043899471209627875661648, -524557683732114201327012874404771064192
214, 17088918663443449490253826254413234176.000000, 404565330305908983399020933481444970880, -537374968647762401238245335837728158608
215, 12510243956528702442583167375186591744.000000, 428397273393233040225568162227625506368, -511665264897579564394567249325245427472
216, 10474575770385094394674396443160084480.000000, 462646396678493255619248069248690994496, -474673556605882250923543323393090584572
217, 16768321356839452661041688585489612800.000000, 389776983911028669963715243335973751040, -510938421982314073678571111397405543360
218, 20060131532106443256958909941238726656.000000, 511775198806661666397524630481287037568, -552851250950447106760250748301058755024
219, 15967227668842159677919043370052747264.000000, 572449684519840439095063479821640280576, -510297661985901998089865205055181163408
220, 19058203089863696284549260251485962240.000000, 384267666590160424386528243961475074048, -562935028097141496726089345202650114384
221, 18791590015882634004941654727273218048.000000, 561621236005804306748055885437987561536, -522991680023475508644064550494069717488
222, 18591460485688712288914117935469953024.000000, 489092068255635155520682628555500664656, -553456602083648846836092091164504430968
223, 11653085431533543905428380647939899392.000000, 473716062490460162762747870694967923376, -493794188845894947879958741651817321576
228, 11562373975067199337295274485911388160.000000, 465672602898010515872724356118533467736, -479729354401870344542942693306084620528
233, 18447505774185644548085983031653826560.000000, 577079066480540259903792193138555893884, -471355718866661968010457373863023301432
238, 15174910014304342329237782407933853696.000000, 404036946623004966058604360872879288560, -486357811872070742116011554580942524408
243, 6421831767228700259936898095756869632.000000, 596532305175359033350137078548962647952, -566278421913889690688040010892324706072
248, -13890841513781959526423141001598074880.000000, 549307739000140886862207755805491915216, -588250432778897683986829047372345840424
253, -45154401721758892020677760531732365312.000000, 413946244810293917498630902714573107880, -530413362285093429694429696956204021612
258, -44492297322759703354128903804532293632.000000, 533877217136950740647152434924656047176, -606378508345889532131060020812949617068
263, -53357101338209776907285295346273484800.000000, 592833753566154788144601330740101035700, -543062199352533014352819610206780372040
268, -61587987805708277624379909187051716608.000000, 506583659882478173572004708045559110476, -627968289580934001503168186143862708864
273, -67925842465692710804876028458032955392.000000, 556721024431315968651505992635722698744, -648435120111680697694314211837330682722
278, -22245940951615911196793379123510640640.000000, 518073353323852233117149063395041820068, -535654780432437740263400556931717114822
283, -17064981989368988847500697628030533632.000000, 471382396852006355582463712622780336248, -650542905791954616105282337582310160410
288, -18820936385039088090750774457552338944.000000, 460735778825203677451027008721089149456, -466104309532734775981841611233837360536
293, -8735449745061426952872221366988832768.000000, 499657808992765422170119362900518250788, -519301124946443986977349370309872494992
298, -27270569142288040208346250621835280384.000000, 545056308715858766153343799432032715667, -548791309249042806710703446759730743422
303, 25873119017976415338863476692639285248.000000, 578541154434540071343313149246382824255, -532041995953292287220210906212299259032
308, 64027242869179711410632726417321754624.000000, 603972744883818720496834156155130226893, -474757949477632869501187045825372579631
313, 54916076740744101261655830545240686592.000000, 602982994936521414517656136847854123794, -428313213691490491889198678387952934450
318, 50066155169790749313645015711367561216.000000, 575568772145325865825101374697205746685, -574022468498109345184879863633733690680
323, 31752791427154918418667816385131839488.000000, 586580720130776869130532148884289803106, -414952424355260238072282355199815901244
334, 13296263208350531561760841684148551680.000000, 574612720777969941429826196634661868973, -515014198924511323425319307606008722556
345, -5206887041382946181768608599039279104.000000, 445933579188291131103477058253969871643, -457450718022563195526733574640683845878
355, -37012028247798569595638755505219829760.000000, 467495126125324482259404909781266823692, -630478078612284877132963640775835181462
365, -42611851855766691475283786069245427712.000000, 466029699536100418730438769237806895709, -603449089343203198441832001436400200570
375, -34253706883267777688036108699728609280.000000, 484207986539946997604212221377505399136, -676991546142835930009290038468489216104
385, -71844899637630602888249797117304897536.000000, 448971261158468789882467503545621361300, -1305446929088187736817487499277451435612
395, -68211975676587635093400442755170172928.000000, 737679542685660775489804194658542592645, -1384385730000066620191577373638250585083
405, -24864853090865117703749691123244728320.000000, 772226183821099030567649178622120201755, -1561803103309855835154464316802975316051
415, -51760903023150754501560379032303828992.000000, 767912004944231513770381276909478601231, -1529702746192344143077683146000537590321
425, 12915210095188750306845949733141217280.000000, 641670228547352510141741791381432284938, -1571959522685603777771427892892092280712
450, 142495156794222968178869812609081671680.000000, 712471438976233060351679073514252641382, -1445713944877237800602744592468619506413
475, 146242209962072510056145608301367787520.000000, 1265286432792447323914656725182932871936, -1590275481455234951329336341219772455832
500, -246283158214798345216150682684576759808.000000, 1020716419521521069091312774263869485188, -1172559249381035035820883583448845971039
525, 136514595649389251016448796730836647936.000000, 1236770456702753685689680463290575704451, -910816495066147221709813463983830120929
550, -45234655949908767426374134432010338304.000000, 1354661831213003478555858789046779322294, -1408562900931243202435161743586960544838
575, 104193951427010740378252185800728903680.000000, 1431016436036193621247917377149128361639, -1410399034111915127727174017213583457988
600, 0.000000, 0, 0
122, 0.000000, 0, 0
123, 0.000000, 0, 0
124, 0.000000, 0, 0
125, 0.000000, 0, 0
126, 0.000000, 0, 0
127, 0.000000, 0, 0
128, 0.000000, 0, 0
129, 0.000000, 0, 0
130, 0.000000, 0, 0
131, 0.000000, 0, 0
132, 0.000000, 0, 0
133, -160241700679974236213739520.000000, 0, -319911995015521245356621824
134, -80120850339987118106869760.000000, 4835703278458516698824704, -319911995015521245356621824
135, -63248543251666304487129088.000000, 4835703278458516698824704, -319911995015521245356621824
136, 795958805993081137952456704.000000, 5091995552216818083862413312, -319911995015521245356621824
137, 596466024890432612212932608.000000, 5091995552216818083862413312, -319911995015521245356621824
138, -6190813636964952768181422004371456.000000, 19287000644964651175929446400, -80480601307289828242222693102911488
139, -19547552676917637185255734459236352.000000, 8278724012720980588387893248, -332306998946228968225951765070086144
140, -11756842693887259840491824105914368.000000, 1298074214633706907132624082305024, -332306998946228968225951765070086144
141, -6617717143535629472808616478113792.000000, 19807040628566084398385987584, -332306998946228968225951765070086144
142, -9535885021021474249646515180011520.000000, 1298074214633706907132624082305024, -332306998946228968225952039947993088
143, -7068930132155359745165391107719168.000000, 1298074214633706907132624082305024, -332306998946228968225951765070086144
144, -3018372217414430622410140855304192.000000, 293364772507217761011973042600935424, -332306998946228968225951765070086144
145, -2663322613160389483261720434573312.000000, 293364772507217761011973042600935424, -332306998946228968225951765070086144
146, -286842234869588310610954656329760768.000000, 1394509784214048629020182754143240192, -74353691014218731640554455634618089472
147, -238773215429246774453873671537688576.000000, 1394509784214048624408496735715852288, -74353691014218731640554455634618089472
148, -201347459551947729921530835362643968.000000, 1394509784214048624408496735715852288, -74353691014218731640554455634618089472
149, -172856360971347095126478103316004864.000000, 1394509784214048633631868772570628096, -74353691014218750531460413094050660352
150, -23400744783632641208608075888459776.000000, 1329227996945487020917092502820880384, -11465261403079637394187332876742164480
151, -21863869992948454611527036752101376.000000, 1329227996917623878076540878648770560, -11464591132824766717891291494922321920
152, -309089939618434322605428503482466304.000000, 87209818035950964848793712748100845568, -85070591730234615865843581489197875200
153, -200743892680400597835870467705012224.000000, 87209818035950964848793712748100845568, -85070591730234615875070964544470777856
154, -252892275616338867528142750480334848.000000, 87209818035951569311703520062700781568, -85070591730234615872797772632555520000
155, -647287098063464904970113704389509120.000000, 87209818035951569330139040320096043008, -85070591730234766981607413958584565760
156, -264571976945205798830464810547675136.000000, 87209818035950964991744720318133960704, -85071098795435402029391378168585388032
157, -446768080266989869171170449515610112.000000, 120974738139916799576545215960925077504, -85070856593711437218870416117438742528
158, -299203127597208498197564583713964032.000000, 120972791034567411194205842340826316800, -85136793515257852821254275436417908736
159, -926845736871614646708092191102730240.000000, 120972791034567411196544371081937944576, -112652072620196140081852921025155858432
160, -730549227305901607142571060490141696.000000, 116972064578720084063752917499953283072, -85082456939524224138223096949922334720
161, -707263329737536992686960454689357824.000000, 120980516773113052869935095856272506880, -85136694126733180388043593076561149952
162, -338847741446817834888232451566469120.000000, 121956668613525441568568292713482813504, -90387463148618183523578101437751623680
163, -121000366550656186587245966304215040.000000, 340282366945561682757342681357988429952, -131640373353664052424761450735474147328
164, -794091910864536043620669640740438016.000000, 121956668613506445554486520242452561984, -90553657686596342192477100797140664320
165, -501945329700942267436132508127723520.000000, 121956668613136308808383192637528080512, -85073676241708592308510060526122827776
166, -1078676554977966590624311428127916032.000000, 340282448051214771389072956425115975680, -172777676474229605413765758757132894208
167, -808951041545319134847481560902402048.000000, 340282366919081561466922812117165981696, -171044602630615713931664608096499990528
168, -1657116690156523408312498354347048960.000000, 121956663857932264800082080631945511040, -90741174443026349115888695694196801536
169, -1335776716420423700584477714303418368.000000, 121956662621157531024466606977839874176, -114313891942816696066891331816726007808
170, -1137372782956769201856102082516353024.000000, 340282710462487400303293297628322529280, -170359371535241465961995958145335365760
171, -181369416766158612682325766682181632.000000, 340365630719962262068314243859549716480, -170192446281648542129791755100286554304
172, 338473697006983010644821547457445888.000000, 340365770160829640976199482218922311680, -170354077843683614470834024470692436096
173, -1221507524305805394361509411140141056.000000, 340282363893514386139497170226798626688, -298579806918181893106879298304374489088
174, 1441388025843625225948791941946671104.000000, 393700476426096732739524241556635272704, -170229101666197270350468094397512472768
175, 2974264886944891094975209158505136128.000000, 393830178888401400666224815053658329792, -170192751921263913881868021112681552064
176, 302935414104882012018507489948467200.000000, 340313816787699160833641968447161335808, -303074284210712567664699488764414951424
177, -368282319280936637915679102540447744.000000, 340277302463179020309063075437683348672, -245885476192713025552896750626001380352
178, 567495562359862002005594638282391552.000000, 339571063195293850610898812242977632256, -276100418250652542925836887879517683904
179, -2146107463211882470527041766065963008.000000, 340277266969574892206068202978706126016, -276099557340646888867990481752377082240
180, 1177543313218750552545904509560291328.000000, 340896689667768407214299707893231917056, -276454488006305404965154684523410965632
181, 1575152774994853140269170363964850176.000000, 342386010907935121035287557723212089344, -276442946113963122119247661538997161104
182, -1307790965678103296963688730709721088.000000, 341061523514649848933793108454735927296, -278501527313311865609096825138523073344
183, -104056092690667018524650827530895360.000000, 417865561236365121525001784215550164928, -280468686503863327380514383581459092096
184, 1743664876872180192289355862206578688.000000, 344913198294388229660096291468921017856, -277901771514365384423855740517614652224
185, -208990717382641768074533040841293824.000000, 416013945437899642735872859773020783104, -280507232731263098717431432232723919488
186, -1185297368357476922712787068381036544.000000, 416007425036581787694456962761645331712, -280645236392765366310488140166629670528
187, 2251471168342563737946233433682345984.000000, 367837994798902842810362515148216772608, -276428847464985032619824688709376341488
188, -324882033920002562033678598585450496.000000, 339827561610346144786163881936137463872, -340260161608600116801944572205274966176
189, -909504697314764424492478899815448576.000000, 339178351893629436848197805948413981184, -353386649985155036285935202994918368144
190, -1529088766651398871943745304799477760.000000, 339179976969995352306321306143756231168, -361137745388025339696204215473135504576
191, 1530036565967048425198562905870565376.000000, 349718201543847031345422451378959263408, -341516824672116748282437784185044159040
192, 2506264897498562103477518118206570496.000000, 339404594519092509973303595981303519424, -363373659787329276193211043775625381760
193, 4647964454311709982741700347495972864.000000, 349559826752335938912410659829537783536, -273846159990258663838328659179920400832
194, 3394727896209177852617004469570240512.000000, 342846900791053101530460869882551239936, -354811526623547089045917588302789646704
195, 8975307660715508411784994904780832768.000000, 377897496973254849537870566916955119216, -286015105185351153013094008646159182128
196, 4716198307924366572698835919193505792.000000, 351225550153629396209991320186387511360, -346141201970344828019499853254744152384
197, 2252196367254355986885564541654007808.000000, 416649574028773879270562290932031297488, -405302484555787270784404844756951971632
198, 2864502799780271671951525391875702784.000000, 350695001241524917602071603001223100864, -406759612466510402998673409013431746128
199, 7825332178408401832459639460139630592.000000, 406181382448487151733471707534173547408, -348726635840637401347733402069427087104
200, 9954845782479474605540473019557740544.000000, 445604800540475992738148857812204758144, -370659942066651566130942353550889228960
201, -306808840823555173054456089618153472.000000, 371704496037175482976591561163755758656, -506482632262352549044249404655552502080
202, 8303217304947757863300472334652014592.000000, 489999741331047746194497091306703389312, -425921667542195037693038264976065335296
203, 4855891028044628428236836772662738944.000000, 442861378459550670743218070872667732880, -430080866835020179596107740434341694080
204, 6563732210129647617367545891417751552.000000, 381217124960224238149235004435072957328, -431410135746658173270027272966051988864
205, 2776229164994988066279325829378867200.000000, 390226848607384540087285177917198709392, -511495988406579457629983648093682007680
206, 9302630999681679185678076201438019584.000000, 361183260440649836320955910093750179184, -509979644409642246292551864467962135424
207, 2258498773234713674226206813779394560.000000, 389099420719025693459055669124197908144, -498325565163462958261278013200688823504
208, 4229595139085769850235542325656813568.000000, 393113762417541977983019153582193479728, -427194698555847856342633370192244780720
209, 3700344318000243838523317101382336512.000000, 492412464191060324565270809207340407008, -505597671636663082913733338471966446464
210, 4359854082294189825161756660960591872.000000, 428453569721093648913896296148211307264, -479608108740742723288610019175688022912
211, 10841087200156186898750032483801104384.000000, 406131429531927227387037086282647175424, -524082592620092637930164461447600575360
212, 9550386389189276132130991197286039552.000000, 409011749600729877278069459301549985224, -523926443894905443106477733329840203648
213, 12787241451725454739693506174784634880.000000, 421790333677867839483447535982213184032, -502735094144613200279211601749460688752
214, 12157029180174798274308517641595125760.000000, 405341244084497536222858548226552259456, -532202212051668626286010597810844922752
215, 12835011689642570863749425493868281856.000000, 393556014174655864272598582980873450720, -444421735328516013854322957521369390336
216, 19021779217421703308698912533717712896.000000, 393464765843847821492950873443304043552, -438363411622406759011433987157513778128
217, 19576198231021781201366262683480883200.000000, 384209862497211198685541928315647094776, -552895871569663946565203761179321568208
218, 6667488471510169510514722122021994496.000000, 365166099317850734610573462579750764268, -418418356784275388014691276774848561948
219, 14739643670695337919123377247731318784.000000, 450701817986895099076649618402917176396, -484313865119241011790818862868768377692
220, 20184157442335876361850162575491203072.000000, 421958472096727453536725379268457267968, -514928146317929389923019083912402999248
221, 16638035575656109527555176673423917056.000000, 473077048090323188699173900636589774960, -496245218950942613417362548424746381888
222, 14038495374148762440458992872232845312.000000, 451641200932105470465122696164044123792, -553380716551708721420891090390359665096
223, 14846560377634508545237523478949658624.000000, 577607594789055592910154269557779442676, -474703281618227525984392767187225100016
228, 9816225349452555079021209213812604928.000000, 437790308730810170008864415890514017592, -540031797888658122335411817967802496712
233, 5343895927403824415480947907112206336.000000, 356230118032325918118995330685055579672, -505849984475828303583862857801989730784
238, 1518219294133559327441092575351537664.000000, 541231482220871568110408754563371762968, -578620904747379072163587403500137428648
243, 15461072859557700214764418466440019968.000000, 516474987542228166112130690982529337728, -570179135607422652518315916341000318008
248, 1270793983843395478951352035149086720.000000, 525193821526322015674418794820742739576, -558146024055536643038716209287410550024
253, -50495386541512603146837612168686338048.000000, 481739879166928284951536856001315591684, -542142147745696812945437351626816658120
258, -55895243561644933995663362396977627136.000000, 551192173964551052256420878008666994356, -538255812843033210103277059466168717964
263, -47474197149585501976777318050182463488.000000, 592690934620309907411306959399133558468, -561826118230899082056032644346987013912
268, -70185497686739994236119194248406892544.000000, 553314452353396274140315333028393748920, -655901012724902568664635417888943979938
273, -46653231714454502035304186906471825408.000000, 460501462608360397467113746110814404868, -576512557796313385205262380250845784168
278, -26256279654808071097510224540777578496.000000, 577759765803606410382678411384832637032, -648475357379380883481276303029810784154
283, -19283319995242573706931438259170967552.000000, 534728267041724973985993140094782049080, -613999875125301855541361762706577356826
288, -18768660760878980548852434981919653888.000000, 567261812413833154422400628162170108055, -494774219211477387602326092797896834864
293, -2986051265612561409230911653487312896.000000, 581061342931430467075709654672103641324, -568768599468540317231170566985099334976
298, -1859157947080001840443154747499741184.000000, 594122347938784436121564922845065956978, -547631295053180749551519034795633095142
303, 21490777337071531925122256802808856576.000000, 551554863671279533052398069636723274932, -523009446651287080407295418594056811560
308, 63086199865819243018878939846441697280.000000, 602950268091334286364943346386375346704, -532103923628882801303686278419255299472
313, 59479099247022499697409967203544989696.000000, 597659690960106666445022723492152083218, -428310904156445760003846700554010975794
318, 45936824568742903853593114151164575744.000000, 574530458774061143058274110885816257533, -490795648401772054946442866404856042691
323, 31916729172451301294533722392775098368.000000, 425464797121826698249582600840672679617, -470034888416906711915594060674153772623
334, 19771079511092663289970433548689080320.000000, 470278430647485625110820027737195937270, -533320676808046150756771602276049543022
345, -9079360624109103886800142009339215872.000000, 581346037339103833295618488416291143781, -498034106113604557231480356171742338647
355, -47272812410793985059971800107585634304.000000, 556908361298798988202854195543880529756, -619310437499848559922717210121380908654
365, -15919079798431062221247100874175545344.000000, 565688559074843384855015217564401916009, -623950092932046992927842489877659477007
375, -19919801989265104229713084523692949504.000000, 570490256211186594996621428864144207048, -659330987986893033679515437330851521464
385, -52402826631907218385175132969094873088.000000, 698119826338364552505317326930725109265, -1334262496297174406077159474112321643759
395, -109178023826892815684077238199519281152.000000, 522089432510656265211858034415166107330, -1370811839758548649603210392318884880552
405, -75777324208555113925307832853248081920.000000, 724154714648227180747886680153034799230, -1423287953412914192692875479757147807469
415, -57695935783186766603390982547795083264.000000, 654774029816722736263378464467427161922, -1418836973095419948492981802152504810855
425, -14028764509872698527309733614057422848.000000, 674833678952855329556064607506538102509, -1517455252374458653864929449445852574651
450, 177116076808452242664841162721501118464.000000, 1061022645890042942857628640703790331054, -1345469254564752137158122294111874534005
475, 125660988308594669181698154244740218880.000000, 1217225816195801024324596092390212498353, -1562676897885322779810462924889767926089
500, -221602605766342373710754058061698039808.000000, 908807845977418701590658911306039877353, -1250314907557828048771086096836371349385
525, 141803272211993354486944716125833789440.000000, 1415537572271808962477244734256559628980, -778864783503577097814027895560790129269
550, -1729710288164717147926651558105710592.000000, 1211084133419841253345001435970420915603, -1433286609727748995630843996479384510179
575, 86622509608409867952435558397656432640.000000, 1448715577469086245797835873069713471042, -1365855005726071716279835450866086193289
600, 41017727923089667284330674256871424.000000, 380367601903388017989636332102162006772, -368091836728584535114534506410534667865
122, 0.000000, 0, 0
123, 0.000000, 0, 0
124, 0.000000, 0, 0
125, 0.000000, 0, 0
126, 0.000000, 0, 0
127, 0.000000, 0, 0
128, 0.000000, 0, 0
129, 0.000000, 0, 0
130, 0.000000, 0, 0
131, 0.000000, 0, 0
132, 0.000000, 0, 0
133, -571406344427227070857216.000000, 0, -571406344427227070857216
134, -80120850339987118106869760.000000, 4835703278458516698824704, -319911995015521245356621824
135, -63248543251666304487129088.000000, 4835703278458516698824704, -319911995015521245356621824
136, -64314145248525838211612672.000000, 4240685101616941401899008, -319911995015521245356621824
137, -253387073898039993046138880.000000, 18889465931478580854784, -1237940039285380274899124224
138, -128879284275616204938280960.000000, 2873560004826179112534016, -1237940039285380274899124224
139, -2980762178632921513416781385957376.000000, 19287000644964651175929446400, -80480601307289828242222693102911488
140, -2328897274019005317594865609998336.000000, 1298074214633706907132624082305024, -80480601307289828242222693102911488
141, -7763953163964798175546265433014272.000000, 1298074214633706907132624082305024, -332306998946228968225951765070086144
142, -8648811203980739268961743757377536.000000, 1298074214633706907132624082305024, -332306998946228968225952039947993088
143, -6951406019960993081946009887571968.000000, 1298074214633706907132624082305024, -332306998946228968225951765070086144
144, -5180964777062392523319695246360576.000000, 1298074214633706907132624082305024, -332306998946228968225951765070086144
145, -779198828105935331709663242616832.000000, 293364772507217761011973042600935424, -332306998946228968225951077875318784
146, -284502389266900849305073416298037248.000000, 1394509784214048629020182754143240192, -74353691014218731640554455634618089472
147, -230684211855849475542713141966143488.000000, 1394509784214048629020182754143240192, -74353691014218731640554455634618089472
148, -205744378762852793693283767271030784.000000, 1394509784214048629020182754143240192, -74353691014218731640554455634618089472
149, -24684019056787657218238011005730816.000000, 1329227996945487020917092502820880384, -11465261403079637394187332876742164480
150, -346983902995413162266303803460419584.000000, 1394509784214048629020183303899054080, -85070591730234615865843651857942052864
151, -320821228755599127240484171125096448.000000, 5071427067049487954910739622097059840, -85070591730234615865844214807895474176
152, 26284927562307748375304749491159040.000000, 21267647932558484035055068902049447936, -11465261403079599615471642701694238720
153, -65148054053967400546622052210049024.000000, 87209818035950964848793712748113428480, -85070591730234615875103052691815792640
154, -253609865121211439498591776339394560.000000, 87209818035951569311703520062688198656, -85070591730234615872796928207625388032
155, 75399076272428758932305211511799808.000000, 87209818035950964848793712745953361920, -74353691014218760011635019050886627328
156, -393743374966678968793486485866151936.000000, 87209818035953987181792941461606498304, -85070591730234776412523336041102311424
157, -584311600441530758290756957733126144.000000, 87209818036569935011387410455583522816, -85070595533186416638117861899006640128
158, -724182450515863797074338780777807872.000000, 87957508783473514261126512609937063872, -85071098795424125275614414845107240960
159, -618051820705676561401515808181452800.000000, 87957508150025361223799713206929981376, -85070774276875192015748934515527254016
160, -192417052856248241918892842768400384.000000, 120974738145949965178379938408418770944, -85070596945606488394028313593069961856
161, -827060713711264946903106142940954624.000000, 116972064581121032010496244479948750848, -85070419324803607896600877275797520384
162, -664172502731941349567611284909719552.000000, 121958291206072479026807878722069725120, -85070419400240576366941241454092025856
163, -631730538803477938718789288887058432.000000, 121956448676146280720133722720232538176, -110936170730056524173925585367679827968
164, -876844670718460970239028708170006528.000000, 340282366922790361993518133064090173440, -170152866127917235779173586532993007616
165, -309795085715465023299568549224251392.000000, 121956668613281013157934539743377752192, -85070591725058329654722297996727288832
166, -155821389156634012582713550025261056.000000, 402033965030911459220800291588582588416, -172777693866140782723986067282865487872
167, -1450118363026169463267931568163782656.000000, 121956668909933885166777888640923140224, -85080638123087235582204685245538236416
168, -1431612828285904175522388990152933376.000000, 340282448051060176575646047854927200256, -172373830627647164606276751515195473920
169, -784650037533889286133234647158489088.000000, 340365790022618421499192604988742172672, -170359330970401856787338290282904101312
170, 400537414847198764978864515251699712.000000, 340365792983881493802889764907241111552, -170676000305926059213412653884164219328
171, -1967255387151100437671040329617244160.000000, 340282363858154474562170779684675383424, -172169875713613598379941997288997518592
172, 917488432252499359492949894955532288.000000, 340739480460218037872558213944152293376, -170193197744596357230416791979926689920
173, -16301710954489385167628623685877760.000000, 340313813384747510970570583886250729472, -297754239301791498134373125845234974720
174, 610283033559268244306243787593613312.000000, 393700478428443176758602359421652975104, -170198247019405137054435574964726585536
175, -1014984015547113624492155071658721280.000000, 340282443002718910246074060344454662016, -297733471649685115369490006524565356544
176, 49128737881629598802610511589408768.000000, 381840492792028154270279371920498720768, -175452974084563757654379232979179487232
177, 1728302766863438808329975831946330112.000000, 424055686476738296546948268913138483200, -245864893628450643967162910283056033280
178, 1319487195864945892943210621500915712.000000, 345594222730307441516227116105665815552, -245864886357529138859233917431533556224
179, 1238724568801019934991547674463830016.000000, 422653406252521778916712914920305500160, -276098944913941476575000554873196724320
180, 2121860477505936567913181353913352192.000000, 341679072999665523218397260751699737568, -276453330873527768442311426300517892224
181, 347277412039576984562757545473605632.000000, 320282733682775218500863112738681255872, -276442946119843300826801237685342815952
182, 1039221983226555350624669875891601408.000000, 414857121713214703050075367919292485376, -278501513974620546692804238331237575488
183, 2893326929959815341959431916907134976.000000, 339331797164992413581421700136323663872, -278003090679410665998450185927869851200
184, -287815503203972789143596156550381568.000000, 416045074993002545456310548101409404416, -277108168583509247228033951722358623376
185, 3427620252432583956629664298237427712.000000, 340544035763998576570625902671676262400, -277907687644438018783858240667636696640
186, -68499527781724786596863521685766144.000000, 418331732471201523420759947802941848448, -338392081440064942516351300756887958272
187, 491137378798067621733873661648044032.000000, 339829599634105381923687484572946362368, -277993361138982181471719554424019760960
188, -317688263091063148725330747775254528.000000, 448489001568252025755003050906069545472, -341782752316339622247761988468201648544
189, 1283763531653481241287503961810534400.000000, 357846933848519769521457162482190931776, -350528426474333526282013275058606205344
190, -299543730056669201063319389698260992.000000, 339726848096931309048893073311465695168, -349535496509594273997224176715801992560
191, 3244127208241311599138379186500009984.000000, 436194460424793852486059326107050218704, -280062945785205597634332474199828654400
192, 1719111925280600985294077909855633408.000000, 343688527896542380631977119340210673696, -343570246437086084614450255604385287360
193, 8601680724160580586351749702755549184.000000, 349725973121999349679705690724753686256, -170904121650250640262120766963837163744
194, 2207803223842701825364374410659627008.000000, 333583711954483442646025733282036103872, -351480440557612235836893642256606387504
195, 9322750873919365136233367241465266176.000000, 371961523177039759056712683140140047424, -279320686576944922884698152812158720592
196, 5117478849266338388908738982327615488.000000, 375485116013211223010197959640359680880, -280055162039782969461487606851892421744
197, 3937516145479620651777950499410542592.000000, 457999280992600688332282623293689861632, -405926734046866593884154194347017669248
198, 4707769208381932272172957655650795520.000000, 379878707092956192268074149416047304192, -405833279358079245059895299376120701824
199, 8222210896074732003591047884725813248.000000, 407181379927091297689710863975830062848, -279775000366180461621788007432547960688
200, 2540528484314733208395531163812233216.000000, 345640656018811250473878931679842621744, -387022059449162423457008940902788943888
201, 8762382957039534192969658006453092352.000000, 424945542179791447830253752297678744592, -428870434536132588731910342726748811328
202, 8556383739665890131903314097239752704.000000, 447321090428654547062216015897152946304, -421566060667376735179416983850761322112
203, 5973121346454386757520560073648111616.000000, 432850553772106467537588134407219198112, -524466918311808781590805991950036504960
204, 3395023898777668528395248697413206016.000000, 472920869031590874427069663661427577248, -501204645982044556215549371412865436880
205, 3228549386950592013039652998467289088.000000, 423577259812958836803426756226234679424, -503246012333555093280535793687481517440
206, 4715868040507735596142539669564817408.000000, 410067368754876449132362942769080477456, -524142578231433894881035928623918699728
207, 5240290220911949863038416767156224000.000000, 390087587809186608436423050816134841040, -498663150049457624573653538816788157648
208, 9337604502121560342356544126007115776.000000, 538244098372685028695109141858807412928, -505285322259390604082957863216608629632
209, 3503631106744771548519803409798266880.000000, 389952924803404484834069613415215905408, -499827035909114217084217262815235268528
210, 5923384213714682560063873588297465856.000000, 422410400226075065588132603346328271552, -524058836586113304644426188793726455680
211, 10163604021454355601574954149722718208.000000, 438341163226402241655369497865628825472, -498509253254612973485997871063503942576
212, 9414833451674473839525153937207328768.000000, 421821363953921562460571864768776862240, -504801367747809724258908656823412608944
213, 11099711292007057731229098454730932224.000000, 439718645576357537784974802206642546624, -500139259273499991053047435650509807472
214, 14217834423867172058412635102004641792.000000, 393880442071298058856536393488140948784, -524089903496523100682693817416615457680
215, 14812079262368148734210821127147618304.000000, 587421783546516743344794842220511680576, -511321205312835277698211994904723400008
216, 21873786107758739609085111799061151744.000000, 384711036588807436122659278532096455416, -552967316838531100222070152855555187584
217, 18161437408796843777287976291198304256.000000, 371860676382069746701335203597247833040, -553349591261242421545498486519429637072
218, 18314579699568793954488100519638204416.000000, 566249438185503015077791030658760723072, -484298096089821165414729472197253517056
219, 13943246689991525960113437665090600960.000000, 494438277495124835545249344812954788928, -474828029985500805491633973839323149340
220, 23703888593350554867463982846509580288.000000, 403554628526346797538841749638316485328, -453135873870950646829767482934739932912
221, 17752296753176854779918785373443981312.000000, 461124261913198372079801776680415256624, -523698638873785413501425404262050034304
222, 15284599857843148424339689188840439808.000000, 414146332517711276929069709155153089260, -540713617521494144524659957499242369192
223, 17884315715117547192223538326624272384.000000, 460956057488724529508419974828674271280, -543660216840080951175634140315744471976
228, 7771379305565595204133334007096016896.000000, 585096334608808881417679602864143027024, -538537679934528437359506731803323512712
233, 6523341700809174065841501963393433600.000000, 463699238924807371197256070196120227876, -513077706008729683325071414599194418472
238, 27415900924329961274905820859880964096.000000, 533764521655622362582180326840818433384, -514933611315268380577916489423269162000
243, 11244381619033352597164328852754792448.000000, 594522268236931205621219909677632135376, -576579602963396337073873882119646549864
248, -16531948039706691607643803768626085888.000000, 560819587002333663578056374149538067444, -549256075271146152429931892857786675684
253, -27451630898957658791537690389172453376.000000, 544883491623584102934614960158688564596, -531070351329103519858682981607056749848
258, -51386052927100061572050854852132077568.000000, 549634319482460819487197749794989340340, -569787496196592801364698435395196424308
263, -55629776749770741692575763237108187136.000000, 526268216169411708878169278417903426696, -604075523791875654070046668829418261944
268, -55248047958245820951938892044552896512.000000, 537878518625896229473161017149007726552, -634969605698733428068622208660681212576
273, -64609213632637219088341637647644491776.000000, 546429714530677312384795002102521991146, -648434173848897502354498844278666458010
278, -23703740969537420643283367345480794112.000000, 570605125057610329951275428714553251992, -632769311664342969195908462423782959475
283, -20444363446923069266881120437708783616.000000, 564145834631043005231624196449091541252, -650542426016000442632490389241801144346
288, -23871542967519777633013006102226272256.000000, 567402978776885284787988223268765373847, -497446748978617425809942431528924081810
293, -24052752794014749002385037023332270080.000000, 499621516219938450088644829205266835748, -549065661273180701692623117673748749512
298, -8756936354964470013387584500389642240.000000, 539876051441764430051773152956985050003, -557511515280287299962324508253186412872
303, 21567981366352247719022152499670810624.000000, 593323440969531462713626967721603768348, -523484540967017732154337008924565222440
308, 60837152774409767347002925055014338560.000000, 521673597622425570924118997927388063742, -505631120989851356054595109761492797215
313, 69067062809646263392696374422612738048.000000, 500827165155760283798183274060979404317, -422989704190374411387072469240234982972
318, 58988413462753507810504782137417269248.000000, 576115939291018857765801771317993153688, -453564239663488695277469032952152599600
323, 33505178756761977148464654788044259328.000000, 549573072832209360781101135790154604797, -486901662813206204701424577672335212901
334, 25197099475741381119831122293808955392.000000, 482783903511008913904400902441218979096, -545365215630336111907448041411969662396
345, -7323422443374484451440477161490743296.000000, 488493800699329592976304225926837292257, -535287915329769283607369742072845319994
355, -40687205517800093130357199855268397056.000000, 556754984159428395454580958259677509340, -556858394584233604161132510410702885750
365, -11070427421551216889168149859687989248.000000, 658267010847385198955650305820605518365, -660918232681492789583182064671789324664
375, -15711064093211164162628793431895310336.000000, 786268867558528368067138125715608739260, -656513881934497256064472315976056758910
385, -52178442812142782328885036207294119936.000000, 722565942442887273123800900575252607296, -1289142901587549766696116339738428695137
395, -94443722252878176896014653621060763648.000000, 779683822070156393041434330145736869992, -1387119019976199319744794471450533418483
405, -64973267183819894699772391936931921920.000000, 635377772250861357717823780623664018785, -1329528923326809242474875031764546925303
415, -92013388936212480049723180507161690112.000000, 636191302324485473426069012343413392563, -1445209417830128046275321517158394110051
425, 21363462086527451626651798428343861248.000000, 677791922915957645479987565341253033482, -1432715683498395491272919610816354696163
450, 203124465033595633758606337358866415616.000000, 1076641215518509657122283194397045024716, -1486553658989970114559739651124294353919
475, 169007609050754409100059083151431958528.000000, 1432216905733234871734808774067380721692, -1523425697815982755477843485467443290119
500, -218607692657375196096458161210487996416.000000, 1023222385978027201640069561375982838251, -1201703395028884057894594967216500282502
525, 131015221432515843762804503698816892928.000000, 1281974586155821694662350530277613591421, -930522916757121821381580130014775446585
550, 14253357358149085540778519582958682112.000000, 1279846757170918033995369554779858762833, -1056108255610372761165872558756299252566
575, 105322613431961616119626930235576942592.000000, 1445260464025518959033620129461056324517, -1288779931128502656505423171984455447647
600, 0.000000, 0, 0
122, 0.000000, 0, 0
123, 0.000000, 0, 0
124, 0.000000, 0, 0
125, 0.000000, 0, 0
126, 0.000000, 0, 0
127, 0.000000, 0, 0
128, 0.000000, 0, 0
129, 0.000000, 0, 0
130, 0.000000, 0, 0
131, 0.000000, 0, 0
132, 0.000000, 0, 0
133, 75557863725914323419136.000000, 75557863725914323419136, 0
134, -80120850339987118106869760.000000, 4835703278458516698824704, -319911995015521245356621824
135, -4835703278458516698824704.000000, 0, -4835703278458516698824704
136, -52590634336477803922325504.000000, 4835703278458516698824704, -319911995015521245356621824
137, -253387073898039993046138880.000000, 18889465931478580854784, -1237940039285380274899124224
138, -6706716380697325756271435058249728.000000, 5091995552216818083862413312, -80480601307289828242222693102911488
139, -22153893585885420485510113865498624.000000, 5006889063462541337821184, -332306998946228968225951765070086144
140, -10719624670786190042273428723990528.000000, 19749012189224582198000091136, -332306998946228968225951765070086144
141, -8068421521303958037049358145290240.000000, 1298074214633706907132624082305024, -332306998946228968225951765070086144
142, -9182704289955487749241801157902336.000000, 1298074214633706907132624082305024, -332306998946228968225952039947993088
143, -49834926372558951575719296106496.000000, 1298074214633706907132624082305024, -5192296858534827645981944885280768
144, -3659668103635903257247046604685312.000000, 1298074214633706907132624082305024, -319929658485600536349737954972794880
145, -3155341508031276298755701638955008.000000, 293364772507217761011973042600935424, -332306998946228968225951765070086144
146, -2390888126656028573048021639495680.000000, 293364772507217761011973042600935424, -332306998946228968225951765070086144
147, -386930386811310245351445430796288.000000, 1329227995789522541407846399186305024, -332306998946228968225951765070086144
148, -191684895643260833859444614344212480.000000, 1394509784214048624408496735715852288, -74353691014218769420926344572631515136
149, -173567883521646941460795476127252480.000000, 1394509784214048633631868772570628096, -74353691014218750531460413094050660352
150, -24100885546034585147366849854308352.000000, 1329227998221159953606155380583301120, -11464591132824766717891291494922321920
151, -318085160413024669929829863906082816.000000, 5071427067049487954913061790654922752, -85070591730234615865843651857942052864
152, -317640312580051186083467705146408960.000000, 87209818035950964848793712748100845568, -85070591730234615875067023894796828672
153, -232277123969277776354073605979504640.000000, 87209818035950964848793712748113428480, -85070591730234615875030995097777864704
154, -206899732063252260933800339548667904.000000, 49409896905819837564753442190231732224, -74353691014222496473456643213541507072
155, -576827198517714311924061055808962560.000000, 87209818035951569330150264134775603200, -85070591730234615872797209682602098688
156, -367456609354304251341364060697395200.000000, 87209818035950964848793712745953361920, -85070753994472139950994173264332587008
157, -691899895927666018951512497414209536.000000, 120974738139301771561514505540041441280, -85070591730234776430732515233931198464
158, -901357324926705037188385509690310656.000000, 120972791032618149407627810346261544960, -85136793515257852821110019511390568448
159, -763475654928141929857380058493091840.000000, 87957508783473583916025379537758715840, -85070596945606488098981666334515397120
160, -840069952443517290068887951871311872.000000, 120974738140381652844011593188960370688, -85070591096563151282049718393116295680
161, -359543158123028112246049928072134656.000000, 116972064581128377700541216568851300352, -78922912198466395203963108342380888064
162, -80602722017620484039553383990820864.000000, 121956668613226895920698885677824606272, -83741323169635557097599876879070789632
163, -323444636622993884542418269782409216.000000, 340282366922790880204065841863148617856, -131759796141762649544592967191920705536
164, -455431768302890521327134691075031040.000000, 340282366922790415529449590481747886080, -170152866132192230138436193322824564736
165, -697767301520601050046902993204281344.000000, 121956668613445642745876586634629873792, -85070591730929402152337880026032636928
166, -1253543743577119410411038259195936768.000000, 121956668612828388786830461221923651712, -85085416824296374849697318808349050880
167, -706156840120789098563680935658651648.000000, 121956668612828275446685882940632334464, -85107262256369669664486234826963680768
168, -1496767369214636405993681977276891136.000000, 121956663957769919988215669418865016960, -114313891863642734416344223446978023424
169, 83237830563569710487746405025710080.000000, 340282711095810426844007155855367471104, -170359330970420844682790410911188183488
170, -2335949737079933727553119672789368832.000000, 125666446399543347951366615105962622976, -142769979074336520900626497954499074048
171, -3083853348297563386151197711961948160.000000, 121627600105078733881210784816613863424, -232623884677198702464351447586263040000
172, -200512314413055632837604206918500352.000000, 340739460847007545061474741290352443392, -170359351249734673989129414185235716224
173, -1744440588968338756651466180324753408.000000, 340313813388734604240725851499842420736, -297728270232883660275723971793758306304
174, -1754527392291166496072196675002695680.000000, 340282349755041587639450716896921880448, -297728271746311486451804373376103923712
175, 19710911489322740513385878298558464.000000, 390159868051835474583472513721860718592, -298570445563762125525644402853791449152
176, 2392978581052165359814747668351025152.000000, 393700454039074574375830536640044107264, -245937027581267762333857805369979964928
177, 906213897622054362150195654895337472.000000, 372425503968600979575297609762065776256, -245937029003415715734493668761820335616
178, -66229368413853673753349481457254400.000000, 340436677767490378098326700499405755840, -245937030020525663113613781253172243968
179, 209748684730268483114810936070766592.000000, 345617263397874906489493915522066552064, -276100416631387167004447721335765681248
180, 519378518396782686384565377675821056.000000, 344205056380316680898759105660669920768, -276454003819616830798126517385680470112
181, 3131920923722309407596447256432082944.000000, 422646681637345610971689999509103611648, -277876867097248231699570861722862906176
182, -616711383861540953113262715408744448.000000, 342890214869478892349005548454689839104, -276453205018547783328966028116935197856
183, 161442456996693372507879319969726464.000000, 422622740154725542785395647768279815936, -278493958811243096318533153603312462656
184, -39490708457402191905805939781926912.000000, 341144708550657666475902812491927365632, -277869159345357140047200404033002244928
185, 4644716354518171482850059873719156736.000000, 339892927377985305071152370178360870720, -278026865213237477449968531266625309504
186, -732833161908554016903127420259794944.000000, 416011794073673556115296070993935956352, -338335221704815560934851863100169504512
187, -818881789492187938794855305308012544.000000, 416043070905956409516311025512946815296, -338392550131744720764668390649384274176
188, 358610356242573218127844214883483648.000000, 416043029033246783688161473313149382400, -352794717204645460587411622633998359728
189, -1340165325883658635559753129683582976.000000, 339176885209089712271354639862377820672, -353386636606003111747201203296990241936
190, 4927619749519535072934323344738615296.000000, 436716532247664957552336050209736378576, -340344932574326625949149276874120098208
191, 4711458407770947697737605413177655296.000000, 511429862451410185724339461309140993072, -340040114487159064518597954099002615968
192, 4140043276788187426852517693817356288.000000, 338852490796463363329717561117119231232, -340355672898152217820507813842664905280
193, 1397566729765783900198104702218403840.000000, 336204878719218995356502487550543517376, -362577447567543576939426197932848060992
194, 6995047886495332454482534161599954944.000000, 340342700913248251979466399487614787024, -258649402835747813340176259701885415808
195, 7392880341901857593696200859834122240.000000, 424987065983708760189072000151154487456, -356421635579241738124941543282467924800
196, 7071160075704849288633245836278497280.000000, 424788221118465283611853661837257977792, -354809499091463122125264805093968673088
197, 5353564268039311334383723050147250176.000000, 416640365800238437421996860619744761808, -379057753799103750797035653917380774544
198, 4196520761731913301106006951834157056.000000, 423808175020303315373940027410779468240, -358917280723211114740848165258296032816
199, 4337818036564630115249731354937524224.000000, 370682433240100168835279091969319368000, -405839172325171953223300029322486465648
200, 3231387462268427644390097931984699392.000000, 340800477502467549632173430078841344432, -506481355817665766155281330991635306752
201, 10697525268688023887435263793516511232.000000, 447360616800169580038889211093031003264, -372739901873311124756110549232774597920
202, 7606605331542233014260660693901508608.000000, 406113244096441757230132585671542797072, -429850850681983578244724269710560719232
203, 6045071166926467091200951185343250432.000000, 414183979463513717270872447155216963856, -418284557077292566844195517473442497920
204, 1903939147993374783212336767748276224.000000, 443483952421217054598890167540320303776, -430413764462076586999858026595665577856
205, -2279196523399000146916708334792867840.000000, 402313097407417072759751991540278689792, -501196540717856168021742597590185921744
206, 5623368780520482413309741195371479040.000000, 361259783942728073597335885712915108000, -508588418153315196185592325385477736320
207, 1541723186885465118543413025819328512.000000, 360856076026984827204870948050621223168, -523928782784471867475558239962323563728
208, 1375643736496035414985863710082334720.000000, 375451363099569882953029359709656522480, -362321654663139550312708783002429708480
209, 5906499172067080476666010147944923136.000000, 366210936442746288221082396542235468416, -503015106179993097505283522601095576960
210, 4095110070948599854682711468097404928.000000, 417193713169443072460849406612678951168, -507769675593715230351575001362457146032
211, 7789943248662545579283263652888576000.000000, 366818180622371790942268535140317977024, -503909345971822168031190717923845025120
212, 9338318084551371700976748747233951744.000000, 473793941581272565237114882919275443120, -524173105246019117752449175168022258560
213, 7920602553584641241821736001091928064.000000, 368960060014815593565046641684246685120, -518586827674455097312505766165214251952
214, 11509776415210644639790324005828820992.000000, 507808536810861086179424028241121327616, -504469394611128736533634095343264411824
215, 15815812177300304707830483682192261120.000000, 352962132303651598005122124503693195584, -489372718753689060409615314673925092224
216, 10967061734843287603836414603642798080.000000, 510451432586338020167951668323123107584, -511771793372716818531151194712529886536
217, 19163855632975505750519462107107295232.000000, 465424690667400685633010995103658603472, -553401776020647566210776314511765427152
218, 15875859034433431152640497460224983040.000000, 515983582033882290406680415703469634352, -442927966136534700471054287323823551260
219, 17082074484914106495193984805864734720.000000, 567127669346971779698728646216661435008, -552967306652198254224219995452742932800
220, 21308380930136682752281729590357917696.000000, 486487075626038312543279326975939302640, -526309291012298618524373102179884298688
221, 14609532064179851840461566078393253888.000000, 561793384515301475913248714591240558656, -518098458704647988131590993175348081056
222, 17557316317175464613199382515126632448.000000, 422959664376541096521171451833651230336, -552811995981033755573087382525346342456
223, 11977653945743152468370850101673852928.000000, 394102535011692545148632825498013875040, -542578301166089109186121224045087206312
228, 6534610756990333776022351764728578048.000000, 516289098347600531999426937988718030456, -483127639376029498063581831592639521904
233, 2765316253124319306081658792589656064.000000, 488319924418623026413915858729958084644, -513486148690875221151192212328835747112
238, 8810574900904763525465399304124366848.000000, 521459329780525047028801849974166967556, -607531924176919219095749194221781995272
243, 17098511633368566823966431464004780032.000000, 549153374267822178580636284436353068936, -621845138318711642442920525002888647536
248, -8018205211065163792391110455260610560.000000, 593572513581459540635786593804583829032, -550316040150841604597454714178014537032
253, -43283593637253913644932684507865153536.000000, 482423115409474733217053526211264340940, -540141013595891594873576939802862920840
258, -54460590771248605635419662587992735744.000000, 551566400902701489386691958318715549364, -573344049093220364606118243812275780008
263, -42628083128513186402165368065003356160.000000, 593769030378988884439149248380230612660, -610113220065384206566980461004728604702
268, -65364276911710762790902664968710127616.000000, 556967962615463787911873947056540453272, -671437038351259304897113596890749964744
273, -65075683714842813034299313824481673216.000000, 535170002651891897558184328517992517610, -614991228152358752201180307490183727822
278, -37712848879644637651472561081484836864.000000, 610623609245305624541594403045386436004, -535286198456059921947031310785359227846
283, -6710301202689013145206040830802919424.000000, 481991364134599764098840495046423438976, -585308978163511664189325821410191582690
288, -16062392351255047672693907016390803456.000000, 451100982395163068656737565617705958032, -547671118302622159109142282683436989414
293, 262405784976652000181225618661179392.000000, 580989137468664148644982393260302078252, -446390967483104966137128406033744076666
298, -11869435903889089718125549517342244864.000000, 545053697003660375002227799350469100435, -557764357097462042598021351048000822600
303, 33748380788135386807533839870356094976.000000, 567430417819266612276923721401142450364, -504672495057333953712393633217517205215
308, 65799069042301744647676265721977896960.000000, 521632622052848954715496792920473935883, -505628509773497353507109132430627354335
313, 56533420528572497181614294535998799872.000000, 521971405503053318549939948860780295126, -430079776488702404988573181529307438642
318, 54724266162703341171874643114048094208.000000, 548463544644242327281641505282887076861, -490923528848624764917762670841208640707
323, 28256785805202131988327646013591388160.000000, 522990824207559953047918665319876236373, -441393566111037783929069213356800235136
334, 10391834736854534541353466309233344512.000000, 595798923912770787280133337696624598191, -535743809269852675005005591904361948090
345, -17462353465852658967116626508357042176.000000, 464351714126638875536414083416710932223, -503385882660298922445057280058053315343
355, -47772703203946027116022192486890864640.000000, 404750908743760581407012903070251205019, -600004917709146053847071465886378880942
365, -46377325475447951384719436344067096576.000000, 451907503640486692270110724941701885747, -661258104652288072287550172342930595704
375, -52150645288653199484652013210816217088.000000, 572018147226221563735269257365992999270, -570947514096667427498143236439347027197
385, -48133792162785111040503105755214249984.000000, 494050045350792963049587457333445411508, -1276893359411496352332938697889711865623
395, -94178486044923033042107621572448616448.000000, 816250989157903018597677603612614973575, -1328481183205749577749714700299676316137
405, -1378910105912554830670241703781203968.000000, 685886670565786892112264402504079388962, -1540703882425228002525429629073617107595
415, -5710988147550168172694256747234197504.000000, 686577932013411285909804238477850679305, -1445784488356531828302994502213044753233
425, 23966473875090119212673895672026497024.000000, 545480561632637286279841956556323797365, -1401659368588447780564294796782688873491
450, 106941196833691468420318770629772836864.000000, 659072667262552138141595020469458633943, -1782498616123566048760480308128447531071
475, 74719174281453664216583597593286672384.000000, 1154372657633394129326942655296512714152, -1531616465290145184402173085398773600400
500, -240203782798981736171739790097187340288.000000, 1017632576350281995036224856636297345661, -1174398154966675250846802663377690161611
525, 43113744965910989571771230096363356160.000000, 1227373083135536473335201853127100509209, -932759171040560400328366507190048189202
550, 111765830904459936320213811616846708736.000000, 1409624687019575131814030766674607113188, -1402162254873955324525908535313504748733
575, 115213974665708552629772967412857044992.000000, 1478972773686708075415930297365720056888, -802306103718813487868310071836447908110
600, 0.000000, 0, 0
122, 0.000000, 0, 0
123, 0.000000, 0, 0
124, 0.000000, 0, 0
125, 0.000000, 0, 0
126, 0.000000, 0, 0
127, 0.000000, 0, 0
128, 0.000000, 0, 0
129, 0.000000, 0, 0
130, 0.000000, 0, 0
131, 0.000000, 0, 0
132, 75557863725914323419136.000000, 75557863725914323419136, 0
133, -162373849146989881027723264.000000, 0, -319911995015521245356621824
134, -2380072707366301187702784.000000, 75557863725914323419136, -4835703278458516698824704
135, -2380072707366301187702784.000000, 75557863725914323419136, -4835703278458516698824704
136, -64314145248525838211612672.000000, 4240685101616941401899008, -319911995015521245356621824
137, -253379518111667374126006272.000000, 56668397794435742564352, -1237940039285380274899124224
138, -143165623477917599121014784.000000, 2873560004826179112534016, -1237940039285380274899124224
139, -4024028864460791975548920216420352.000000, 19287000644964651175929446400, -80480601307289828242222693102911488
140, -11076945503896904979267219254935552.000000, 19749012189224582198000091136, -332306998946228968225951765070086144
141, -13282102943210742920488952172380160.000000, 1298074214633706907132624082305024, -332306998946228968225951765070086144
142, -3920584234410768267021934443626496.000000, 333312879697510068256039399063552, -332306998946228968225951765070086144
143, -6464736131638864161398436464164864.000000, 1298074214633706907132624082305024, -332306998946228968225951765070086144
144, -5121324851708480253351652709367808.000000, 1298074214633706907132624082305024, -332306998946228968225951765070086144
145, -1089556008534302541276530509611008.000000, 293364772507217761011973042600935424, -332306998946228968225951627631132672
146, 1169087499485736357210497547763712.000000, 1329227995789522541407846399186305024, -332306998946228963614265334325837824
147, 948628286412599944710118912819200.000000, 1329227995789522541407846399186305024, -332306998946228963614265334325837824
148, 233724032105595400041896594171232256.000000, 85071495765415795310032257162546249728, -332306998946229184975194631157317632
149, 197765599894165941919214857311223808.000000, 85071495765415795310032257162546249728, -720234491436182735155771937457700864
150, -345183704580769886964326726446874624.000000, 1394509784214048629020183303899054080, -85070591730234615865843088907988631552
151, -22902419663306327248314444298584064.000000, 1329227996922459581354999395347595264, -11464591132824766718107464277036105728
152, -15373589633519184710059245755695104.000000, 5005374171472831319769353890151006208, -11465261403079599615471642701694238720
153, 26253288353635858697609738832576512.000000, 21267647932554889133560977185375780864, -11465261403079599615471642701694238720
154, -310453559957876177439582286751203328.000000, 5005374171627573831597555452154478592, -74353691014222496473456643213541507072
155, -121460909109764806917056212626309120.000000, 87209818035950964848793712745953361920, -74353691014223756238498421386613096448
156, -25033502412650491886232744780365824.000000, 87209818035950964991744720318133960704, -85070595533186416476744880051067027456
157, -195427814873276798186156448488095744.000000, 87957508783473585115063744328345845696, -85070591720311752742657676565356216320
158, -551022585594403413033990818994585600.000000, 87957508783541214107018176444277456832, -85070596945635502318075996178924175872
159, -574460107472263162614120243385073664.000000, 120974738145949927399439068249855098880, -85070596945606488098405174709987049984
160, -823267901073256532502985008704651264.000000, 87957508783617603107422686535594278848, -85144803882287518051749598527391533056
161, -607174579952358229749531823906488320.000000, 116972389095233326018100942209133051392, -85070419319774476505450770579800195072
162, -969399750270188356455447233344569344.000000, 116972387827582732908741870994524732928, -110936170649022893286584863009375977472
163, -103030461285209742420805135523381248.000000, 340282366945563415178700660180451885184, -131640373353585813511329517024290324480
164, -335934601385651108519214614843490304.000000, 121956448676068071229796518791382564928, -85070428834097962424591659436223758336
165, -291851353598291918711404600116641792.000000, 340282366922790435962018809163856920576, -171366565492721570320333392063532040192
166, -979858905877588517222357510970671104.000000, 121956668612828390928794779756984270976, -85086168509857100043891279097357664512
167, -470148077658256954365182725295439872.000000, 340282448048719861137453191373963575296, -172777692886057944830971074248483864576
168, -1099475070319078292973048503732273152.000000, 340324264041432138824812399164431073280, -172373830626284516879854147863597481984
169, -1927545915583394561979632916203831296.000000, 121956662689903817401765335248216473600, -119627911976350649164307932983800401920
170, -434443866852446977311343686495240192.000000, 340739635398415963986124780007262584832, -170359290396966646830557924804841001408
171, 1133026077823201792452009812012564480.000000, 340365671855806208039326117434658586624, -170198604179113873105166297417300206016
172, -399165235153880496405391307108777984.000000, 340365552130554567030917527850952097792, -170359362520501591768227971650743900288
173, 369638274475651003181358294184755200.000000, 340365415220526491510775250300041625600, -170193054730504384952309358998306035904
174, 661734044714730923041641074744360960.000000, 340282444987405209714604188413540288384, -298572717195461369370108749003990155264
175, 2098665106647823230173124954937098240.000000, 393700478723529451557405758386962251264, -170182366776741294158984663959430109376
176, -787778896677148450359076943103524864.000000, 340277252727246738914908133081934317504, -285325698687457738187522174294188865536
177, 2849343203206558454334305894599229440.000000, 380873933776382448352290270637772277376, -245937227348209025236736721765985771520
178, 842489241889728788939337440616775680.000000, 341715290354235729661525257380389380096, -276434628755699032461021164679383104448
179, 320894831798652785129892095725666304.000000, 422646708733266384541716505594904280576, -276452044165517853516626449768497619328
180, -1067884375849147035759634937731350528.000000, 341685441827228630061956229693980707808, -277986876383395906161038896094025673536
181, 1407295114332202151348107257143361536.000000, 342343974353106319684720557468224587776, -279101919621248276105510736386348501840
182, 2363360731366642831040554647515299840.000000, 342750587743833187873567313220498987008, -277876501695887003978581478888057809856
183, 3016340815002833069253868488713306112.000000, 417824803718892768114776112638676039808, -277105895890877581112457582484523273104
184, 5509156578536065627324174242733359104.000000, 429335384839091541827477193033721145344, -278176504364894251353416274031158617664
185, 5217475942151214926507611576204263424.000000, 420986580001511813795311849224255227904, -276431456446271090270355027216971067904
186, 1582852359838723142605122641206444032.000000, 340148083765617739683646028114594687056, -278001368698421927594397172260832642880
187, 1081484854218859458219974895373123584.000000, 416073846857203851827544895164626681152, -338312416249464863197985711744619867648
188, -232162703112394408879469254315868160.000000, 416123967763871030076239081327003894592, -352794711596508148053137856079398020016
189, 466360798858645566619349794112405504.000000, 375543117746787058013664740730229836128, -340158820564632349336491976923504142752
190, -2055513269910734981719977638164955136.000000, 340461271337087080713022464489333452800, -350935192195654926882607453529965569168
191, 2074496559702358982113622056237006848.000000, 341029936238370882684418960316816087472, -274591775370329944400045694117518258944
192, 3212961751382559546659362480683220992.000000, 339361912604831514976868396881969468864, -342134197961874164930442596178601856656
193, 4201994232756937188945939802299039744.000000, 387213719812835629692541134089005374976, -275087275530314397103795447965285214656
194, 10024434286210928182523747236654874624.000000, 369359163674369157729491169844244120512, -238643400412994457637339090222398524992
195, 9492894483303235327581866926614249472.000000, 377953878148879746611086424205483646272, -378685844463131267600083740619218238000
196, 4255689788203031544994165981165125632.000000, 346700388040912812103624537791785330560, -356108924780731258712344981348819208256
197, 5612077536417069004060149428384694272.000000, 424805339551625259489390951460796231616, -279838323036707572089814586582656583536
198, 8377855230442460668809336305842388992.000000, 423781513334768754226711494724637679808, -342568422266653692207743651296122247296
199, 7455651576097092804376163472963010560.000000, 410292607340189526616925549597402821056, -348378463826685586817828632572034856288
200, 8549297404141877814501105929201647616.000000, 419522189865854121209853325288911132496, -441221325694514530772791880886182973696
201, 9914580191177852607973463351774674944.000000, 439356471504374904852198955118501249664, -430908875954247098853605333430277583104
202, 8987883152378280826003973464001609728.000000, 400228418109554318424741842292382865488, -426217701630517460156474868984016732800
203, 405842776075857052152518299359379456.000000, 390438761148823291735899777526866490848, -501214684761214431547607306685098037456
204, 4667348295590976871270696237978877952.000000, 408349592168295320425542383361709852224, -501204292440913319062127633602459593936
205, 879581556957341397048992313481625600.000000, 411343141072708533132368239401192263552, -501197019882843780709048077751490254032
206, 5775735379179368018970082029879689216.000000, 367284673082363149586982432954857031792, -508006117809102580632966166469613635456
207, 5751442447592028832197721352319270912.000000, 538863893870203382902507753992202188992, -505398093201496093565856663360892228480
208, 8354717183628706697029200053486485504.000000, 466656069225794028765844590173913126168, -508941185671105688728981093604292350848
209, 5969738594584371522974469714954158080.000000, 389578955216087611108293946648905799360, -453858504149366164033186925795241676432
210, 2642502661218937717735647413125775360.000000, 399125464994970711095024589244724931168, -499475065249300656343565522394962550592
211, 16237118997503398334093591138959097856.000000, 405960301809870133979836891013907145968, -524058810138181270574744178696820151168
212, 13051218956921819233555578631294550016.000000, 410659419182432333489085304025040043080, -577228357139727523299530553537475013504
213, 13300296667109240613570655397255053312.000000, 432178294637728464922303281567212116480, -524914796095685948130164161489796002704
214, 16739358818827005293084518136621826048.000000, 426416837715408657193375481223275383168, -523986904646966647079123995755217937280
215, 12189525160378477720104439935580241920.000000, 439796048589544813895850801967527369672, -511645747351611913936212205025441387696
216, 19503521221294580812095098750301634560.000000, 375848682331596071476437630329585525712, -532493469406397961207555243686634828688
217, 18058222054254260322924702383638315008.000000, 384160992219403514871825110274180412256, -476516985515712163135837433368466265856
218, 11340273731638111291693164107187355648.000000, 364980706832194602023226278725433510844, -442508384226543023165791291528454111260
219, 16812791410004389644776006297791234048.000000, 432661846196136253124527214686111680256, -475224794508695990125738534874969270000
220, 16839232929011467787098867481970737152.000000, 461123856263258153493277004279956756592, -490230396849916148788274890347089228320
221, 14291642285178520359298286961876271104.000000, 441946180150588473863941023228409604784, -552834900755697089629274679792413780368
222, 21740281082592962171111358613812150272.000000, 471631125578653258549427901250881737776, -506222701592690994843594752222368709056
223, 16238594485401876482579503340710789120.000000, 414074202288825138173851409486020908768, -560650450064648582576433429825607771400
228, 9015786138931739248983636709138759680.000000, 523773989096164943842536778443781243104, -529100806794064190205119845546987154184
233, 21666344040595078958724072929864187904.000000, 578342903381249386974410613126044893308, -477683593152337604474663704749071790320
238, 22181661165300796787737426440233156608.000000, 575365078173280657948728959151016950120, -461592144063516629254365008394469338896
243, 11395529730725778870574776626016419840.000000, 599128436302602226341736403792457808272, -516130549017087694189353050748565140400
248, -21043557484368062245542694456320327680.000000, 595193179375949822916117283051703368144, -571175005575488928353880914695757994504
253, -33513859538099381813034945732973428736.000000, 513895698661315343427670723256207332868, -594904236019105580703969437861966824776
258, -49138701882028911739631340153854754816.000000, 549200649705828180307998186502823540404, -543747262146553644480866262842655759036
263, -50685416972701461254992611546543161344.000000, 594103106927194233180405700083980351156, -588803983479090885046797731005423718430
268, -58404970962056535070144672101222580224.000000, 586292757278917416719831028189833594840, -574950356235033457724144306504741074176
273, -58257085043684832628191554302080188416.000000, 535155004424083298781932480501924433928, -649931661786385339555626999525006996642
278, -32942786214797241288091006441835462656.000000, 561148297467250799137783741805486890404, -535281613049466816447691792755049409478
283, -5169832453479442227828429713508925440.000000, 594770812540257590878712699861870489334, -537770284792047577379016202621879455192
288, -19082838842238593125271396296219951104.000000, 501772799056141368706472784674500049194, -647974844773648838474283742511933093918
293, -2547511770721851145330821003292442624.000000, 481196216571112262856014118033761797075, -549517977380823923251549251576130427320
298, -14659916577200679117980691096963907584.000000, 587420585208452622290823455056876140572, -574120304799235297614455090268532172904
303, 32442926165590832531950730963520061440.000000, 561165804996143932776696548757997037008, -539698485714777590993328313653073278323
308, 65867194686071466424142313860204855296.000000, 594297535612820558138093518442999941714, -523196652008516676573085261062001742798
313, 66223052144292601389880988922412007424.000000, 602864663126297573051350513232253616914, -422992507799016315296065789313535174204
318, 35216435321963395311525065742771814400.000000, 548485091984072915497279051833880169469, -462086467466535648261780066420388644815
323, 33314253529900406614925058932977172480.000000, 505064586170159045488519234322912811874, -411797163841384561754805583785204229692
334, 15093641132878884275717931874241216512.000000, 515279917436390732983380073511947619183, -511630919681924935039265742547267277964
345, -6584707667086027301360971052098781184.000000, 452473306795013332543315364973529399231, -492340813668643184130670057035872939863
355, -41321497235615862345165819516679094272.000000, 520005174284518401178890555660203950020, -587283654781293017797939376813030905982
365, -25013831687782470780795930467740155904.000000, 633379138150389507336302164991362092014, -621879715734559845364123802132637537624
375, -14439581238267327510583871706786430976.000000, 591531611103860550388825654596567717615, -656116923967526334255043144797058076270
385, -48171011387350409016537070684990341120.000000, 682601445307698278686894363764602491133, -1287772821084520515509248118736422538838
395, -89050251013502409810213802430229905408.000000, 634468024002862906401547021636745475419, -1447818342987633723095648863040559544703
405, -26891565517408547475125541925629722624.000000, 698480264319891672918146707959630984609, -1505543727445866830480697961043038710883
415, -114287127293159132307288039813579538432.000000, 716446866061333820183650834847641949628, -1438248145202638746973831027551451751523
425, -1242485136878101252187239604841086976.000000, 782172047598682067315749798313209817134, -1390730867464410322915605273183706135542
450, 129169415221076804125806019333672927232.000000, 1006898103700381838560701216733506859017, -1561774684880776293966908385479935594748
475, 153171315852876946524575119085722927104.000000, 1378549284674458610656303015966977460967, -1616235635308579878797091808849645102831
500, -219231142498378219670747579438805811200.000000, 956776959313962173019186870036100219367, -1204484667916365291684015056160306271225
525, -227146358135000852697804998352209707008.000000, 1389765436423532859469703723704648450160, -1081153548304823200217119608156380695437
550, 27778137168018941652202829111300718592.000000, 1299594000869767948273543257072552266895, -1110066815595042376354252953758147167570
575, 88990451694139432288620489586908332032.000000, 1342999545410614333786451884399322373322, -1364903073379773378293565121320265818990
600, 0.000000, 0, 0
122, 0.000000, 0, 0
123, 0.000000, 0, 0
124, 0.000000, 0, 0
125, 0.000000, 0, 0
126, 0.000000, 0, 0
127, 0.000000, 0, 0
128, 0.000000, 0, 0
129, 0.000000, 0, 0
130, 0.000000, 0, 0
131, 0.000000, 0, 0
132, 0.000000, 0, 0
133, 2132148467015644813983744.000000, 4835703278458516698824704, -571406344427227070857216
134, -80120850339987118106869760.000000, 4835703278458516698824704, -319911995015521245356621824
135, -63248543251666304487129088.000000, 4835703278458516698824704, -319911995015521245356621824
136, -253375740218481099025678336.000000, 75557863725914323419136, -1237940039285380274899124224
137, -4353628366665573570969600.000000, 2873560004826179112534016, -19342813113834066795298816
138, -116965855918379305751208263680.000000, 5006889063462541337821184, -1403575493555235078808470028288
139, -3219223141608009885715216111501312.000000, 19287000644964651175929446400, -80480601307289828242222693102911488
140, -2083749365538268764574061330169856.000000, 1298074214633706907132624082305024, -80480601307289828242222693102911488
141, -7481627235459226974868691002327040.000000, 1298074214633706907132624082305024, -332306998946228968225951765070086144
142, -9415177828366208915286645589147648.000000, 1298074214633706907132624082305024, -332306998946228968225952039947993088
143, -46520989226925642750685853253632.000000, 1298074214633706907132624082305024, -5192296858534827645981944885280768
144, -5121324888763530749975827228655616.000000, 1298074214633706907132624082305024, -332306998946228968225951765070086144
145, -4918866595007531798998002482282496.000000, 1348319687054772671563479130308608, -332306998946228968225951765070086144
146, -1417465804581693255749764646961152.000000, 1329227995789522541407846399186305024, -332306998946228968225951765070086144
147, 130172929644160416589277892182016.000000, 1329227995789522541407846399186305024, -332306998946228968225951765070086144
148, -198426323144901152521722520664014848.000000, 1394509784214048633631868772570628096, -74353691014218731640842686010769801216
149, -30080865784066088628950690498084864.000000, 1329227996945487020917092502820880384, -11465261403079637394187332876742164480
150, -22819131367320172220580560916971520.000000, 1329227996922459581354999395347595264, -11465261403079637394187332876742164480
151, -22564736754112438038601783125737472.000000, 1329227996922459581354999395347595264, -11464591132824766718107464277036105728
152, -25655669120724565274584356462002176.000000, 1329227998221159953588140982073819136, -11465261403079599615471642701694238720
153, -392473602526238884663138631441973248.000000, 87209818035951569311703520062688198656, -85070591730234615875103052691815792640
154, -306277266550816750304292839884849152.000000, 5005374171627573813150811378438635520, -74353691014223756164693430693265408000
155, -62873125073870686727171233862909952.000000, 85069921790860281664882964828853895168, -74353691014223756164693430693265408000
156, 339992358551262561383902406353354752.000000, 87729819515502845193110729108211367936, -85071098795435521269145072826146095104
157, -481626579127545448504907963075395584.000000, 120974738139898963198306484738677276672, -85070591730234766967551116571070955520
158, -858075812491143310789274335377883136.000000, 120980516813694576991019269241894862848, -85070591707332724548763483955066568704
159, -519782845846473367534007171084713984.000000, 120974738146182041249043301019573813248, -85070774276875199401580265809102766080
160, -887479890154362924701473153583415296.000000, 87957508783617611390047085903178366912, -85070429475911930011138703707093598208
161, -282661639862672734548676605464543232.000000, 120980516813363331338639690522941456384, -85136793515236102208630015188659077120
162, 481685075180546972935441777686478848.000000, 340282366913196188460758798870813589632, -85136793515055848299819887152646324224
163, -241986347311405455670905256626094080.000000, 340282366945563414759033872395488231552, -131759796181332113292329467869145432064
164, -1021889771135613464761439812512120832.000000, 340282366922790436043373241307072741504, -170152866129716410206568015387540193280
165, -389855225108254182310353230991720448.000000, 121956668613445730084077481213407264896, -85070591730889092085011762440057127936
166, -599558074554460767450702299445329920.000000, 121956668611642101844140795734541140096, -85107547365613094086093831313931369728
167, -1316489486759499571316176197913673728.000000, 121956675882090591304060333295785427072, -85107267406188380420733801867997347072
168, -1172914123134716937744828140772917248.000000, 340282447837649629701635980467666862144, -172373850907435267508403926987545968640
169, -1568741777475508203670069682013995008.000000, 121956662621234904412451761803489001600, -90741174444358603663288951879490404352
170, -550442473332246136222613477240340480.000000, 340739455114617411505048495456295649280, -170545514511316769352003112762848383424
171, -3967594591206453802995406263407345664.000000, 125666438208248848425822706156281118720, -232606490609526214180515590627410329600
172, -2025919646800748291191787074193719296.000000, 400880625037820296457266493582423933184, -297754239298676440883216021447069679616
173, -267892878075640213581179522524381184.000000, 340313813387039641538805964283292925952, -297721180984951718311785003402796220416
174, -420963637876231931451232783456796672.000000, 393700476911342303014487336105759417856, -245937507317832436941931461036451332096
175, 849851018590910664794686160925360128.000000, 402039838442065962151724150320128229376, -298572935230053558351877609432859181120
176, 730081115865050730651376130482765824.000000, 390159865645279987471087682025157918720, -245906893080402429860169318298114409984
177, 430525230195508160066664653937180672.000000, 340442112893049605772640292027921645696, -245885478870801656034818447881682731008
178, 1421495581351089630847967116954435584.000000, 340932905265235803507475306536136024000, -245935597783339424645595224947405630976
179, -596745779542380771080894142738333696.000000, 341560966081819626170553049344784347136, -276099557815599419808562186580769195136
180, -463030278832683639511307745685929984.000000, 341684914335676980894493439908091395040, -285575985395245075240597666945884585984
181, 2151102988229998603256491284803616768.000000, 345757947400759331253299470129086531584, -276441611464831672583201667199364188560
182, 1353803381006968187245834011462860800.000000, 340453969781540067525997182018889234752, -279101035769234089761043779421239723856
183, 4890411706886045301323072251564654592.000000, 354305158828067046688841076557001980896, -277878488610569564141854044227012077120
184, -874792967055814066065038917538676736.000000, 416045067488847235476529301538768703872, -312932452764351780488338652565959043776
185, 657821562273327446101620419805052928.000000, 417889065078118284825278698744071682944, -280632192914324065207470098925159299712
186, -1364807623906592807513922920524021760.000000, 416043036133065928863832083245270152448, -289987482836922913419414673873805813760
187, -1373446433630881073904069338571210752.000000, 416031472975863467505360550505324655936, -352794930603131051120150831216546380976
188, 1625603993695748299165453849458638848.000000, 347507787630641935178102948476414790864, -341900153938077648801983636299535903072
189, 2931293394878915017899011845677645824.000000, 358199675531257449587285986563670383488, -341804867530544146522842712948808423584
190, 953106415304876966515183718531858432.000000, 425829470745397226805180070205480254672, -369058174939193274398695468726112108608
191, 1741461210683221893196233919573262336.000000, 342761783777298001467460962019144618048, -340396907018436019778979934043383564480
192, 5210868859578193930830298972044656640.000000, 512759050024932085604778781554236435520, -280161408635510055544112140585166785856
193, 6518378561783246811015529444004593664.000000, 352823321547162562521963423147390928512, -273948066202914987199785967023944772032
194, 5773323361823258465927509930399498240.000000, 436834249422593120459387850445180794960, -339517270670394390767606747669962984832
195, 2625068361042391041383416612157128704.000000, 406230551355442938081875286149682923152, -356400245866695929191856481064696926736
196, 7864707565869860076795918617996689408.000000, 423055910130716623113252851439213597344, -279264573017533004696233119474116429680
197, 3121208675837124875653307088490201088.000000, 335372627885969547714770758765673645648, -405932543031530809720011264129631064976
198, 6891099519698406791238004610474967040.000000, 424744563754630833944992017554986767584, -279713825714601237222871020804752756592
199, 6777681385740715851409588736812384256.000000, 433245594972112524643819858280477864000, -286519785752504545052040448309940502560
200, 7902524213666546329713156505393430528.000000, 424806874823931781494380603057600255504, -348270373668453974831395615196168623392
201, -2316021409583650138999119176487927808.000000, 324171419203898639628641216770168901424, -510351665465208144346389923837047322816
202, 2314649109374322185205293053445668864.000000, 349757862633438103295014618760214801920, -506482300375678910397101518901665233088
203, 5552026090727525009262499593367584768.000000, 382562568288147606230357041856984857760, -431535499616551372698172605984675223696
204, 2186741578187164513226668390593069056.000000, 420330542289012391985195467937090858192, -430389715048023016849946249959714847872
205, 5369986417405837500747664685973635072.000000, 444844544592485821121302903018018005632, -507671328715082256639683189559481977728
206, 6193168502469376967357542871190208512.000000, 423570967155956112890740066535752565376, -545393363872416386658235630800166781824
207, 2284164583768463993242786897971904512.000000, 426060851999144355226605683640759654848, -524433081401445050959566364800427885776
208, 2853756316396317581637174985557540864.000000, 354748870737089737924305739031986565888, -503311047108093694473405744972077978496
209, 9777792865436587272418874650842365952.000000, 426382559885899769554094310901810493744, -524089899079467902961223047184692368256
210, 10131336533094029321646806470045466624.000000, 424414865769895345680586477775490005488, -524090667916626859800307583287781217152
211, 9898411549297537049377415642220593152.000000, 473784490130041384228624082333374713520, -524082571704415599009928708639643833216
212, 9548397062909948872795175121275846656.000000, 367277699189397414792868389778002983360, -500276086315448045677267406310812229488
213, 14128896509793658388707557924908564480.000000, 398252942737580795404030311727918435784, -524308787603969313976804566631951346560
214, 14361171683203271161001269028278239232.000000, 393860168443922235059773260536792826416, -532411083082606276883268839332722434944
215, 15690332620773292180383852996967006208.000000, 393379519005723634262893745649233831456, -442305192472150284734557809343341839104
216, 18188483281181836406721194541430341632.000000, 375102683928673999343809873715850087232, -553360057744546812576942861985672268752
217, 16759109811682032118646748200835219456.000000, 383715198173895528981921425093286138888, -558275093809375683238690745946675756176
218, 21651864097069701845557533448056340480.000000, 511797103447451730971132845123408808576, -513456678366504114460205619395301927360
219, 12674702947655232993930999467679416320.000000, 468506510282494247340075063728020873456, -474733879312468219559425018572962127452
220, 16228568085512333244884813569232732160.000000, 532113826793290415422911909540681575920, -517801081788621715324874164154014054976
221, 22784748310590939479748874299733180416.000000, 602819525697186849021376916154830389888, -511572457930445395257370364537331148176
222, 21521704428456589028661799501156057088.000000, 474394104522590746758278279864142596272, -463400867943797947047268822698245961456
223, 15368080554989743396648317646310211584.000000, 479723769107670212099052377171423686704, -625210046407979424370021974335792638856
228, 10829783963648852334438668832765640704.000000, 536033982183538864105631121495073765136, -465428626911622056698567453827977078212
233, 1848299619216623022496622435341697024.000000, 400299724313327080661258286968347516120, -505575857605114029911468438862110190224
238, 26501632683236839691418442820231364608.000000, 569885192399335182887845535769085648688, -521474688556965479534450581975318552328
243, 14703246738663651260489429925545115648.000000, 599028887632727791442514740466546022800, -600585478058260246605453631946774156208
248, -30159043300832590945983653554115575808.000000, 571879683913344633226879124582809467284, -563831364912720348966106631585782662952
253, -32662567759486453534517041746568806400.000000, 544973547067174067002040042302550012916, -617520374525563444805039354997207418564
258, -52788422330427019744357832923472199680.000000, 541850126771308606636764469462765504584, -535303954376762941989430087931737611264
263, -61120148012794281113648766511787016192.000000, 593072934022218190112628303670170793652, -610174860142341344752715530224125642910
268, -57972045371664478129800005415879049216.000000, 562303108538848525042317704939159029720, -603732652633418724099310743985117487744
273, -48024119312121475453622389092997136384.000000, 497903117233860643186962458549707719588, -584924290075963993210922386562831311420
278, -33989495600390193256626082558163025920.000000, 610604853892351136462123126492107857300, -536263035573603688205301979314570643252
283, 4489535058980912004881001187916120064.000000, 472112340841806246163863781738843276704, -537238871682933317371440793859122654680
288, -20822849366477805196562312425073803264.000000, 562080276121458012617363833817929158551, -473308289087601260219186295699834472892
293, -9827104347602000695664822873231458304.000000, 559276750102663903814726704188630008787, -463854403164696159654031953992060873618
298, -10858728773601954813951378842569408512.000000, 580185491679245022460956233678733572124, -567914829857693739565461658247911749912
303, 27301657637535012207320419318722723840.000000, 602482031350693017911677073659973815994, -513304188343954727631762950234345805320
308, 58226618307508578201266560826142097408.000000, 566954744237363709183004007541440772418, -526552464903501779197016689332475077550
313, 57858071587978370311654269063144669184.000000, 537855563280373671721185306398986517709, -433344561549463611025889974458484354620
318, 59888501993764903263782579871177244672.000000, 586294361010054314971828997925036694356, -453549808354773931371383222137323428760
323, 31507697143332921538869516728864342016.000000, 584980731979556284772068602928580539234, -489090624602016184590318653672849873580
334, 13563241967091111237380272717930954752.000000, 481242947822073979900718570496252673727, -543962353787304712277611879463777784508
345, -6454462695687581026270055201308147712.000000, 579578305033678038411647300626275035237, -492164455341820956162792404704087201111
355, -61455923004777978184275090761897213952.000000, 407034030125209332154404782099486724891, -602716335352931490025813706563828723694
365, -39494280197953852619620710204567453696.000000, 532943886409521195882968421893005860907, -631803380294112561810867785991340265358
375, -22533374954800688654488121903086043136.000000, 491713475764733127095291388965686867517, -636781731925621161973552426097118748359
385, -65846846243959458018085112250644824064.000000, 455147568752441011881085809064021491420, -1189872183500067737427423787171422106233
395, -125114441757988838937807634970137591808.000000, 770333402958923893997811355837881794703, -1525689680845316276764324427698952141581
405, -38718817019085402475757824657984585728.000000, 710910688173591246565438475936188241219, -1308001052896882914475569098381273261797
415, -54226313216265678698184782972100542464.000000, 670619129213008522065643111566257400745, -1467145802270509828598907611564929773495
425, -12749674243709863055437822987276910592.000000, 481787483322968069638106611418641368896, -1379615120498849298122896247537902781457
450, 146111398787190304826089156225313800192.000000, 722174132562366049781085188364982949412, -1404981447359538920384671312886960719755
475, 114975517020777713664378326161744199680.000000, 1231281718297715749411454083646080593336, -1566752585249190645698318420551127516481
500, -230912960560729078504352929667488940032.000000, 1051264255313108003185336807905729051788, -1341941691039572615446811147328577689961
525, -201392337511177057301816655217596301312.000000, 1282976843431811961590565839833613413737, -1069527656964909173797524530640271782945
550, 89840222912528346847611307094223880192.000000, 1322859897584024266126166023966956071412, -1418236182093976247200185484580821703782
575, 73270731911956388198209405303247601664.000000, 1323325107280712336311579731908084013114, -1430911207851408397159640607949076119725
600, 0.000000, 0, 0
122, 0.000000, 0, 0
123, 0.000000, 0, 0
124, 0.000000, 0, 0
125, 0.000000, 0, 0
126, 0.000000, 0, 0
127, 0.000000, 0, 0
128, 0.000000, 0, 0
129, 0.000000, 0, 0
130, 0.000000, 0, 0
131, 0.000000, 0, 0
132, 0.000000, 0, 0
133, -2380072707366301187702784.000000, 75557863725914323419136, -4835703278458516698824704
134, -80120850339987118106869760.000000, 4835703278458516698824704, -319911995015521245356621824
135, 795958805993081137952456704.000000, 5091995552216818083862413312, -319911995015521245356621824
136, -3198616231063706537033728.000000, 75557863725914323419136, -4835703278458516698824704
137, -5002875051952102568886272.000000, 3943176013196153753436160, -19342813113834066795298816
138, -3774857379271014409568256.000000, 2873560004826179112534016, -19342813113834066795298816
139, -19547552028606373992875773885677568.000000, 19287000644964651175929446400, -332306998946228968225951765070086144
140, -10384636634784912484251776359333888.000000, 19287000644964651175929446400, -332306998946228968225951765070086144
141, -7620175875161198325557879526916096.000000, 1298074214633706907132624082305024, -332306998946228968225951765070086144
142, -8854735294060386048342463688474624.000000, 1298074214633706907132624082305024, -332306998946228968225951765070086144
143, -48561425410852213863033157451776.000000, 1298074214633706907132624082305024, -5192296858534827645981944885280768
144, -4943630945264198503171580464463872.000000, 1298074292004959362468891263500288, -332306998946228968225951765070086144
145, 3046662173106302014523273480503296.000000, 1394509784214048629020182754143240192, -332306998946228968225951765070086144
146, -5340585134851248007678247709966336.000000, 1811611903138051521839043031597056, -332306998946228968225951765070086144
147, -412000929265693596720921191645184.000000, 1329227995789522541407846399186305024, -332306998946228968225951765070086144
148, 230789869812193121932038945495842816.000000, 85071495765415795310032257162546249728, -332306998946229184975194631157317632
149, -365470028246813769332075174326960128.000000, 1394509784214048633631868772570628096, -85070591730234615865843651857942052864
150, -342646643831079887490059640288313344.000000, 1394509784214048629020183303899054080, -85070591730234615865843088907988631552
151, -23107690682805742169113739424432128.000000, 1329227996922459581354999395347595264, -11464591132824766718107464277036105728
152, -317126513953307180179992310787866624.000000, 87209818035950964848793712748100845568, -85070591730234615875066742419820118016
153, -593202121193819910460181261091602432.000000, 87209818035950964848793712748100845568, -85070591730234615877337401056944979968
154, -384295318692885738663044121939148800.000000, 87209818035951569311703520062688198656, -85070591730234615872797209682602098688
155, 83932514452263034274784392526168064.000000, 87209818035950964848793712745953361920, -74353691014223680680616681073780195328
156, -985150859474971435086415158979854336.000000, 87209818035951569330139040320079265792, -85070591730234766967555901645675036672
157, -179551790101048764336883613185343488.000000, 120974738139994166106601418261182545920, -85070591720331095533109043127040409600
158, -763430843782514521918462057722675200.000000, 87957508783541440799062853660399370176, -85071098795427751839496172814656077824
159, -375970312475227642541661900041617408.000000, 87957508783541245982998691213823705024, -85070429475911937316049354697053831168
160, -22881390362032689714052457593569280.000000, 120980516813363018481704799832985829376, -85136694126873548655250358696372338688
161, -621873790076983610326695189757820928.000000, 120974737998946984459595443648870875136, -85070596945606487888039883854251032704
162, 464804880370675193253287018765484032.000000, 340282366913118973009493177852835643520, -85136793515078062311322960399503982592
163, -91041595819342853659764358687752192.000000, 121956668613525787777115111289339117632, -85070601949922173848448020493792378880
164, 366829360333044526527834016805027840.000000, 402033993448574451117363008007294599168, -131718257727280063568774081378902974528
165, -308649454867843486581466468710350848.000000, 121956668611641971685065263752550547584, -85085414415847762245988029506210498560
166, -1652649777181363703555667687834124288.000000, 121956668612879908633375407632601841792, -90512117017449542808671272861357178880
167, -458912710355016780302356241702715392.000000, 340282448048719546805050839061650145280, -172373789991092594333866998718177673216
168, -435183311994040325922575910153748480.000000, 340282723409100800872761509495047061504, -172373830627674410924461996280307908608
169, -1494817084172414439328572932572053504.000000, 121956662690097218774994766077131177984, -121504186982642246620063534945171955712
170, -365356516762084286913317331240222720.000000, 340531953657850213875961616352999702528, -170676020512163256995738418833617260736
171, -2399034444295484975248635189362950144.000000, 340281782222178034346003401051601944832, -232622067500046303714183924426047766528
172, 510930571600310262077289979988410368.000000, 340738920856965780063436644591735865344, -170193116621309543035897104129289556160
173, -1352470384727815460741283239392444416.000000, 340282364314910112262974913216690915456, -172697664440610963657695531495631878912
174, 1440748091346171121084656232511307776.000000, 393700485923424987892084816893937585664, -170141486928837902267075785032493698048
175, 768088628873003037086197786179796992.000000, 340282445022567203411684578736931456896, -179432180024773263657257983073572651008
176, 1800563229843661453391851347792363520.000000, 393700452415173941634523904421413651968, -245937027550227181867093590058198384128
177, 2600632601073713308290971613242851328.000000, 372432828807772345693095358788668130944, -245937028302492955399394759893490470400
178, 1693444664650348834171115897278693376.000000, 340731017936300144735050548035586873984, -276452634003829336838341656574830658944
179, 603151795100094974813746495320227840.000000, 341643024557699624233083064678806425600, -245865859842663615471265268176845035520
180, 1869088132919441803070746567496433664.000000, 344222771032654874274938628110646774272, -277948658262632313170241349766989704000
181, 3595525881144912594876807902419484672.000000, 340682347695460838655514607418308814848, -274595259168221162866195209217336003984
182, 2077824436334392717920708995762356224.000000, 417863607747342424283970504979909311936, -279102011840500673856993811250071730000
183, -62061306182767083285249530120896512.000000, 357531464704464114313709749981866432960, -277107872712792357479485660044757991312
184, 578596190330674991577712134656622592.000000, 417866170065202921019794119132473973632, -309722676358139747288765345276094539200
185, 455762779712805693949366926527430656.000000, 416045068710346374480274018605928398208, -276459160027883763315739674012847532880
186, -1061231294602441269563371941747752960.000000, 418332251574827300862201013394037703552, -280630571470362371421589346256703821440
187, 782929351567952262227324986244202496.000000, 416032304683831276836800650360770640192, -338415459957393296917029831065560581888
188, -1139575244995273340652987971226566656.000000, 341094820337117450313689321301966970752, -350771414471939904474295264348290319216
189, 4169246431514400960847741628784312320.000000, 436405733635525660864890102410274643216, -341363166041094613052541868289272371360
190, 4546076323664977520008466909754294272.000000, 435749457419870316066948510299408442576, -364327182901802586164101779729841074592
191, 1524380804232559497611157239184228352.000000, 342955971709681622054646539880687417856, -362557962906306937660991318770825841728
192, 1825302750600673378080424370915770368.000000, 436194333687927811536242945560757962944, -330653349040674119688142116806693313600
193, 2202868840113863312374792728384372736.000000, 342766380468196985250233542706106567584, -362557140390522393199933184492190104128
194, 8305210459338012225109544680221048832.000000, 387221705002676603678612809129057346048, -180238297690447433123286203566829962656
195, 9250069008510890090241435341403717632.000000, 380168599926267294824107152034912505136, -288673561433329327451703140636158536304
196, 3096722305716355408375742165751431168.000000, 423661272149458920480878610471138996128, -340179680027974415694404898465535052144
197, 4159191161331313334879613586834980864.000000, 428456019630922026975483152705351299072, -357558412050311116198108185826007691184
198, 2580757467319613307801493476808327168.000000, 375093238235838544772039811348705788096, -405841158131714617146233781948910350992
199, 5524739543349323648991540088741560320.000000, 455439934780047950032635124727170573440, -339608677115284836246203022930706778048
200, 5131456218476800222656625561896484864.000000, 406219840473110049297112235420357736208, -372693801887876545547367108099079382560
201, 7921170383205459522382542656770146304.000000, 382568875961839824273781332742757430720, -430906706340385414912304034226920231168
202, 8592693807691039025420452316900753408.000000, 424376182924751604052253874686239226768, -425761393670660043722889472855699951744
203, 4486731151260143658763890441981001728.000000, 423360123537337112558393794986157048784, -508108754918676440835256627766812867712
204, 5596840684602930228396526128336994304.000000, 479871681006885335263480098294439625344, -431417875916843842193841475297335767424
205, 3964524044270628225394710694565249024.000000, 445312367633635630873071919215094948480, -428536191359536291720205549128455735168
206, 2601914893918399623066412557631750144.000000, 538302304879301974385903655483541617088, -509603998981831073027599711909274503040
207, 4922882391360739877670295087456714752.000000, 428854836627877304555040087213099876736, -506272539678829998430226672969092682624
208, 8128034869999099310832451535832612864.000000, 398198999612651641924248428832675660432, -330633659836783093789342032594487722368
209, 2747042804448750189399052130183020544.000000, 393465037260445611852983307138775675440, -505617940130304603410282912655902692224
210, 7940104470772527979179826106465255424.000000, 424710631395907912154591877156750001200, -524058171893860758064652706542598049664
211, 12075688562183150006977663801713754112.000000, 469009208638295863620285552385503810784, -524060504075904137564536521522231283584
212, 10381979224728324721176763219654475776.000000, 408770464504792387977770133096532183488, -499878837548675743493399243778812826032
213, 11715400083670265764056043999197134848.000000, 388203508131545428994922684324614027248, -501360577348538327073435835848304942896
214, 14381285472491735587833056367342518272.000000, 393481411639599207367956873291937686832, -532439373238667169330733270010607170448
215, 12701795000022403171901623170590834688.000000, 519354747242740861027639391938226911808, -511653618241389153346480000294178893744
216, 10026804488432261913915726185180954624.000000, 521521259654356584462939981130389404224, -532678424327700641326531747957744166344
217, 20420760386744542664900488550315720704.000000, 384584361972817884835651059416862421496, -553339805776456013744132158782785046976
218, 9300327170246005374286944366655176704.000000, 447704991323428216389161457612544682544, -476764165985993476193344455894055489564
219, 17875693811039535635407971967540658176.000000, 402778249334858579446846000846882390656, -510806845722302688298715935696916093888
220, 21904134456924792065503798211662315520.000000, 457134760467247305234234938083202383904, -514720793535450784176887458500900141632
221, 17432662072217634911161926613978841088.000000, 364234504251280565004082845430811161368, -508481218533154500018808049095861426576
222, 17955645355161873411745559408017408000.000000, 468772470886716217215086325964181654784, -553042746303137870660041186638779931968
223, 10823478333539086986521160674258714624.000000, 394136023785838830559298438194564259680, -605183981785034793572007331756736404648
228, 10465703849128332622671898382725808128.000000, 404829513525350984279567190118670368192, -538353628972313620166962855981698022824
233, 4482392858407736147091673174853550080.000000, 456451541726064844080780547785961650212, -513478259378725022561013419164132662568
238, 23545851979494329938929824603482095616.000000, 607056867370365692680665486612789738856, -522546431780666078365548734945545773028
243, 14439161473676102874640492400092381184.000000, 515864230322548177411139257526314965376, -524843937091247472511869595158102069880
248, -17596292133604688394817624216866652160.000000, 594499420593752406069356337556933110160, -563623622351234963513286681969471342376
253, -45926980569014321079195753046150742016.000000, 499692116337550736720610859423200694264, -535053060491402017298780201661442559784
258, -51707534730398859426742592063311708160.000000, 533852621800736561051108226846917420104, -605870753760554752479634711263511448012
263, -41062447503454003987989447141876563968.000000, 593579935934753181016195798828993918644, -612273139898006836910598710959520387102
268, -53992426404599777224709097298795167744.000000, 428703391125869066139843238176973298082, -611513245473615472529117310061166379720
273, -54495817375920475456426421786737901568.000000, 434391506879654340421854770745652547560, -576552630609892899581429257804289517736
278, -33240194047809490205043005550311243776.000000, 610979089870610666830743035664107793828, -535652862425054677421133712548241451974
283, -1783942174206837730269446908143468544.000000, 429953836876563225668673867507592213890, -573822494300107951230446378747969539544
288, -21779265405776062950066286805517336576.000000, 429459878538582491544227727805767973520, -608470394067804140762122742760584343915
293, 1742942441707908731556234121818669056.000000, 595158203022600711442480598433176162604, -562250269644153466358525662411897029952
298, -20674620975623212535781048562002952192.000000, 541842232124132539432368655546867281616, -557712037956254326823812821837590810440
303, 41663688160032006374914962033205051392.000000, 578663768204702361911799440409134805172, -493864510916615374986517768650947867688
308, 65090789995741535227268973625417400320.000000, 540758523714867038480468334086802388268, -447520528950862523840204389384641777836
313, 64162823533528270441459957054274797568.000000, 530850380603951576892703106119759277717, -433555104868335988244055104693957029452
318, 64747681534407188333268562134423306240.000000, 576626233497646172061368685293919020184, -446107116891833271503270177389521800588
323, 36492615029216023664992813511685963776.000000, 458758525534273523134000372965655783045, -469631165887096974119486510291419264719
334, 10978138981978848025310177395350700032.000000, 552486782831266296425992202548709395247, -524920967004854853357528500476920028300
345, -7431949765063448771380111649959575552.000000, 525537937384037357738738587364707835774, -619565540717027807791823087667645318844
355, -32269125983633524849091352756037353472.000000, 470848498888782103943632475622171232780, -618092406847398714672888815776919613078
365, -38333350821397335667621555573893365760.000000, 438426609979781623193157210970490203474, -662446188364835770255181814609479870840
375, -25965474397020784430912777454257963008.000000, 539638090526921639154820128501819161554, -614445985435681725400214478981480354306
385, -72959252232460909716082065571309420544.000000, 489976760361399036010596749900577195528, -1353714705232555952635794182533949424585
395, -103160352498130025373520523078035046400.000000, 787001789615194499172402382465435860591, -1445528418298400891022047418559769157502
405, -37566736238623617832929202138207223808.000000, 854109868933039739299719509785584572351, -1473547214041409405647768041695611221621
415, -40752324073844568138385725153932738560.000000, 777620971932412876603221122110255518159, -1394775936640462439761821404025290517113
425, 1324620768102767925194442674324635648.000000, 574281759981906563818308310665421958663, -1429210310642491443919041952296484529327
450, 134063482537534449570855780268919226368.000000, 732428618186628848525134779215622977592, -1530905966769305028590921845302199505057
475, 12200013680656885220747831078985662464.000000, 1173390356932151806983925943693388998910, -1641073349372545284293517318945395908521
500, -217669807365398283830915462595482746880.000000, 1010872370608167235430989058444521038313, -1141366158686767801458369278043537199978
525, 58009386759048806253847444361370927104.000000, 1436308825852334887631808492483335974652, -921860530005770374487006590832711151777
550, -10920353195413914022945795259641102336.000000, 1196109164185988016621660917247305315024, -1307610464655503258660225013399487319640
575, 41154699012785024626431692924577120256.000000, 1416498327357381351542067074603350907850, -1458557205120697635511281907014321098681
600, 0.000000, 0, 0
121, 0.000000, 0, 0
122, 0.000000, 0, 0
123, 0.000000, 0, 0
124, 0.000000, 0, 0
125, 0.000000, 0, 0
126, 0.000000, 0, 0
127, 0.000000, 0, 0
128, 0.000000, 0, 0
129, 0.000000, 0, 0
130, 0.000000, 0, 0
131, 0.000000, 0, 0
132, 75557863725914323419136.000000, 75557863725914323419136, 0
133, -2380072707366301187702784.000000, 75557863725914323419136, -4835703278458516698824704
134, -80120850339987118106869760.000000, 4835703278458516698824704, -319911995015521245356621824
135, -2380072707366301187702784.000000, 75557863725914323419136, -4835703278458516698824704
136, 795958805993081137952456704.000000, 5091995552216818083862413312, -319911995015521245356621824
137, 953820748790121190987399168.000000, 5091995552216818083862413312, -319911995015521245356621824
138, -7316416113753790548326773239578624.000000, 19287000644964651175929446400, -80480601307289828242222693102911488
139, -16615419010338440732794403380264960.000000, 19287000644964651175929446400, -332306998946228968225951765070086144
140, -12102632184606819263236159790120960.000000, 1298074214633706907132624082305024, -332306998946228968225951765070086144
141, -6923151576341716609640226967519232.000000, 19749012189224582198000091136, -332306998946228968225951765070086144
142, -4517793894663828119695846071599104.000000, 19807040628566084398385987584, -332306998946228968225951765070086144
143, -6712586269769744200779226498990080.000000, 1298074214633706907132624082305024, -332306998946228968225951765070086144
144, -5224448265609552479114583240343552.000000, 1298074214633706907132624082305024, -332306998946228968225951765070086144
145, 1996722491131675211284454825787392.000000, 1394509784214048629020182754143240192, -332306998946228968225951765070086144
146, 1312837156265605013474658092056576.000000, 1394509784214048629020182754143240192, -332306998946228968225951765070086144
147, -4076478838448620492890549092614144.000000, 3599368280697680379242867295518720, -332306998946228963614265334325837824
148, -30761905572525221288728827718008832.000000, 1329227996945487020917092502820880384, -11465261403079637394187332876742164480
149, -29608217654092320934660916534837248.000000, 1329227996945487020917092502820880384, -11465261403079637394187332876742164480
150, -342954296789461300070895453124689920.000000, 1394509784214048631326026313112748032, -85070591730234615865843651857942052864
151, -24078062158372944174292685677395968.000000, 1329227996922459581354999395347595264, -11464591132824766718107464277036105728
152, -314708340434755876231355747356639232.000000, 87209818035950964848793712748100845568, -85070591730234615875103052691815792640
153, -406522043672058448224031277479624704.000000, 87209818035950964848793712748100845568, -85070591730234615872797491157578809344
154, -206955630216533235175133310019960832.000000, 49409896905819837564681384596193804288, -74353691014217660770173681097215311872
155, -402533563022720240700321044837171200.000000, 87209818035951569330150264136950349824, -85070591730234766958548702391470915584
156, -275002424640741250492643107829448704.000000, 120974738139375203170508170953204170752, -85070591730234766967772074428325691392
157, -751403572646214984479132228226383872.000000, 120974738138678854814878716117611708416, -85136793515254830506696090926738046976
158, -597125806270833382351160912694476800.000000, 87957508783557727042019121201017520064, -85070595533186416508418661011631374848
159, -776008429438012956388621904758439936.000000, 120972791034567411195249586189085704192, -85136793515257852820101353863628455936
160, -792624655527178279105979382103015424.000000, 120974738140301750412344802030558904320, -85070596945606607707713027164168782336
161, -81806628488075265669029718453649408.000000, 120974738145801044171073039598643576832, -85070419321012416361146148983871569920
162, -935625346212442734198932150065037312.000000, 116972064576572162926392522608450993664, -110936170727580641354335018968140939264
163, -181803413341027430357556490680664064.000000, 121957946574928256120476397912211062848, -83741323169653708667723030140928657408
164, -459911787075375004988104664946835456.000000, 121956668613439519589025020504213815424, -90553657686589089813127485233833050112
165, -375429421306162289535614522075643904.000000, 121956668619086377257629319774831378560, -85085414415847840413843113516606425088
166, -1294315775022388160481233403287437312.000000, 121956668612911472903695627030345810048, -85086173580466776936447485738182245632
167, -1241368411177123128043982456065359872.000000, 340282448050497053222815283676604186624, -172373830586708545915745848459237720064
168, -588783654883145285640618624973537280.000000, 340282447837648477208495052966123978752, -172373830649033508269238384827645755392
169, -3143270468300730991669063442185060352.000000, 121956667660898512293370501071716040832, -232620022967651765031386149472903823360
170, -2401833900610241049677875276188483584.000000, 340281680810139492130196067791707814912, -232622067498160285642886738757577392128
171, 697313924614612668110820632644550656.000000, 340736639001054459231485709646708015104, -170359565372180355993026070641523233216
172, -2039325375972466883769950222969470976.000000, 400886169765754570642444664283149943040, -232622067499929794824580466075716583424
173, -802482206194804902752343141279334400.000000, 340282363855805995581154416635879606144, -297736757877084910938464276889240567808
174, 1461267786612651805614812188408545280.000000, 404054153177646022604246624000282772096, -170229099108941333456515701054041364672
175, 2255394746757354706731013779818020864.000000, 393700486081535891900164646946508785152, -170151527035943653992391709686979640320
176, 2404045836709558451908683804511830016.000000, 393700476388148155696085442433076905600, -245937027579501934849591607166397853184
177, 3354249171250097546006625937048731648.000000, 372432829075369895242987213786268276352, -245935440291988664285625056441231093248
178, 90849901280993181868425960002420736.000000, 422653896230418241018812091175634509824, -276100418252973658923672863309292282048
179, 1776286516083534335857974517927247872.000000, 340932760646253037485159097357609067712, -276434953888888611316725215820683692432
180, 673957940165175053454216788673822720.000000, 417866042672384271588171696381294738880, -276440999009305188338687489076024823440
181, 1050448260152762866813754482226102272.000000, 450950830695030722228344641285232181888, -277871154738704219199254831506959887168
182, 831929932731313887162573558292414464.000000, 422622734361050073828662592235649666816, -278493980356547042947454265460338142016
183, 207154993260561492626500099915120640.000000, 341289944002737792259886498412904040448, -276453481536166301150690538766466498976
184, 1071481656721107716711206480336912384.000000, 341144601476448619447747275472301491904, -277870573496780739581118915469997935424
185, 3892512419890556242783523061834448896.000000, 339894312123498498960977347741539673920, -278400444980322583712045853465818957632
186, -1830639871057022366425386555893874688.000000, 416043036638732127900502565113740213504, -312941899958552853353354964722187642384
187, 2314457355100591157806222589890134016.000000, 340121801717855794503890144050457317376, -278034615464367138828479402975330535232
188, 2322519446883929790235944416224215040.000000, 340281620488382315163196318845566327488, -361139023828012222432066604121474984096
189, 835696809571957704459323487239012352.000000, 340794845652885100072130024067416406528, -361161592583159096416473518396842517696
190, -2059128798451306993101515244754173952.000000, 339815330487253541268219003232643841856, -349580014164905421957001890253283397040
191, 2625294300739253025972168392219557888.000000, 440734157039535212027450228190317379792, -332896439147278683043427353215520640064
192, 4454323816374816814741658202554761216.000000, 436193852523543237897597211453791474880, -340481916084433935039850569852755900992
193, 3305351171386965631664405235978207232.000000, 338789497109465595747488390887380838096, -338113166156911198814475765823949036336
194, 2164085786892349183461382044084338688.000000, 436751956586904757157445300791957968704, -356429429748336494357426216202059205424
195, 3681624110921085269509187873296875520.000000, 457643630102537235711147198370965418880, -339611572111010262732610535753034341632
196, 8057428580876826482954069127192379392.000000, 425151889897247781117004507678715277536, -356421148670568804353937115663143291200
197, 6434798228442657766735951041491107840.000000, 423429870607574378218068397830104673472, -359719001316671436730694170623728549424
198, 4592043069203065946955803602446188544.000000, 423775523432626847624387458587591945152, -358882836549870775904961420573376544304
199, 8169677589258296252521969138677055488.000000, 425073605656978913003375496821562414096, -279265911951289281917610595913124537888
200, 9810599766878996210780293983509676032.000000, 364238943917007587842094676237973072272, -372714282813134924793086999271238162688
201, -1205912541358558018222845132124717056.000000, 394312489626947073144074225323936427584, -506482169055392157832262445617602548928
202, -1376806666366750073904042227863126016.000000, 400678604634817399799036370682777790976, -510369898635972930360871984792175971648
203, 5594750167533772609430276989389897728.000000, 517378453083709314904036453827130638464, -524051735477808966542809187854534710144
204, 4175167423395124450293201454678147072.000000, 445895823706849595453669574288212198016, -512322989584577479035324092170729425280
205, 6203038720660569712268918036583415808.000000, 408750881098027464259358843186136971008, -501165723520572817275085981943271135440
206, 1940732670134529045590735892504379392.000000, 419000638215491197391023104849047060352, -501196418899472057808431901420201137360
207, 4033994622580645377986639550629281792.000000, 437337165600177821818462342714433700224, -503307544209089498749468658555306163840
208, 5378121729536682143520101694988877824.000000, 343580453666208052385764255008400889456, -505953995385417317059170816550992794496
209, 1367288144169683828524738582245539840.000000, 423623417264324046579741938547439557312, -524080250388291076146991173558528970880
210, 4949285387064566625321112731251638272.000000, 402619626564316034255058810881456242120, -524082899199558386985408009183050749824
211, 8915050412481501333258959809809481728.000000, 403964829524554226892688862428230961152, -457674097037944840746767793017663880320
212, 12422030167775725867269838172424503296.000000, 468894116916226511646337499827797852400, -523417953001139441172671520250328294272
213, 9722026663290278510375358688493830144.000000, 421827668802077476199474453632091036224, -516473487504669088039242977654698090352
214, 16169644475030799395085915274029826048.000000, 467448272373341962893618624539397306384, -487542880234316117209340757783694402432
215, 15641986691485078065863188422173130752.000000, 465187149238048672110557874583571920976, -443083785921971016317738752729273052928
216, 19835117122891075676409208191408144384.000000, 391863211788622545044367665708462387744, -553373205222519702039632091392112757200
217, 20546336179643155891201719087604432896.000000, 546666406562513048443445775288053082432, -553304087792177784746481472041886853072
218, 18063523925264807604982576475413676032.000000, 509404251714645065407049453246159571584, -513555664599239676256652646332429343616
219, 18502261321563061551601964635069087744.000000, 430580482708896028413619791094239758080, -552876574086279227121762965957657279232
220, 16617865912311882083032090081696415744.000000, 466445014346535523730143261073898758256, -519080422314508782839712377834403213888
221, 18278681400214873958383956057793757184.000000, 481869883057377925911450398388040626864, -431983721524401127554466740770954930336
222, 11471642040630728310261563822931181568.000000, 513330258498770798678189825793085588988, -552830445398789914873413458982174808520
227, 5672721754867469085942123542238724096.000000, 442442363104172151955445408819919941648, -539316379987852676436998179826149735832
232, -573286510444282468401696728420450304.000000, 441094434939982703332659628262156643136, -542105728002163282862621244420595071956
237, 22692265642661166936689205374051418112.000000, 581514828984528932412180604476667952744, -466148042489088506384085972270391661272
242, 11204098208492414199592633298891833344.000000, 463055693438076852371236068873312276296, -532629288638463517749916679460322515928
247, 7575129474449812642483869069455917056.000000, 444152795229084344734483218439918698188, -538009707749548008486727048770042932124
252, -42739015128475371999175078082642968576.000000, 487618656124708316288601069598334841860, -558167279306001077346572310329305227976
257, -40299327920032800383749586439743995904.000000, 543911403629304024400163461097469373872, -540562627466647906387177268380294604922
262, -53436589825826712604412298716344483840.000000, 600746615319040411707189346224244192948, -543796546793734815618850922720318526536
267, -70957115897586663022605488700470067200.000000, 564422970419352552116475603157886400936, -603073859775814857328145949979035343488
272, -48263677050865019730195937857963556864.000000, 481858681712534691418871225998817841802, -497676695257477677999251689120896782508
277, -37374254248888321544925698086999687168.000000, 574910946766134905094780471746874022136, -648459751879746776925338191633551750042
282, -1537281538945162228031694998532521984.000000, 472193470270580115563655121846040593824, -476379374776236238085990230802438849870
287, -8516618205051359239205592766577901568.000000, 568160010307339463175110313060452175828, -535517176129589060468864000955354808540
292, -5803163198167143586962839339970592768.000000, 486506219220420234835311899574643652410, -549200485889864887676843378665764936904
297, -27238917845385915025173372908089638912.000000, 587569082842250315992007207709470490652, -587998888466149666313849544516606130388
302, 27675648607670035738448981950596120576.000000, 549386675863421494237723664312728312591, -616871527380146255902584405266710753868
307, 62057641608291121994846239676507881472.000000, 535119339950233783101090218891392693044, -502714873777122099857939348121290357134
312, 55733084094698613674344843121958846464.000000, 563686123602290979224539442136299198439, -511120231230538112804171868194024910390
317, 39760401491337890566445863182572453888.000000, 594973582282278851310917918450019814397, -490731103552598985648582127732220892347
322, 39608186153997663601103296417117503488.000000, 585644561183701362918853111063180067682, -438555221255466451753042396486612702848
332, 13019623540915216983883563991421681664.000000, 475302540342521582181674550618811063727, -538056867574289831961304690838791524346
342, -1054257079957180304465428855423762432.000000, 519464241178862748035790956729334342804, -556411252964869252383466021580248195775
353, -56188734515378932197449908612132503552.000000, 396939494971498071536611936331175380763, -672847292505249312717405248847862144665
363, -17833702721008267168625179902169055232.000000, 616913537962867903280592445451759263929, -600894868954120969862022790409151823214
373, -8315833434055572501932413300175273984.000000, 712422588698891935037839390864574511232, -620996200194827035672458902200723629618
384, -10142318160966744606130830634016309248.000000, 739177741729783835555317497013324168458, -1435010339149957038093942766692515889871
395, -107725004941243295837588137009871847424.000000, 605162946692160569994474497892103292262, -1367036598112676134315424963826757121895
405, -73263023223979990418213924036910514176.000000, 726637574130574377112330990512258351045, -1367826839843019687258344426627587528367
415, -75607194045482002860308422793459924992.000000, 569373956650979656598721826616505981347, -1392064797173306023024243995056320049807
425, 5861668601659505090174311762604589056.000000, 637538860037963076774086634346966626685, -1377420967290270382071425875912559012253
450, 139804286598122699133794688603256782848.000000, 1222581258767460078197970818586584847775, -1901513348325731857952855273029751691362
475, 146194345208596973788768573840691298304.000000, 1380770393867736712226855644761793408197, -1786180141566079379462346271001398403209
500, -218504178762807583271932253516167380992.000000, 1033521756067353145033368475793554026818, -1236165656201469628307694534370320152791
525, 16026042155449471608270238154724737024.000000, 1376275492402924819958490863436119948828, -968335303349094625925180125314716478711
550, 89583223485209507314333442281660481536.000000, 1513036432726960740754039256773742455846, -1012256531661292387285641789724964431403
575, 122392159896766046621027187638845571072.000000, 1438171391236205947456157516008817750898, -1099369646265759831019357123146332908019
600, 0.000000, 0, 0
122, 0.000000, 0, 0
123, 0.000000, 0, 0
124, 0.000000, 0, 0
125, 0.000000, 0, 0
126, 0.000000, 0, 0
127, 0.000000, 0, 0
128, 0.000000, 0, 0
129, 0.000000, 0, 0
130, 0.000000, 0, 0
131, 0.000000, 0, 0
132, 0.000000, 0, 0
133, -2380072707366301187702784.000000, 75557863725914323419136, -4835703278458516698824704
134, -80120850339987118106869760.000000, 4835703278458516698824704, -319911995015521245356621824
135, -63248543251666304487129088.000000, 4835703278458516698824704, -319911995015521245356621824
136, -63248543251666304487129088.000000, 4835703278458516698824704, -319911995015521245356621824
137, 954183426536005662203183104.000000, 5091995552216818083862413312, -319911995015521245356621824
138, -6706716379902984745105905021878272.000000, 5091995552216818083862413312, -80480601307289828242222693102911488
139, -3353357439175009529005680378249216.000000, 19287000644964651175929446400, -80480601307289828242222693102911488
140, -2328897272141482447175404467781632.000000, 1298074214633706907132624082305024, -80480601307289828242222693102911488
141, -8068421526891999090417568231456768.000000, 1298074214633706907132624082305024, -332306998946228968225951765070086144
142, -4219205860567980024950563406872576.000000, 1298074214633706907132624082305024, -332306998946228968225951765070086144
143, -6950633046161696941269148988604416.000000, 1298074214633706907132624082305024, -332306998946228968225951765070086144
144, -2491866027698387252077829994577920.000000, 14994811169132497080333920777535488, -319929658485600536349737954972794880
145, -3257025383255380514728105012625408.000000, 1298074214633706907132624082305024, -319929658485600536349737954972794880
146, -300199720119377721366754260865253376.000000, 1394509784214048629020182754143240192, -74353691014218731640554455634618089472
147, 1269932568520567295398105145409536.000000, 1329227995789522541407846399186305024, -332306998946228963614265334325837824
148, -32324176437140110261768824918376448.000000, 1329227996945487020917092502820880384, -11465261403079637394187332876742164480
149, -25122587359534382525850973361930240.000000, 1329227996945487020917092502820880384, -11465261403079637394187332876742164480
150, -24373169621058694095809518321532928.000000, 1329227996922459581354999395347595264, -11465261403079637394187332876742164480
151, -25661320031838421129872239973367808.000000, 1329227996922459581354999395347595264, -11465261403079637394115275282704236544
152, -305985349075480837795753654598238208.000000, 87209818035950964848793712748100845568, -85070591730234615875067023894796828672
153, -205477920075413461459803978382442496.000000, 87209818035950964848793712748100845568, -85070591730234615875103052691815792640
154, 52851520058539942371140192253771776.000000, 85070591726612674110132419362342043648, -74353691014222496473447636014286766080
155, -267679945440058424448515667040141312.000000, 120974738139991755329317498010816479232, -85070591730234615872814942606134870016
156, -45775783185084741089669720508989440.000000, 87209818035950964848793712745953361920, -85071098795424125312801760669189013504
157, -367985799067092279262793351097745408.000000, 120974738143940099968006524230634045440, -85070591730234776430730826384070934528
158, -606174861570111941192326582185754624.000000, 120974738143943726745451575294541430784, -112652072633487069933952473838479802368
159, -492290923855081830297912787922321408.000000, 87957508783850925808874065629992976320, -85070596945606488098409713493986509312
160, -302181819736956943341436683094589440.000000, 120974738145889361727070912709073829888, -85136694126873680881511879048585805824
161, -233927277702452038105829204526366720.000000, 116972064581128377657358453740832555008, -90387422583740924185543278415923124224
162, 227899649956166283567945917172547584.000000, 120980516763209537273547625375217614848, -85136712385726898632163393897485041664
163, -232740541261165593057315498215079936.000000, 121956448676146205162231434734634532928, -78922912051606685828720765273114673152
164, -647864117957115749162595184017408000.000000, 121956668613242266346402720281702957184, -85070591037568730647834089906242715520
165, -287729391251184824921458070911975424.000000, 121957946577277112757681243352223711360, -90553655395767748719126958786308603904
166, -684413746270778888911767542037479424.000000, 402033993444807438350879087521282768896, -172777692914170138466077963067439775744
167, -1045133753000844614418684230611501056.000000, 340282448050595924579776114161347649536, -172373830595525901899936876819957874688
168, -1795954215692925382745596874809409536.000000, 121956668612850031044942106005110079616, -85074275243848393094648655479277158400
169, -1886028722300768138156401139193479168.000000, 125666438208336828239379575781903286272, -114313891598772134659480538604407394304
170, 92993626026577358885484530684133376.000000, 340739955836663562814649463577067192320, -170359371535240768532971166127440994752
171, -3527858898097549782828689063017447424.000000, 124037080963446727883041557027167649792, -232614636202721887963383281816273698816
172, 890491839065392929028646751919144960.000000, 340739957785885323355317746173044793344, -170188005462648758908540894914260179072
173, -808629069847718217928095562769367040.000000, 340282363892933533172683886009992578944, -297728271748265699329436654820845535232
174, 580326104429979008683422093219463168.000000, 340282349750670559792317023539171542912, -180761408020526849574365418275003744256
175, 1577013561049250031958713184601243648.000000, 340282442972098930861387826175913694144, -175452974084516870005839263646468751360
176, -1344634549571121320409609460779057152.000000, 341643044947501575668303957679443771392, -175635759123642913688079643344451790336
177, 2631206520370530568878795999712116736.000000, 372432828718814275721953077362644326016, -245936899470629120487551638377241739264
178, 2148613520139698123574516389062377472.000000, 401254983682853675033636750135189617792, -245865637461003888241292684296391737344
179, -1468762710779182825149238630638682112.000000, 342890532187756311540679014302752325632, -276099442143527745032678969166865975424
180, 892103123998849301056978685429547008.000000, 342344023880259352169974908231743098880, -276441606228931031730829195949266897168
181, 1850109729830459556363055614432116736.000000, 417865584368921423661899521350134530560, -276309855443992132308561978060337565328
182, -331749121627048622507269925757779968.000000, 345344858356713320018699635335155975680, -277878690127373467591890540753308789568
183, 3584725096652992640266705969541545984.000000, 414847222339437695704288753573320886016, -278496337365642386838936587843524143936
184, 1174130292825956501340166259176636416.000000, 341327703974808603519482329678354978560, -278499494098259151734879759004865620800
185, -587462872914829034658209258329341952.000000, 418332829646489069644152451714981034880, -309714654627277915774852864842738142912
186, 1867891221139338549391188252596109312.000000, 340610777367577866488287566796742334464, -279064774898532325428421258618475480896
187, -1013442648950451853846956868481581056.000000, 416043152036325039087197174726556071232, -352802522881376206442538558410177282928
188, 581045417689912498489105617763958784.000000, 416045106726922475335705667130302860096, -352805762021551083271019756012932537488
189, 2912464814462281725338462867687473152.000000, 342928798351461108703454649188300044288, -338930849728030580543483976514973821280
190, -292099635307678033212944347629092864.000000, 354262355698852918366646248392974281536, -350527522637021818498953614792721852576
191, 2191078379266900317192923457559461888.000000, 349637092972688182676281856181242275504, -349038636590427008314561112084204633552
192, 2103460470302491420307483411102040064.000000, 352844122788451074239383145489858168320, -344860583664659913715191626928911420752
193, 5541714890963048954703912827774566400.000000, 436793555204269203165373266810456404032, -278501532391294480791055490356087761472
194, 5271486746245238006114616744779710464.000000, 342945672046554409652495148905921277504, -288166548985297309783655643314466565744
195, 7294041439938282340090956946683723776.000000, 341748829857816718811897562825088226880, -213318016207073224997448394065635336256
196, 3625047599167685818947074630543736832.000000, 346096066897198284887887009110140230336, -356110409652639094588342387401156082032
197, 6825418366471392753419270405335547904.000000, 424901726939825388244463253198530001936, -356753544434704621638663307413018348864
198, 8361790310278525551707916437899182080.000000, 406219259874727159528432874366472036256, -279684393346205131228088824345797298032
199, 5811402475415030556113030411211243520.000000, 423018931994246995110071393258709486576, -405942472669359997660421061363819152464
200, 4430967975848551427528868893902766080.000000, 359241919045939979224905085891221779216, -372719590860239764299737489077097241248
201, 1606460740618575653776484950006038528.000000, 373020981127282752772161955596441180480, -510287481187044090507218530304952097088
202, 8733961021349525794610328534391980032.000000, 455476163757084450526763794433388954240, -424771644895683632169916070239263920256
203, 6390800749908439160608228635901427712.000000, 401699953357495530782336789274510465808, -430892348179451298349883763147138137472
204, 707798514249280551107480192121044992.000000, 364868586534339374344664250243180979856, -505662738783867256759870254835949897088
205, 2534952408360182113473261349772460032.000000, 408874295888360626238228103533005041984, -501176574769619775909142894863972674768
206, 3010327345372846205668363495668711424.000000, 361176771659188248224433752975480458352, -508515186516344080307055751272546356096
207, 6777297290693809341290877603322789888.000000, 410095847836457426637018386683597787136, -330206142264845701565608750839625453040
208, 5081227273504132279596783251868352512.000000, 418712556859349598346635061654870892672, -431393818301661862487848769862472860304
209, 6773362836976562771086737037189971968.000000, 417285283729889273884321080695885298688, -332300703794635890593235712648883034880
210, 3948788968335263736137870714104446976.000000, 397245255228769334666081707946554142288, -509115900322622099990773707015119593280
211, 8570862816478663703811509770292035584.000000, 414145841053654846141792030337762296496, -529988852993571592800127725605368206208
212, 8177395365624956718272547265221492736.000000, 459595016385638300522656466522571652992, -500648938370928371061412776737446188912
213, 7157495556435436333881422104424873984.000000, 374579641794698119335651973227492371040, -511074066599821171025998466371210392496
214, 15544010657230043755765242261858680832.000000, 393698680534689706285908031194999690544, -524139119716059989003009182440782672784
215, 11728383202003933590799487211961057280.000000, 421205894107879256664681935751663826496, -513070101311814505057208535568998126512
216, 15904755517203728415509106356211679232.000000, 473365394420774995200657918247305743120, -553464278206308988589445504442998297472
217, 21983820502399431450005550584138039296.000000, 384212945447606871983565536625450380896, -558251672860385610545255678070377905040
218, 17810970580900022702589403823987490816.000000, 517756439052260358943325295987004189312, -474321224631885202852448754816550278912
219, 13991456133822926679036570118607863808.000000, 478187032451604881593411998024695650336, -461448929387952727681252745407218042716
220, 19951839357701159747567520838624215040.000000, 462611659870592024993845659790283849776, -485486784387100687539291446851012636128
221, 22469422083027514566817493338652934144.000000, 418484325736557255280962465329358019856, -487623138593132868729504094586359864048
222, 17736714172610954614906039847589249024.000000, 466581163271740642920964269843743993584, -523453644115597977627419097690261123712
223, 14280833235398510733561807580937846784.000000, 418242332087539890947166576755747359440, -511003502639338070179720376414203518952
228, 8814506650856799517111501573857476608.000000, 476238125891460958431383517558320230168, -493800225728129878569672817611955131440
233, -459512183676246755706310397268066304.000000, 482810834481304664150888035671726510584, -513603013933206227991812097479464411432
238, 6352760759868548282981363267875635200.000000, 523749959832965676713161790869203062916, -516429525389543721138565866252034147760
243, 18329322870941983534232813217364574208.000000, 425758182712289131458847491443801530192, -558317539905705878382411156229904086184
248, -1815070787535502893840461750593388544.000000, 463706618421092828236742614908863760936, -530465320424797295474197652984051533136
253, -33839237936111996737988844170277552128.000000, 454536056450215789984392634898736371884, -538278926309548998328292563016565760200
258, -57404269652531967877976421982017683456.000000, 535840837891755173460318524355740246088, -527499999753539864853717392022014555672
263, -59047409917417051354549748266101112832.000000, 419623170075870675458336396829983263412, -542721769884247673800124452502292624456
268, -47642631847253108759105062860077662208.000000, 462530682994862675280194599975249461532, -589114881955163474423046264141910993566
273, -55909787355944710516845397237758427136.000000, 535156928891101093156896402389677051912, -605259888989018447621340516908549370770
278, -25456461529066756834995482499347382272.000000, 570599367556664049614373836938438228152, -647938988760187075548472166291119043482
283, -9789639949545725570783170975334662144.000000, 537149300725097506823636967558388714808, -650428333513345180475934790525293111322
288, -12841761744677418827834473445704335360.000000, 566530332376749794365875963413710159767, -522230418331470958148140553636936590744
293, -7389545353513030598845040274872205312.000000, 542765769562253399557113858888318854925, -500045872121697516497424552505360112444
298, -20233462357704699368570789422897823744.000000, 560990245454833067815587019483042755024, -540990159632100545465283114615309583688
303, 34822158249031851827341512759211720704.000000, 587116184349210900685293734531595509788, -496206131270096548410869829228614956072
308, 68564699399333449652262340697450872832.000000, 594467619576440845733939127716410833426, -524546336743473993661707090470051963918
313, 62437615132247267001825486449825284096.000000, 539093701718014086077453992569968421525, -404913595996575395326664140592852088991
318, 39521102962153903225171921979173765120.000000, 547875667091497748987521925579746659325, -484613816139510207240468632261864071513
323, 40959013336719395663092564826129432576.000000, 549063361373097875969531988369903853949, -465829859946556618283718665949283454130
334, 18495582703050486001163849195572953088.000000, 554253963427400887084677422825456635757, -489282290325984236000491432564570071960
345, -18357394586329143501764531643207385088.000000, 455398422793966125945004624947126813887, -544836881241024903862922225585413856634
355, -49911738291412086038967892660090568704.000000, 405495145746112932065761635812184221595, -579455616442772344804701923795478094574
365, -54774457189070484839754480910208073728.000000, 463250325216593550392564589459569810013, -596478297805337075658182963782437055354
375, -32105350689076573114528951157483634688.000000, 485090090947510313603891428383797708349, -634834984489430027415033907855599073863
385, -73960768068072846288629095658434854912.000000, 479618808905492894557729990844078769579, -1350646665000376806505716299281431319657
395, -118835981548905527518513878826636804096.000000, 708748681165437855242479241370090589327, -1532887319862886970529016733306161777421
405, -39029228665303983644024775956280377344.000000, 734933255087852369317184329409025444373, -1414028484455372387920294527828660624560
415, -34647548927201676559963044913654792192.000000, 774525357014029962856187326788542628431, -1432123905630508218845306204063206233753
425, 13732806090398503418370733437563699200.000000, 671052310649234130966457638725762267937, -1323987076507136152005745116684989691592
450, 91504810895330681349440680860728688640.000000, 853978521743087045742596344235591607831, -1690378897527647205955390644899227098601
475, 87333834687039591893169896843911364608.000000, 1441455259938380632716961909033265051181, -1563256485672018479013178909367226807953
500, -283088277528090508902411327961747685376.000000, 1170222709007821585948434587354897992513, -1219314497236821137919556126169626566193
525, -294607802910472600338760245732286922752.000000, 1358959394521495696310172330958121063059, -1176718421250406833713461571246896578355
550, 20254165683347572074051483758961360896.000000, 1236559526345594475804836476094073514674, -1059594173069343293623870622443659418847
575, 79614635617209684722857223102595596288.000000, 1429084116134862736656571501645584942262, -1432652121524074211080522936126754126435
600, 0.000000, 0, 0
121, 0.000000, 0, 0
122, 0.000000, 0, 0
123, 0.000000, 0, 0
124, 0.000000, 0, 0
125, 0.000000, 0, 0
126, 0.000000, 0, 0
127, 0.000000, 0, 0
128, 0.000000, 0, 0
129, 0.000000, 0, 0
130, 0.000000, 0, 0
131, 0.000000, 0, 0
132, -4835703278458516698824704.000000, 0, -4835703278458516698824704
133, 75557863725914323419136.000000, 75557863725914323419136, 0
134, -80120850339987118106869760.000000, 4835703278458516698824704, -319911995015521245356621824
135, -2380072707366301187702784.000000, 75557863725914323419136, -4835703278458516698824704
136, 795958805993081137952456704.000000, 5091995552216818083862413312, -319911995015521245356621824
137, 795437378027264189667475456.000000, 5091995552216818083862413312, -319911995015521245356621824
138, -128607275966202920245919744.000000, 2873560004826179112534016, -1237940039285380274899124224
139, -20769274968112593775417503812419584.000000, 4267508143239640986712801280, -332306998946228968225951765070086144
140, -12859046697051401785489739632082944.000000, 1298074214633706907132624082305024, -332306998946228968225951765070086144
141, -7763976709011611472997742251343872.000000, 1298074214633706907132624082305024, -332306998946228968225952039947993088
142, -8961418854569065243588840545845248.000000, 1298074214633706907132624082305024, -332306998946228968225951765070086144
143, -2679070689261968247877584631627776.000000, 1298074214633706907132624082305024, -319929658485600536349737954972794880
144, -3477118477407122771056022935044096.000000, 1298074214633706907132624082305024, -319929658485600536349737954972794880
145, -2512871569743217848209955035807744.000000, 293364772507217761011973042600935424, -332306998946228968225951765070086144
146, -3223966069364640419880922297401344.000000, 293364772507217761011973042600935424, -332306998946228968225951765070086144
147, -228933573318318287837543809584988160.000000, 1394509784214048629020182754143240192, -74353691014218731640842686010769801216
148, -197424281152856126283017956425203712.000000, 1394509784214048624408496735715852288, -74353691014218731640847189610397171712
149, -27406967674690344257342909670490112.000000, 1329227996945487020917092502820880384, -11465261403079637394187332876742164480
150, -25324295621967101341888335161851904.000000, 1329227996945487020917092502820880384, -11465261403079637394187332876742164480
151, -502390166608752437095936508334964736.000000, 1394509784214048628443720352572375040, -85070591730234615875067023894796828672
152, -275129557990287497477181594532839424.000000, 87209818035950964848793712748100845568, -85070591730234615875067023894796828672
153, -157702973434606130950768087487479808.000000, 5005374171627573831597555452158672896, -71967526291121340126878711781320032256
154, -434112884107815004364234315930796032.000000, 87209818035951569311703520062704975872, -85070591730234615872814942606134870016
155, -421911199517423510452889781947858944.000000, 87209818035951569330150264136397750272, -85070591730234766958548702391470915584
156, 264132326777915460756535530064183296.000000, 87729819515502845193110729176935038976, -85071098790936290144365880501035335680
157, -457478321895962191687272855236509696.000000, 87729819515502845193110729108748238848, -85071098795424104947590675993330974720
158, -921369085442209669047237044825227264.000000, 120972791028577012627569773186314141696, -112652072633547762396737372551882506240
159, -917340714680374404864328731470069760.000000, 120972791034475077105065669466766442496, -85136793515257852820101213195933319168
160, -606023892959533964901232739893641216.000000, 120974738145949936841875198181333794816, -85070596945606488099024470823087374976
161, -373225398877687153315057820067954688.000000, 120974738145801044170757787624728035328, -85070596945606487887967883435354619776
162, -989956283843537766607999292047097856.000000, 121956668613525420317937134199662575552, -85070683992837139858945474567050233856
163, -371861916677544850569199942534955008.000000, 116972387501789134303698818451697040896, -83741323169692380506234518011549581312
164, -636547596705585385363579995076689920.000000, 121956668613439651812719207591696662592, -85070591732629191384785348387663773696
165, -368227800403497965118714427694120960.000000, 340282366919081226456564934838526590976, -172779396617927170751071682401874804736
166, -636682044293619699963595141427494912.000000, 402033993444865667343422158057983033344, -172777692874415217738346726760902623232
167, -1081413878360388570646430264386912256.000000, 121956675882063402542556641866235183232, -85106577804241068855130543549313973760
168, -1371630749016355954626878901573386240.000000, 121957967004014499089924972962252537984, -85147948130277062890745052621267533312
169, -2130447085796450528995589439583420416.000000, 125861514423925690399387116989093494784, -117491213220356095874268100559159951360
170, -2720007897720139768472611004952346624.000000, 125666438206508136225821642826699227136, -142769979074333197503550651904525389824
171, -3824202663169495892218246017172111360.000000, 125666440197530878422618339453359079424, -232622067499937473214877345743493955584
172, 778599410360418844424182140978069504.000000, 340739021882450076975091520058190397440, -170193116641050052519253180392978714816
173, 2096793709191958561201231918775926784.000000, 401675846401289885128208733662442882560, -170233465165642438939155582475512453312
174, 1125856481909756297718228280242339840.000000, 393700478426907456534033422631051011584, -170010424263391053651208696737673541632
175, 997377612683995791388390749049454592.000000, 390284481746360942448731463368091860992, -298577801064243222647874794641407787008
176, -26958331996217044363559565581615104.000000, 340282444445785573498688070679347532736, -175635515705454923878598032218767620096
177, 556447422090524117934559809687781376.000000, 401417533281803192410158585723145863296, -245885471590650642427380257285866894336
178, 1034650830231438675141433151834816512.000000, 340629165390188194778610456442238084032, -276441504171449541873241240131862936000
179, 522341829723502090163377602580971520.000000, 340940206803895793150684869038252040384, -276441607978802595973579368636898223824
180, 677978987103859477969386103155720192.000000, 341677910551843085454034510812724677664, -276454810052593739002954880991367087232
181, 2453588122435552331036575676911058944.000000, 340266264895860256618924758555136956864, -276442946286791742509749282735406173584
182, 3922454859666643993254943695487107072.000000, 417865706595606989633280547315505561024, -277107218665604158706315805230953810320
183, 1394429044362927799090429645740310528.000000, 417865718146724255537573263321833273792, -277106123212712772059505706765097322896
184, 556562349027461671369501575233929216.000000, 416045097803678454077719520968711225856, -277107723199324479693082145569493927696
185, 2761169486950425156535736032414400512.000000, 420987273746719288587013060963172666368, -278001149019776587580495923531191714624
186, 175404977640158560398756426853384192.000000, 416043036147815814056096870753594817792, -338311248528954270554018982433203254016
187, -1023858366607638250715811588029284352.000000, 339829112730113749597254490351489242880, -276428765826008640606107571499859377584
188, 2159145000084166672186038592185827328.000000, 341068969525546285194779652245573229632, -279316465551597924876359692575377711200
189, 2851678662328902478047125778437505024.000000, 340064947831509821166454014835419127296, -341221411883903737835762116289206646944
190, 2800505874303906984389932473718407168.000000, 512521526419806034061742758510556988352, -364042852437658041043146035489693853856
191, 2300774587823155528561501874727944192.000000, 342956324124043298767991282169682058752, -340149877341012541663327594973703473376
192, 4803085031144373358131016734559174656.000000, 340046681256507929970369863031984462592, -274323325016823982467625635710730179264
193, 2989555348829376245183025295401156608.000000, 401486393404134623378182861837968235584, -340448898102031807830335103872938793536
194, 2545331880172589366622004263604191232.000000, 346615156541052873270841011496879173568, -300688227543271359593907236403609647040
195, 3275686678864374524599457307802206208.000000, 345947437429073182342897383695673788736, -346794592384170264831801698362231868848
196, 6812694695033825442310612075426086912.000000, 397026176335998725645060204455592795504, -384986284888569446867086602888600910128
197, 6489742276261648578683487376390488064.000000, 455664024694953962777356314879947820288, -405935129180391933298393092209528695440
198, 7215016692776793260490792502346907648.000000, 406191655882070827167857094823285722000, -279264053784171617275762185898626615152
199, 8147190707283959570327555238967377920.000000, 420999428835335431104244315732292269152, -348531283048995588963802213720393527840
200, 6958499039587826487257312375424942080.000000, 424859728566404976207100018588109512272, -427879833156558281091182180070452179200
201, -1093823198916226029204040574258118656.000000, 336041697492486434065622534684105487744, -501165320268064057203357799426069584192
202, 10726864963227011998048361719982456832.000000, 424838460840405624209994820222795789168, -430088594457320896557707099012754839680
203, 385387255394488527824138306657976320.000000, 382917075946519577051978762290412454032, -506482293245740247813855836076050319568
204, 3077832330691124456000413104406003712.000000, 428199498784703156219572345121780171392, -513967354222210109683017680349990194048
205, 4898055288992319302585360764184297472.000000, 361207276739862973881688951768183890032, -423910337669084229057796378110925375360
206, 6243179727351021539980496176876093440.000000, 361157398492130214857771523212995099504, -508598291242913923987347562039643654016
207, 7577691165451871811629255432393981952.000000, 408453448751849581462833553127407298800, -516574794915868672152964009091065906048
208, 4298301532328548210428655287415078912.000000, 340080699231581694120173731520117501904, -521941026176877664123494174515237671808
209, 4415087886296086016945055180250939392.000000, 362892966706343535581959900944734754832, -494976990065857032831349363662877873024
210, 10163785374313852909778644158811996160.000000, 492407302957668702554726743879178227416, -526893430239117535681689883648416584576
211, 6763790442990807058843200480505495552.000000, 372904956754786792651938630625813331760, -499814691257008540950767059314458185392
212, 7877206051972994658579940012225200128.000000, 459930724908398415166453640928521643968, -504103938371661487778547459046683651952
213, 10691155712371735496744065465183109120.000000, 459562757526550150537920629819916849088, -498477604104617390461590327335096623024
214, 15029295222298691917365905311257329664.000000, 393511359798100984527698646809153721648, -530032458163927685650081789259798799232
215, 13655157350010651776761400406579347456.000000, 339258560835421129932331971236722479488, -442416406160572955681606158631674955520
216, 11196361724986925941859775769563103232.000000, 510999385165204696672264043221919370240, -511284980477737143339436417685258581256
217, 17593843884060013470489485537548697600.000000, 402043636002779078042344079758431927900, -562852424686647919597316465456758623168
218, 12033632027660115675692373480371650560.000000, 446898077598562803337019645801579653680, -482661873514814184155266707158726619676
219, 14322210307072590250380918156045582336.000000, 479512849114072561196256590854427052284, -461703726902161993371506208599993585392
220, 19171003064184545138476202086673416192.000000, 353860859636354666188680413879024687328, -445766124118027609893403928600643427056
221, 17461505082494007564121985939832569856.000000, 399004553482091633411326028750750754496, -475187244739768293216996838330656872176
222, 18097306962415978729613811684237901824.000000, 396053785963289156111200945441258661740, -524829776570892630985196967366823393696
227, 7151102714552802578264787202984640512.000000, 401591139935357536397802001726322359292, -574702345412914567845664312411809950552
232, 15725529231046114885677706912578142208.000000, 580995619944885919819686313032417009844, -533995460621502797375214176240383100752
237, 22684688300674122506688470154846666752.000000, 581011743855160424555596855128336392872, -481880768373406181399753726114031768344
242, 14154822638571165052401893609228468224.000000, 524026313302321162272223704085967871792, -529139264024875971972314540096157015016
247, 2734032750944993104749666518727393280.000000, 396362934375096192946793247124720649196, -556134007645722434950803846559941854408
252, -45690363782044871270008564628211105792.000000, 455343161290042064131992884549288171700, -585451144311277467833576759519130718152
257, -56421948205997478679326402570325327872.000000, 415961955202055203634375302431207659356, -545688714402523892620154615005923998290
262, -45055989568996180470351254871240343552.000000, 593698719938365965329885132156128114356, -543040300086039051077124130250495603784
267, -52362052671841460555651035906143420416.000000, 413143496672624686237056181617400957464, -591176230750651072452797345282686806558
272, -48268347790210345608530141396898676736.000000, 461773132036676381959575535965972205544, -525648842848390255241604335947522306368
277, -41541200518777802184794625631078842368.000000, 565307833364027373112368861108777228392, -598831139483024433298516037115111512427
282, -2740054361481788673338990238910906368.000000, 455758588991401617847734138281728928616, -498572971923929413140808690511166016156
287, -14837835560884785023394120699316535296.000000, 452297643287462532357193104306901805032, -475763073892580103304443017441888467702
292, -8101681080239472378247039854424621056.000000, 595158986479712067472027763316568559916, -540318288644312407789603567491054000442
297, -7967782794121098259749580508497969152.000000, 581848994348959144558764327535139495964, -562578757694271021960748598116276803928
302, 21455769341108166577119549504819822592.000000, 587090232761077043423273491195818934300, -437155683229755328877983169714579858782
307, 59547694053536768991169912696603672576.000000, 571050650130429037025651965719913908987, -523989512755437516276096631298813532318
312, 57815956496151537136688593512014282752.000000, 606228023279994255029656016372185428173, -428646334290404751498069243597084909106
317, 63761514181990025145987955076230021120.000000, 591528724025420073695420538567683624834, -446262386258306022024409586969472484172
322, 43000557878362320127561030494207344640.000000, 566811422585031983066892030731283485634, -437793441682366311374445796681415803488
332, 10487373361578646359566527088086220800.000000, 479383538396280761483046718616528649855, -573834974858726448410262919782435375202
342, 8960139642668132778983833108184301568.000000, 451248225026294576014613374067348230015, -498671593327590018345872288624278126167
353, -41702537969774196344545294809349226496.000000, 510878975813183316149305302036011360507, -617891690675613344844197940941574346828
363, -19170629225988035253696158405417238528.000000, 597331462568419639337798197376337246949, -578526105105187959957544182217488169210
373, -17100179862050190667437327237766971392.000000, 646957861989550842195001232217928756876, -704309815210406073368318656710367192955
384, 25223268067168256653548944906981998592.000000, 854861202705371412740831819275882397866, -1187616511945304960549343340027376903091
395, -113676664847918896341370021353552347136.000000, 693396219114317364269758750214931850555, -1372681356233674244326186575919798945280
405, -86000619825966695505848807229034070016.000000, 697329561176706211052947061367140076360, -1476519458936717208136418213071452358861
415, -72996985294760178778001105352092811264.000000, 1228732967193740454298208006955055090031, -1515814234994456332489124298475196557411
425, -13964584464350064337895878674297651200.000000, 659660542885335681116170921181814791943, -1480477220089996512685955251714621477080
450, 178526150024136753580495390547969572864.000000, 1232919392070922897081235673093686819817, -1608395105008301463069563557598641284823
475, 102014850774768236799143203840632815616.000000, 1159596972702418639004342840726514455510, -1640454424169012400042726837621352904783
500, -224931343888500614583603491888712122368.000000, 1170315151598223281502559135804081008545, -1170296101764791688137181917402252614065
525, 117143424645114008054190861773218775040.000000, 1361564241636813182593418994114444716863, -906174296648345649863017560052458199369
550, 60248884177466216464874123204291985408.000000, 1490599789373850201172246288740241112234, -930173019009247342504614477191248807424
575, 78693446242365424704207714014061395968.000000, 1262488883865959651928645023079646013815, -1360612042438887291504500261376388595013
600, 0.000000, 0, 0
121, 0.000000, 0, 0
122, 0.000000, 0, 0
123, 0.000000, 0, 0
124, 0.000000, 0, 0
125, 0.000000, 0, 0
126, 0.000000, 0, 0
127, 0.000000, 0, 0
128, 0.000000, 0, 0
129, 0.000000, 0, 0
130, 0.000000, 0, 0
131, 0.000000, 0, 0
132, 75557863725914323419136.000000, 75557863725914323419136, 0
133, -571406344427227070857216.000000, 0, -571406344427227070857216
134, -2380072707366301187702784.000000, 75557863725914323419136, -4835703278458516698824704
135, -63248543251666304487129088.000000, 4835703278458516698824704, -319911995015521245356621824
136, -64314145248525838211612672.000000, 4240685101616941401899008, -319911995015521245356621824
137, -10060074564462271887523918777417728.000000, 5091995552216818083862413312, -80480601307289828242222693102911488
138, -5365371900511898395461321221996544.000000, 19287000644964651175929446400, -80480601307289828242222693102911488
139, -18461577987767907301484628254130176.000000, 6362208244046129514151936, -332306998946228968225951765070086144
140, -11076945451917305205172988947726336.000000, 19749012189224582198000091136, -332306998946228968225951765070086144
141, -7481650278815589862092561463640064.000000, 1298074214633706907132624082305024, -332306998946228968225952039947993088
142, -4284409306890216951531805333258240.000000, 333312879697510068256039399063552, -332306998946228968225951765070086144
143, -6305472689654485446520437292924928.000000, 12364183633890906854652182205038592, -332306998946228968225951765070086144
144, -2088007310914796172637522035212288.000000, 332306998946228968225951765070086144, -319929658485600536349737954972794880
145, -2783577194263976308269943854465024.000000, 293364772507217761011973042600935424, -332306998946228968225951765070086144
146, -2265187336839487595683303275888640.000000, 293364772507217761011973042600935424, -332306998946228968225951765070086144
147, -148495204025788220351064251039744.000000, 1329227995789522541407846399186305024, -332306998946228968225951765070086144
148, -200232919121221452351408225470382080.000000, 1394509784214048629020182754143240192, -74353691014218769419486318591779799040
149, -369657219256432351980325057352171520.000000, 1394509784214048633631869322326441984, -85070591730234615865843651857942052864
150, -24821725698443995658854575535816704.000000, 1329227996922459581354999395347595264, -11465261403079637394187332876742164480
151, -323752925013057545676341061227642880.000000, 5071427067049487954910809990841237504, -85070591730234615865843651857942052864
152, -319581569213004353878039194643726336.000000, 87209818035950964848793712748100845568, -85070591730234615865843651857942052864
153, -167870037592890334489805794050048000.000000, 5005374171472831319769353890151006208, -74353691014217660770164673897960570880
154, 221753288671071132196975818903126016.000000, 87209818035950964848793712745953361920, -71967526291121339538384339074455437312
155, -373812980453414015573772721878728704.000000, 120974738139372785309674807873385791488, -85070591730234766958548702391470915584
156, -480817502946125891335388672815005696.000000, 120974738139994170828967584471477911552, -85070856593711418292510996489291300864
157, -278278042317532542784764282599899136.000000, 87209818035970307804858554384929259520, -85070774276875281338698633616927490048
158, -307731221473748834633367130598277120.000000, 120974738140595595029682066975988121600, -85070595533186416711332881006808531456
159, -682333321234412862871170218721280000.000000, 120980516813075304738903826746974928896, -85136793515257852820101353932347932672
160, -699345107338624930817496625344151552.000000, 120980516814313242595708798801121116160, -85136793515102391943622848796738715648
161, -553922556779461591584808559708209152.000000, 120980516822514597557920570012036497408, -85136793515078228774489279975363969024
162, 496255944697881326921582046634573824.000000, 340282366913196169852766718202981908608, -85136694602106349008853383177613344768
163, -712905102625843007118247165148790784.000000, 121956668613439651808107521571930505280, -85070591096215539307494827707483033472
164, -734821067143253199182728056298012672.000000, 340282366922790361907483978222431813632, -170152866132271617225095106664855699456
165, -405013582673734571506335079186038784.000000, 340282366922790487316530729782676996096, -170319019630079295598762032348488990720
166, -1062566058997069733716690947585081344.000000, 121956668611641396158114920432019177600, -85086167170691367847682027805215816960
167, -774212258328195745137040261088542720.000000, 340282448050555242342922659035071299584, -171034177401628181949021259518249205760
168, -1373075070859967438685769724080422912.000000, 340282447838223321966096453571582279680, -172373830626285941260566122090730553344
169, -2847809046691539371519281969397497856.000000, 121956662621237135845964412731489075328, -117490237770700844332558300402418057216
170, 87660443320851183537997699113549824.000000, 340739455811290433353833792221192454144, -170359290398774965434901223488402694592
171, -546332655866206282728134057348038656.000000, 340365630685463561219282794738412814336, -170229543825309881126749277261885806720
172, -2858746879787628496060728898433843200.000000, 340282363858071438556820027354947907712, -232622067498544727217339489858927312896
173, -59771162563437998305052817184784384.000000, 340739152227904199042373638552886378496, -170193054729909742904502200447106922624
174, -652918604094893330158328311401414656.000000, 340282361842928262284281903715455715200, -298572717195504663562812323841878032384
175, 2269055626424028739504845469983440896.000000, 393700486398341331984264256957009577472, -245943051296707065934338152072749399552
176, 2394670412077289600698218990866006016.000000, 372425620386815046590727592074617964032, -170151868593827504100830312342784799040
177, 2343974175706358707143042499744890880.000000, 341585528464367152991828227850311964672, -276591069818755614354699553470197054912
178, 951330034898100545266669484022693888.000000, 340895381534799358472013434764576763904, -245865536486603224023006287113170137088
179, -221818449591036531495615845869027328.000000, 341499007200612767847585349147282190336, -276099882304878097600938902254509695104
180, 122676077273035587072500638249123840.000000, 342828066517995816385850802519010121728, -276454003794938840092880440625769300096
181, 1152222823889677422668890574036140032.000000, 342240190222409607255935248522945497088, -276442944337633403750518524427255924880
182, 1103063652898116888780320933073125376.000000, 414767234125077740142723007704160964352, -278005692405819888619135922779317594944
183, 348921329368145508079641161503866880.000000, 416013845303069146225783100878889139712, -280466821877180020855831266834438203008
184, 1763737682803972924131571290360250368.000000, 417889515207488159468810507415126800256, -277107674581030647064330449412620904208
185, 795065648611201585263242049960804352.000000, 417889079165344166874159187936598809472, -280569733004318990855855907274098205312
186, -514003554839570451469078611120619520.000000, 416136493270031031868137535601517711616, -280632225841853989520529636487852443776
187, -1075341737101898093747548642464497664.000000, 341771862535780171379307719861411141696, -276428847885881933766408918598397132400
188, 700187538306947281706067162751303680.000000, 341811984517220279887000884574846393408, -279722229199179709660442070106240900192
189, 1062062862861362438670856366552252416.000000, 341292159972323218533045105430427746240, -360295994611769606873703472235893689408
190, 3644234201664422985983754982207258624.000000, 379521001249441745769186432946274223456, -341595113555627427648243845462744115360
191, 1202614526125984144554972362311729152.000000, 340693739783799634632505958467600921088, -342045530842883980524165709531016986624
192, 4770897372572860120982463660949504000.000000, 349759634830923160850845025566665949168, -275089872154575867574824440121127661056
193, 585959877731252766030256467177635840.000000, 341213923243903435307931310307804506304, -362555383920063048743013881714346875456
194, 4132458259253464391493326688852377600.000000, 345942466821442770584190051139663881920, -297559569173161962310330637095516304624
195, 4613512263338193109431944594566676480.000000, 435731688357710408849791779204013389888, -354803079996238377889246219531203661120
196, 5222699311322818348739760270780399616.000000, 340073667448798816731420050855577182048, -405619344966545974678779545209548305264
197, 4855265480526126856828727540462911488.000000, 335297778266598109398614464212561608272, -406927874894987596630312037202376146512
198, 5463794084479969244593326435671736320.000000, 459040212052096922336918568064480671232, -405957857402979951935869915691324556368
199, 3655083659837549962481242071187324928.000000, 420341699189922439571836704890671880176, -386619871436202637368888405649797705744
200, 7328595598122188102445691317828714496.000000, 424895794221261237999284774917924708368, -441142449258009938547940734322889470272
201, 7850618057961435077406158503641350144.000000, 418174457204156901452640782123103803952, -429595126419456229534190567811984994560
202, 1649364523768551877071666010797375488.000000, 424597000534070366884241948134225919232, -501173534645570124183743513427922082112
203, 1964055151129632338987221359941124096.000000, 469579620399633422429031806722169280352, -506482176742619998943826160386398721216
204, 5263613594061764138562442187113496576.000000, 446838387032821820993310806397857776256, -430083103000673517480204367982351353728
205, 1978370903776395675865910505145106432.000000, 361004256473015226324129151777075955024, -503012566723659047811586208784433611136
206, 4277665706014441089432135718276169728.000000, 409177413865818146857496476985267299968, -498279199960974131993542935883612110032
207, 2570125747787700459884663559457603584.000000, 409422883823287583754169335454437905984, -412491900138025192630914594986211530912
208, 4415993744581638208022737343307841536.000000, 538834546173819469600677141946705216192, -512546825434893710166639662374719067008
209, 10311973181598851931619093911196139520.000000, 408765733439047618732032392230422221168, -499351857474960047735781232860002182016
210, 9464358516725174587727839931727347712.000000, 492376270626598515682847948941719473568, -523965867835740718347620394703577012096
211, 4397292010546544479025546307735388160.000000, 366177834948980767122872811142026195008, -479348627150763286891183423729152058240
212, 14727757198782859565241434727740604416.000000, 470409654239493309721649571340471409488, -531280554136841973196133319539520345472
213, 9515962437544882803208026364200353792.000000, 421820338916201443861221832244057528832, -506504783407559190423379096419378540400
214, 13842231568277730545851760829213442048.000000, 393721196020390577425673336257529071408, -531270171998904742638486462750376063872
215, 11620110344297615614984802515978027008.000000, 380927848132104691833089901512788575744, -537382544122168777951810387968003666832
216, 21464299152745383642784017426778423296.000000, 383970323171358332280163280921203707784, -476226144668701755204631280967706424064
217, 17397541313854578250462826242301231104.000000, 516310426448720499873283517869575714816, -444329930366113966547436344351663714284
218, 20085812551836530932019580779871862784.000000, 397008287030656486083115163356487092608, -567581881273608793720967936157496745728
219, 20084977889346695403761401685828698112.000000, 423218412877863863751484051914148801136, -483592551247903106262229250464516004608
220, 22521988938206039553879591280011378688.000000, 451075670313150847118046920723630475340, -583150304046003139669561149550614902912
221, 22634487375374859162124786019577364480.000000, 373066928869975173821980768428923953792, -476107116199738755828325164461481262832
222, 13938781828257888361542855993889652736.000000, 523404128925352921358037904277721516032, -476159778853900275210339100635532607216
227, 8315579279929361908946437002640752640.000000, 473645594872622224634288661277336077880, -540015690373168671705360093221262175144
232, 15133054957969068224507808952256299008.000000, 484387996669678486745553290849299924160, -457531102846710009150265403833554600488
237, 22387351184385979974128484484112187392.000000, 602761717165115635346424524760418726312, -470462158536776660723178061508387508248
242, 17158069660749754835113208560004104192.000000, 594972624539947954408967285268214026128, -539931388666812848396750667731140954424
247, -1522845478735378670469746558217748480.000000, 549346454190687401854291764742788004304, -567742192167906379837348307569295040988
252, -23117645513215351831559925965833371648.000000, 456093533121502621775496644728937734600, -548382668051831761238177078633566521124
257, -50742731548989725616705022168886411264.000000, 531336643235499739149662101573783121328, -537418505525856702556840879188130615162
262, -51888501013774625461469938464826851328.000000, 543120080565811815703412981175620077704, -532011775712717333372792239585211779700
267, -47997086492645803340432010644193017856.000000, 561813274991405468141326237394299127768, -651256470910051248096127599629592120738
272, -56763773089364233734555493201317199872.000000, 558589947637681925546418777501343251880, -648899077289753313991245026138740585314
277, -33725128260099583172806630775514464256.000000, 547733306500111520925454772911850510978, -535645532090007624281038733174527863750
282, -3084569059999605944681681191679557632.000000, 446768287601714706989479059848080952248, -650549752679724488073307976093813893402
287, -20646827657965829664349609495468441600.000000, 580975182518039878927058492445919145876, -537736066334423169684699913126948761048
292, -13899436625912621735564862083158769664.000000, 499720913092409840676456538453541693732, -516673995562289951344107452443430267280
297, -21628623094878435482382083865907822592.000000, 461962919508959018876809480033260176275, -559419075978218518183392685678687414904
302, 24148847593002712170758295911919517696.000000, 604843071853823645543969050138372427322, -516305743648017954855858896846008785374
307, 56721209179405968577172495179802738688.000000, 512953338544562358154441746260512211528, -447245804948871764624085270689850790060
312, 49042300767511795838245117877706293248.000000, 553202269472741395728134608637851850727, -503059932179123860284976135303442320234
317, 65369824676574937786818105991590051840.000000, 591944303603830539035991607360792304724, -446109795160145316227375942943835032972
322, 44688277086708878615167710745759580160.000000, 572537908940052033057683007418468026313, -531959347351731070692453724999720576249
332, 8766563378058171284446941764934172672.000000, 479346261351486486034515954292492895871, -533739430419702871125596266045562007534
342, 422906848869723062777289588512653312.000000, 468781945815189493715218229194743541912, -508133738195184155203105198952947299577
353, -39072990341054066823514789183659966464.000000, 473699478800401329314119842014943433972, -638744053454135836847145645419752476310
363, -16351495978158293562198394930192187392.000000, 598568641192180804233510989069300961077, -606738593651474370589276748539052291359
373, -31577566389458385684504274888533475328.000000, 597931604209969779901311710595756317921, -641808692436021454810737752987537451720
384, -10752356421811398696572668782458175488.000000, 884869532684492765209674847930940825793, -1332141902908613259090492885761255767638
395, -116412188870852567790915685524688601088.000000, 686402416043000884660847199756405484522, -1362599485466511933200262198629032886233
405, -41812040035665347078632617833220014080.000000, 897657603121798879071550222020639517663, -1346141954111352807136843023758557990504
415, -46164527422869940646400029330247778304.000000, 659139261261836287527607504907699649237, -1527465581308066258218427511681548987842
425, 2398946067233119034383911684157734912.000000, 549814840607152916835289076153081473791, -1100952903474403378106893470451397562104
450, 148937267198945283118247899182550482944.000000, 806518592327593582099153576983402266495, -1443751775629353422321862192660554650851
475, 146128315467072795964382472498753568768.000000, 1233484008397224253971788696841816871314, -1675905837806019710398451751395748058751
500, -216601763679671801542641527629679689728.000000, 1157211640394890911104083555102244094261, -1140867605570579321968671033125236663880
525, 23967916709551146484506028199955660800.000000, 1328027323756938221719069579538920459035, -826369436019512057950333951023784582954
550, 100672276826740546927249398894325399552.000000, 1410844404052139838767539144257277392102, -866589099685879488134099589529976327338
575, 68631416418982568258839519334252937216.000000, 1343997433105866818285981765862119470823, -1323858392867104094239549738595024849233
600, 41017727923089667284330674256871424.000000, 380367601903388017989636332102162006772, -368091836728584535114534506410534667865
122, 0.000000, 0, 0
123, 0.000000, 0, 0
124, 0.000000, 0, 0
125, 0.000000, 0, 0
126, 0.000000, 0, 0
127, 0.000000, 0, 0
128, 0.000000, 0, 0
129, 0.000000, 0, 0
130, 0.000000, 0, 0
131, 0.000000, 0, 0
132, 0.000000, 0, 0
133, -319911995015521245356621824.000000, 0, -319911995015521245356621824
134, -2380072707366301187702784.000000, 75557863725914323419136, -4835703278458516698824704
135, -63248543251666304487129088.000000, 4835703278458516698824704, -319911995015521245356621824
136, -7239387818239166112595968.000000, 56668397794435742564352, -19342813113834066795298816
137, 594715207516908691249954816.000000, 5091995552216818083862413312, -319911995015521245356621824
138, -6706716379325281143420515352838144.000000, 5091995552216818083862413312, -80480601307289828242222693102911488
139, -3095406866549220251177690721157120.000000, 19287000644964651175929446400, -80480601307289828242222693102911488
140, -2140067158151807000478476224430080.000000, 1298074214633706907132624082305024, -80480601307289828242222693102911488
141, -6046988223522453342852184218271744.000000, 17864959056995140537743966602264576, -332306998946228968225951765070086144
142, -84401870566412085677858068889600.000000, 333312879697510068256039399063552, -5192296858534827628530496329220096
143, -66771423273538991231686437502976.000000, 333312879697510068256039399063552, -5192296858534827645981944885280768
144, -3161338440756004747807083859017728.000000, 293364772507217761011973042600935424, -332306998946228968225951765070086144
145, -4786034720867084784539067173830656.000000, 1298074214633706907132624082305024, -332306998946228968225951765070086144
146, -275478272526154316923687746916057088.000000, 1394509784214048629020182754143240192, -74353691014218731640554455634618089472
147, -129548197539743651549363497336832.000000, 1329227995789522541407846399186305024, -332306998946228968225951765070086144
148, 237803844441694753494312902008504320.000000, 85071495765415795310032257162546249728, -332306998946228963614265334325837824
149, -29841223273597692796783960252219392.000000, 1329227996945487020917092502820880384, -11465261403079637394187332876742164480
150, -343764594607474412127719547033616384.000000, 1394509784214048633631869322326441984, -85070591730234615865843651857942052864
151, -27300337110761663630781768267726848.000000, 1329227996922459581354999395347595264, -11465261403079637394187332876742164480
152, -18014111078584397723051690104455168.000000, 5005374171472831319769353890151006208, -11465261403079599615471642701694238720
153, -163619511137283482450648570477412352.000000, 5005374171472831319769353890151006208, -74353691014222496473447636014286766080
154, -308390873540516190267000991772573696.000000, 5005374171627573824680026424517591040, -74353691014222496473447636014286766080
155, -49661292219800978621122709353922560.000000, 85070591729925130853574357124793761792, -74447420017496131525062926658722332672
156, -591008746810874819835845380549902336.000000, 120974738139375200809357862090657759232, -85070591730295307701429926006519824384
157, -265599557321274797492385453986283520.000000, 120974738139916799576512529679274475520, -85070591731472555886677465600595656704
158, -766587415193977761989773622314532864.000000, 87957508783541365241199127746075951040, -85071098795427751908959759437916274688
159, -1129134304896553526165413491348865024.000000, 120974738145800636818243977159751761920, -85136793515257852820123731124210892800
160, -491348172243414878285601174026452992.000000, 116972064578721346116196308837835210752, -90387422583740889401996555366692814848
161, -187688209947432222871067948780355584.000000, 120980516813363331321479814857844064256, -85136694126738091704543742654390730752
162, -294972350256356594018093764463034368.000000, 116972470229322776463053705016500026880, -85070419409525029683876902036611465216
163, -335292782604759167882106478706819072.000000, 340282366913196358484543850612202127488, -131640322608069333431958825931416649728
164, -161279692796145176909045772570329088.000000, 340282366922790360027788700539741454464, -131759796101733303081047097374769356864
165, -162999760120364667300640470931079168.000000, 340282366922790511104607021912744116224, -171365264821286973408861843442337251328
166, -490394085961735314485742923795136512.000000, 340282366919081672663648108983863132160, -172777692882000781160600143036210544640
167, -249464692813777194232187929275400192.000000, 121956668612887321408111227811851010176, -85107267407764061239564033358260338176
168, -1096473013381336382559698523084816384.000000, 123852019224730902017928653237964931584, -90741174442738680852118840030822203392
169, -973648667407734776985944896485457920.000000, 340281721375076575241385481458755009536, -142778063484725863918719820211100481536
170, 79714998437589981881767426963537920.000000, 340365607475791240334019098768028008448, -170676000227600239284863671413923586496
171, -138763748663819098809387068417900544.000000, 340738872271092344034973844469573287936, -170545522467753269833441905229190834304
172, -2559848586665660286821589777664442368.000000, 340282363863662963985219718602261393536, -297736362251381210178270114488481234944
173, -669618934499342654153272656186572800.000000, 340282364318903301860841347627247863680, -297736049963212784910354228905557721088
174, 1455982391630672819779716055354572800.000000, 393700478315164455768678329540245669376, -171194864059193284430484945129854314688
175, 998427799508605887853052314966294528.000000, 393700478238265129902991038128756311552, -170535442903765704269181292923010816192
176, -551012549362762947951950909273014272.000000, 340282443002497739633279346579249156032, -303080279904408930879984187263771769920
177, 846913309826579163926696292035592192.000000, 342395767826602894106707559853953517568, -245906425378365477572088377746577798144
178, 741085266022953343952776590471987200.000000, 341081961534175458640337938400972179456, -276099444648712468472690452183111247232
179, 3028837100607824642661409205436547072.000000, 345852945462985868872869695337820129280, -245937093937312164672775748503960530432
180, 191813371598959421367757584862281728.000000, 342011858760735035394693049687589849088, -276441606470943290078901152056672407440
181, 2831501189460493663002506551200055296.000000, 341907898577432066487832540435181094912, -276434470790092070445411964300042030736
182, 1926564842061996152112516576961363968.000000, 354470661079660223365667722929730253856, -276453471361682779900669888814797596832
183, 2165306887810933609696654968290803712.000000, 416016704242422966655817329726431542784, -277108065906987291163280985769447934864
184, 3811137408538313285672864149852389376.000000, 345562425174664076714402143984727099392, -278032303251697410691343905675880368960
185, 1437441974583368559891933413981028352.000000, 417858253230706648007934562029187627904, -281097612868007478272867455132038062720
186, -635954617060941816291990472834940928.000000, 415984618193503143095075618973980584192, -341127866061677727892826907519989736384
187, 49298077030413867325929970380832768.000000, 416043038384600677234016286882117267776, -287949121578643441487730512306241590784
188, 1448271535618482922399498688203325440.000000, 341811448813473507800298899883950462016, -360164678253462138015419746245105281568
189, -846035772905801668994729600333381632.000000, 339279760593636586244785487282028491264, -341702902393255210928569563497117082752
190, 3634394179715476672940346037933965312.000000, 374833289186361837714024469347723834720, -340220906264133444655814459315389917600
191, 2522985010565716585223742241871233024.000000, 340672225689464278962248465633122164288, -325223169668907969168048322358967807808
192, 3553062593947900444099343218626265088.000000, 436195906057639075725933152343090557648, -350524721830287815050900399402741008576
193, 3047883958557493485431008153965690880.000000, 436349325263375136238046532833125110976, -362557252547914251793645912194081290816
194, 6948899178667900839886887043534422016.000000, 352844242770810533793534438685136393728, -288127583192616980937076817211980044480
195, 4862219465273572695344438287961948160.000000, 346646040160728099817424823767889152960, -356108991796726836494952525266634971456
196, 4258612774160415070100356950030024704.000000, 377736001935386057118393837345852169776, -405935007928681665706859858946240688144
197, 4416815391266329748090409089132134400.000000, 334220454551835580723297613186293739840, -405840695684773678883545149227342786176
198, 3844135927487358918773255497962225664.000000, 423461417716419045675329503635265801232, -318885705763977359549626333079264430144
199, 7560677686342545658707170173988634624.000000, 453437659612750459208170103254986637440, -279692264928155269407084945630155196272
200, 5524115590509360118527789861754109952.000000, 398671220216192229639281248831372934704, -372299020370218394960356808428059677344
201, 4117817589880399411041931837904519168.000000, 416647341968097565267611509877135272352, -394012743735698744957763783584041000048
202, 9065784759259524838530126690817933312.000000, 395516811440062026310388557923902104208, -430896697440804135405209774851481833344
203, 3592368636308139307512005028353146880.000000, 443036091675492937107426866030392654656, -429013586980806021645664141034239037568
204, 5930108162918901764346477342902714368.000000, 443483929167748215362719157355048156224, -420871784368932055797128643986694861184
205, 5761367093052246283803336186150256640.000000, 423543814489234826781877887510836101760, -509891459037273754086378840421780079488
206, 2642299278846136368139931985983307776.000000, 538222872870578658497177011140440978368, -505947385764599804669915573125193451392
207, 1878326279373518560753662837011775488.000000, 360875024695550182687460495906244141936, -505307622907537559759196339354837177216
208, 4961144319416294579395568918998286336.000000, 337653162292596207684783554248091629584, -511928176153861625889864309135815362432
209, 4445467056651640753917958430220353536.000000, 409189715627590690969628579502785358080, -501094450764025080853635282697664104832
210, 3385020917889522227554308154936262656.000000, 418356795157821913605744182099558353152, -498547763913306583718692669511932177280
211, 3280305810479999097540591630386462720.000000, 392277301535574092595925264564676667584, -478263437590118665176614045530542382896
212, 9319797290186455272627726007769497600.000000, 376680878438445863502918707874667402976, -492877114239993116715920262372844260208
213, 13424628401638311296522855443085656064.000000, 403775454245484129311591757168975159680, -524090020381622469944740759371956808576
214, 11355857188454001974689067025693671424.000000, 427490804649409023848712932374812928576, -503794599816946304686847767578931568496
215, 14550043894003425234291333312116948992.000000, 404403592865186612369647650507504060800, -438366825219795731625214666165196851584
216, 19744713171837287157609235764329054208.000000, 355530941980821732712006500200562919808, -437949980412509780821484212966786195840
217, 12886283016915274559524400489528557568.000000, 512601435485786596435250824108780939328, -511772692378868944852651532908472761544
218, 13648717603479094049440185809058660352.000000, 583033430065882199496228221755541977340, -442920065209454969086197081293593479964
219, 19470891346672230128232291027090669568.000000, 509772694985680049161998438667637623680, -561409813714358862617286924643978869696
220, 20222123988034152599687786371791978496.000000, 344643646318169874517714891066730315024, -513082732287687133277075174250766494096
221, 22561767472105869433037329049541672960.000000, 458453433310445309168714047937559662704, -504092085184764748623135817707386909168
222, 14229653778540215649123252705469399040.000000, 385502385768860287946401878404030767832, -553302942856206548410588505336356869832
223, 16061144255805281644993056710879870976.000000, 428306897943375179322728232095243838032, -615413374619837669018287580947324133288
228, 13044017066367603806100511682467987456.000000, 476306921361531712873687875806612728512, -560933491464466794782264637639665363912
233, 22329112034217903024029391018465951744.000000, 534987221930227582566243985548720078964, -439371535281727669303910492246941161016
238, 2175011003322647276408385659264303104.000000, 541820270468991695648018619782677921448, -524421310378148411416160510776070846120
243, 18674337047341649340807615737531203584.000000, 549111584082178365144555407287257100184, -516888223814080099395311305942480401328
248, -17171092761304791711516002444923371520.000000, 596495256901084004233952272355768383892, -585366181826445138987285220462432723344
253, -38851104678728690475626095447742873600.000000, 489713737874754789461866745854361137924, -538820372394746801314304253873162954696
258, -56133995564653389916660386501561942016.000000, 549081847913626313517646567333711247028, -552656918201677012415861184607753365596
263, -48641228011876217164289704559961440256.000000, 594101525023520867663036610868106147524, -543047294340795854787495257379401184328
268, -51582933634833274657170001473245806592.000000, 589067758004006611455437790335970445272, -657772041625411573882754016540464463266
273, -36331883306842025067154025218870083584.000000, 435503271847998429439848841695114894096, -582510827480977288371122356603740447324
278, -37719741041020040822212885752372527104.000000, 465961728095885344516639429620130411939, -582417221000034567232228936782811274844
283, -9549983915557371881281418648382078976.000000, 583014964121031959665248402973016550392, -552553412757338411550157566889446549530
288, -22339965998916704560844769660736897024.000000, 479723364194107079915236487003010348408, -615480202978846419785519994702452368376
293, -2257159185183595230182508114128928768.000000, 542704638252200534353477233200583941645, -449856143236630687564977158796455651689
298, -12765303926826467215445682901781315584.000000, 559497160405041732799409276141929443792, -573333097460643659778752659894919075284
303, 25060302508085802446405957407995854848.000000, 527651789550273536993861377535021899308, -532557848470270346806467530739859290308
308, 64654734174393571938683344293808046080.000000, 602941924912095261034921499626574285394, -523320956087802862297650623218184442830
313, 52255194499936700007237092924888973312.000000, 522013183308049220198068930792488823766, -430120896870133670706717910454249676338
318, 63256124573428195199624463904610975744.000000, 565162957413698225606135378339870279042, -454107390005197409518378186205095664688
323, 27205619275688228681887143932352004096.000000, 501939190050312602541266878551444935586, -437225941927743708787169349175548729472
334, 19998416852983360768204777217782185984.000000, 479307809231770975684861357081845311954, -535772415863771694701819294671456019450
345, -8736934555472257893323317558659514368.000000, 511840560102598717714175667142339066531, -538806496108805517847285416286200435854
355, -38524341759930553006063557983447547904.000000, 471492342923796461451760312688097020492, -561632694684558431238325798026408057228
365, -34022871984704127593057616735288426496.000000, 432329817031706322703583714098812802506, -607095939042082250411572767776865368310
375, -44282633682079428298565206683640922112.000000, 477827921293815485852499726445043376550, -608480758645683478129870427444669112074
385, -66234100911346804648389927655100645376.000000, 542865778035586621003783225177309367612, -1249579387357731063912784954141344836001
395, -51179774507852750607601521289829810176.000000, 706006151364663058452134595733569126232, -1229839517031661813446969651148425782422
405, -22214046312425946863045296166092668928.000000, 790883079685416734059196539025691796203, -1455266872700040668906763552937502190083
415, -45874832404590871911869176498945523712.000000, 731579543905469780429525241766870617609, -1449406175077145064051657639552998641553
425, 23476790166618499079933730356048429056.000000, 595913454044208385034931724816007782439, -1285368191213781429975406534382727735413
450, 171114648360967501896061652511976587264.000000, 711268778118868432557928345892465246591, -1373632081437490836353385386108519894939
475, 153094586543713306977667142295452909568.000000, 1186949692199799034694687677670869717061, -1525483942497200153402692855996960125984
500, -209615938948540536111237421536089473024.000000, 1138057992900905047872016051407433396751, -1219360487730170447336979314886355208907
525, 22892293913040218370469333327270641664.000000, 1078067655152438407290854686477441872156, -989085647176524279203746790801272830815
550, -21168888594096770657046999634301419520.000000, 1379602281041639359086218575716609027932, -1208613532542486499773759687125636297399
575, 139085511724488680614416978456407441408.000000, 1414440829940079275872889163763110810869, -1016179834623041856960644195860330962613
600, 41017727923089667284330674256871424.000000, 380367601903388017989636332102162006772, -368091836728584535114534506410534667865
